0 0.92109375 0.52734375 0.1375 0.11875
0 0.93515625 0.90390625 0.1296875 0.1921875
0 0.15625 0.025 0.1203125 0.05
0 0.8328125 0.06171875 0.253125 0.1234375
0 0.95625 0.03984375 0.0875 0.0796875
0 0.94765625 0.05 0.103125 0.1
0 0.0515625 0.04609375 0.103125 0.0921875
0 0.303125 0.02734375 0.134375 0.053125
0 0.953125 0.0453125 0.09375 0.090625
0 0.396875 0.0296875 0.14375 0.059375
0 0.93984375 0.053125 0.1203125 0.10625
0 0.96015625 0.17578125 0.0796875 0.153125
0 0.6203125 0.453125 0.3875 0.321875