0 0.75234375 0.9875 0.0546875 0.025
0 0.021875 0.746875 0.04375 0.078125
0 0.0203125 0.8296875 0.040625 0.071875
0 0.0140625 0.93125 0.028125 0.065625
0 0.01484375 0.98515625 0.0296875 0.0296875
0 0.01875 0.98359375 0.0375 0.0328125
0 0.50078125 0.38984375 0.04375 0.04375
0 0.5703125 0.021875 0.05625 0.04375
0 0.24453125 0.98359375 0.0421875 0.0328125
0 0.32265625 0.9890625 0.0375 0.021875
0 0.009375 0.71875 0.01875 0.0421875
0 0.0109375 0.865625 0.021875 0.046875
0 0.015625 0.27890625 0.03125 0.0578125
0 0.00703125 0.34921875 0.0140625 0.034375
0 0.01484375 0.225 0.0296875 0.065625
0 0.01171875 0.2375 0.0234375 0.05625
0 0.009375 0.25 0.01875 0.040625
0 0.76015625 0.028125 0.04375 0.05625
0 0.76171875 0.171875 0.046875 0.053125
0 0.72265625 0.28828125 0.040625 0.046875
0 0.78203125 0.3328125 0.05625 0.065625
0 0.659375 0.45625 0.046875 0.0578125
0 0.85390625 0.7109375 0.053125 0.046875
0 0.51328125 0.9921875 0.0296875 0.015625
0 0.5703125 0.990625 0.0359375 0.01875
0 0.53984375 0.9921875 0.03125 0.015625
0 0.54296875 0.990625 0.034375 0.01875
0 0.640625 0.98984375 0.034375 0.0203125
0 0.709375 0.9875 0.046875 0.025
0 0.73515625 0.9859375 0.0375 0.028125
0 0.77734375 0.9875 0.0578125 0.025
0 0.97265625 0.9828125 0.053125 0.034375
0 0.9109375 0.9109375 0.046875 0.05625
0 0.04765625 0.809375 0.0359375 0.0390625
0 0.82890625 0.9890625 0.0421875 0.021875
0 0.8140625 0.990625 0.03125 0.01875
0 0.48125 0.990625 0.034375 0.01875
0 0.1953125 0.65390625 0.040625 0.04375
0 0.153125 0.76484375 0.0421875 0.0546875
0 0.0140625 0.465625 0.028125 0.0640625
0 0.01796875 0.59921875 0.0359375 0.10625
0 0.50234375 0.2953125 0.0359375 0.034375
0 0.4 0.509375 0.1078125 0.1375