0 0.58828125 0.56328125 0.040625 0.04375
0 0.58828125 0.68203125 0.025 0.025
0 0.58515625 0.66796875 0.0125 0.0125
0 0.5703125 0.67265625 0.021875 0.0203125
0 0.5671875 0.65234375 0.009375 0.0078125
0 0.65078125 0.7328125 0.015625 0.01875
0 0.6453125 0.87734375 0.025 0.0296875
0 0.628125 0.921875 0.0125 0.015625
0 0.684375 0.9953125 0.021875 0.009375
0 0.47421875 0.715625 0.0203125 0.0203125
0 0.446875 0.62109375 0.025 0.021875
0 0.0078125 0.915625 0.015625 0.040625
0 0.01796875 0.1546875 0.0359375 0.0578125
0 0.02890625 0.06875 0.0578125 0.08125
0 0.02109375 0.44375 0.0421875 0.096875
0 0.0171875 0.53671875 0.034375 0.0703125
0 0.26015625 0.53515625 0.021875 0.025
0 0.4140625 0.2828125 0.025 0.0296875
0 0.02734375 0.9796875 0.053125 0.040625
0 0.025 0.97421875 0.05 0.0515625
0 0.5015625 0.9953125 0.0125 0.009375
0 0.88125 0.98515625 0.078125 0.0296875
0 0.56328125 0.76875 0.021875 0.025
0 0.57265625 0.79609375 0.015625 0.0203125
0 0.584375 0.64609375 0.009375 0.015625