0 0.89296875 0.1109375 0.2140625 0.221875
0 0.34296875 0.13515625 0.3578125 0.2703125
0 0.87109375 0.68984375 0.2578125 0.471875
0 0.81796875 0.0296875 0.1015625 0.059375
0 0.5796875 0.03671875 0.15625 0.0734375
0 0.41484375 0.02890625 0.09765625 0.0578125
0 0.97265625 0.15703125 0.05390625 0.14609375
0 0.97890625 0.1203125 0.0421875 0.07578125
0 0.978125 0.0296875 0.04375 0.059375
0 0.96953125 0.021875 0.0609375 0.04375
0 0.97109375 0.02890625 0.0578125 0.0578125
0 0.97265625 0.021875 0.05390625 0.04375
0 0.96875 0.021875 0.06171875 0.04375
0 0.46484375 0.38515625 0.071875 0.08828125
0 0.509375 0.56328125 0.08984375 0.0859375