0 0.61171875 0.49609375 0.34765625 0.27578125
0 0.446875 0.85625 0.29765625 0.2796875
0 0.2296875 0.4546875 0.14765625 0.14609375
0 0.75625 0.1421875 0.1203125 0.128125
0 0.67890625 0.028125 0.134375 0.05625
0 0.8421875 0.02421875 0.11171875 0.04765625
0 0.98203125 0.25625 0.0359375 0.08828125
0 0.97578125 0.6640625 0.04765625 0.1
0 0.98046875 0.853125 0.0390625 0.078125
0 0.25703125 0.659375 0.11015625 0.0859375
0 0.246875 0.60078125 0.0640625 0.071875
0 0.4078125 0.1390625 0.115625 0.10234375
0 0.95078125 0.49609375 0.09609375 0.0703125