0 0.3609375 0.98984375 0.03828125 0.0203125
0 0.346875 0.83203125 0.078125 0.071875
0 0.13125 0.771875 0.05390625 0.06015625
0 0.31484375 0.70703125 0.165625 0.1421875
0 0.68515625 0.02109375 0.0421875 0.0421875
0 0.41796875 0.0390625 0.12421875 0.078125
0 0.5890625 0.971875 0.11015625 0.05625
0 0.75390625 0.565625 0.4921875 0.86796875
0 0.1453125 0.309375 0.28984375 0.61796875
0 0.2421875 0.2171875 0.07578125 0.0703125
0 0.1984375 0.9734375 0.046875 0.053125
0 0.5078125 0.84609375 0.0578125 0.0578125