0 0.8890625 0.89296875 0.221875 0.2140625
0 0.86484375 0.34296875 0.2703125 0.3578125
0 0.31015625 0.87109375 0.471875 0.2578125
0 0.9703125 0.81796875 0.059375 0.1015625
0 0.96328125 0.5796875 0.0734375 0.15625
0 0.97109375 0.41484375 0.0578125 0.096875
0 0.84296875 0.97265625 0.146875 0.0546875
0 0.8796875 0.97890625 0.075 0.0421875
0 0.9703125 0.978125 0.059375 0.04375
0 0.978125 0.96953125 0.04375 0.0609375
0 0.97109375 0.97109375 0.0578125 0.0578125
0 0.978125 0.97265625 0.04375 0.053125
0 0.978125 0.96875 0.04375 0.0625
0 0.61484375 0.46484375 0.0875 0.071875
0 0.43671875 0.509375 0.0859375 0.090625