0 0.975 0.028125 0.05 0.05625
0 0.02734375 0.065625 0.05390625 0.128125
0 0.025 0.06875 0.05 0.12578125
0 0.31796875 0.0953125 0.1078125 0.12578125
0 0.1 0.1 0.0921875 0.09609375
0 0.4171875 0.271875 0.078125 0.11171875
0 0.02734375 0.028125 0.05390625 0.05625
0 0.02421875 0.496875 0.04765625 0.1296875
0 0.9796875 0.54609375 0.03984375 0.19609375
0 0.48203125 0.61875 0.18828125 0.18203125
0 0.02421875 0.665625 0.04765625 0.1359375
0 0.03203125 0.978125 0.0640625 0.04375
0 0.815625 0.028125 0.10390625 0.05625
0 0.028125 0.52578125 0.05625 0.115625
0 0.01796875 0.49375 0.0359375 0.084375
0 0.02734375 0.39921875 0.05390625 0.08984375
0 0.10234375 0.32578125 0.1296875 0.1078125
0 0.0359375 0.25078125 0.071875 0.065625
0 0.02421875 0.3046875 0.04765625 0.0859375
0 0.021875 0.20703125 0.04375 0.09765625
0 0.02265625 0.884375 0.0453125 0.071875
0 0.021875 0.6921875 0.04375 0.115625
0 0.4359375 0.0859375 0.09765625 0.1140625
0 0.3671875 0.028125 0.1296875 0.05625
0 0.4875 0.0296875 0.125 0.059375
0 0.109375 0.02578125 0.140625 0.0515625
0 0.02578125 0.02109375 0.0515625 0.0421875
0 0.0203125 0.02109375 0.03984375 0.0421875
0 0.0234375 0.01875 0.046875 0.0375
0 0.8921875 0.63828125 0.1703125 0.13203125
0 0.6609375 0.46875 0.14765625 0.128125
0 0.5796875 0.2953125 0.121875 0.121875