0 0.009375 0.64296875 0.01796875 0.05
0 0.396875 0.32890625 0.03203125 0.03203125
0 0.33125 0.334375 0.04609375 0.0421875
0 0.98046875 0.8 0.0390625 0.05
0 0.990625 0.8078125 0.01796875 0.028125
0 0.990625 0.74296875 0.01796875 0.03828125
0 0.9921875 0.79765625 0.015625 0.028125
0 0.98984375 0.9890625 0.0203125 0.021875
0 0.315625 0.796875 0.03984375 0.03828125
0 0.96953125 0.12890625 0.0609375 0.0390625
0 0.425 0.690625 0.04609375 0.0421875
0 0.91796875 0.73671875 0.05 0.03984375
0 0.8171875 0.73125 0.0359375 0.034375
0 0.63515625 0.6796875 0.03828125 0.0296875
0 0.6203125 0.303125 0.05234375 0.05234375
0 0.71484375 0.2328125 0.04765625 0.03828125
0 0.575 0.159375 0.05 0.04765625
0 0.87109375 0.25703125 0.04375 0.03984375
0 0.98671875 0.10234375 0.02578125 0.05234375
0 0.9890625 0.18125 0.021875 0.03828125