0 0.8859375 0.621875 0.071875 0.084375
0 0.80234375 0.6171875 0.053125 0.046875
0 0.7796875 0.46875 0.0640625 0.05
0 0.76875 0.5578125 0.0421875 0.0359375
0 0.53671875 0.66796875 0.053125 0.05625
0 0.49296875 0.81875 0.03125 0.040625
0 0.4453125 0.690625 0.034375 0.0375
0 0.428125 0.7703125 0.046875 0.0359375
0 0.38125 0.6140625 0.053125 0.04375
0 0.359375 0.13203125 0.246875 0.2078125
0 0.19609375 0.68828125 0.0640625 0.05625
0 0.0546875 0.48828125 0.0421875 0.040625
0 0.56875 0.9921875 0.0296875 0.015625
0 0.56875 0.9921875 0.0296875 0.015625
0 0.42265625 0.96796875 0.025 0.0296875
0 0.53828125 0.8390625 0.021875 0.025
0 0.56796875 0.8359375 0.025 0.025
0 0.51171875 0.7328125 0.034375 0.04375
0 0.5 0.5890625 0.0375 0.04375
0 0.484375 0.56328125 0.0296875 0.0296875
0 0.540625 0.4671875 0.0421875 0.0359375
0 0.47265625 0.5828125 0.015625 0.01875
0 0.353125 0.53515625 0.0375 0.0421875
0 0.3203125 0.390625 0.0296875 0.0359375
0 0.30625 0.4703125 0.021875 0.025
0 0.290625 0.56875 0.03125 0.040625
0 0.34296875 0.68984375 0.0359375 0.046875
0 0.27734375 0.72109375 0.0296875 0.03125
0 0.15390625 0.7140625 0.025 0.01875
0 0.16484375 0.5578125 0.021875 0.0203125
0 0.14375 0.5328125 0.0359375 0.040625
0 0.1109375 0.55390625 0.01875 0.025
0 0.1140625 0.5703125 0.015625 0.028125
0 0.1078125 0.5078125 0.028125 0.025
0 0.03125 0.52109375 0.025 0.025
0 0.0578125 0.61328125 0.0296875 0.0296875
0 0.38671875 0.17265625 0.0421875 0.040625
0 0.53828125 0.12421875 0.021875 0.0296875
0 0.540625 0.07109375 0.025 0.028125
0 0.63671875 0.3390625 0.0203125 0.0203125
0 0.71171875 0.81171875 0.0296875 0.0296875
0 0.7296875 0.79296875 0.034375 0.028125
0 0.746875 0.8859375 0.0203125 0.025
0 0.840625 0.878125 0.021875 0.025
0 0.8203125 0.87734375 0.0140625 0.0203125
0 0.934375 0.92265625 0.0203125 0.015625
0 0.9796875 0.91796875 0.03125 0.03125
0 0.99296875 0.721875 0.0140625 0.028125
0 0.9953125 0.6109375 0.009375 0.028125
0 0.99296875 0.7453125 0.0140625 0.021875
0 0.9953125 0.8234375 0.009375 0.028125
0 0.99375 0.91171875 0.0125 0.0328125
0 0.9953125 0.9515625 0.009375 0.025
0 0.98984375 0.98984375 0.0203125 0.0203125
0 0.990625 0.9921875 0.01875 0.015625
0 0.35390625 0.99453125 0.0171875 0.0109375
0 0.246875 0.9109375 0.028125 0.025
0 0.23125 0.8578125 0.0203125 0.025
0 0.215625 0.85703125 0.021875 0.028125
0 0.21015625 0.865625 0.03125 0.0203125
0 0.17265625 0.9578125 0.0203125 0.021875
0 0.2109375 0.98984375 0.0296875 0.0203125
0 0.1703125 0.9921875 0.025 0.015625
0 0.16328125 0.99296875 0.0296875 0.0140625
0 0.16015625 0.9890625 0.03125 0.021875
0 0.01328125 0.99375 0.025 0.0125
0 0.10390625 0.07578125 0.028125 0.025
0 0.99296875 0.1546875 0.0140625 0.0296875
0 0.971875 0.28828125 0.03125 0.0359375
0 0.95078125 0.27578125 0.0296875 0.040625
0 0.9921875 0.12265625 0.015625 0.034375
0 0.990625 0.0859375 0.01875 0.0359375
0 0.9921875 0.06875 0.015625 0.034375
0 0.990625 0.009375 0.01875 0.01875
0 0.99375 0.075 0.0125 0.025
0 0.99296875 0.17890625 0.0140625 0.025