0 0.94453125 0.0421875 0.1109375 0.084375
0 0.9921875 0.01484375 0.015625 0.0296875
0 0.6203125 0.12265625 0.578125 0.2453125
0 0.89609375 0.0578125 0.2078125 0.115625
0 0.9859375 0.01171875 0.025 0.0234375
0 0.99375 0.01015625 0.01171875 0.0203125
0 0.9796875 0.0203125 0.03984375 0.03984375
0 0.9921875 0.009375 0.015625 0.01796875
0 0.509375 0.10625 0.4578125 0.21171875
0 0.97890625 0.02265625 0.0421875 0.0453125
0 0.9828125 0.35390625 0.034375 0.05234375
0 0.98203125 0.36796875 0.0359375 0.06796875
0 0.9890625 0.4890625 0.021875 0.06171875
0 0.98984375 0.59609375 0.0203125 0.0359375
0 0.2953125 0.64296875 0.58984375 0.7140625
0 0.9921875 0.7578125 0.015625 0.03984375
0 0.95 0.77578125 0.1 0.19609375