0 0.38828125 0.50390625 0.346875 0.275
0 0.553125 0.14375 0.2984375 0.2796875
0 0.7703125 0.5453125 0.146875 0.146875
0 0.24375 0.8578125 0.1203125 0.128125
0 0.32109375 0.971875 0.134375 0.05625
0 0.1578125 0.97578125 0.1125 0.046875
0 0.01796875 0.74375 0.0359375 0.0875
0 0.02421875 0.3359375 0.0484375 0.1
0 0.01953125 0.146875 0.0390625 0.078125
0 0.74296875 0.340625 0.109375 0.0859375
0 0.753125 0.39921875 0.0640625 0.071875
0 0.5921875 0.8609375 0.115625 0.103125
0 0.04921875 0.50390625 0.096875 0.0703125