0 0.43671875 0.41171875 0.04375 0.040625
0 0.31796875 0.41171875 0.025 0.025
0 0.33203125 0.41484375 0.0125 0.0125
0 0.32734375 0.4296875 0.0203125 0.021875
0 0.34765625 0.4328125 0.0078125 0.009375
0 0.2671875 0.34921875 0.01875 0.015625
0 0.12265625 0.3546875 0.0296875 0.0265625
0 0.078125 0.371875 0.015625 0.0125
0 0.0046875 0.315625 0.009375 0.021875
0 0.284375 0.52578125 0.0203125 0.0203125
0 0.37890625 0.553125 0.021875 0.025
0 0.084375 0.9921875 0.040625 0.015625
0 0.8453125 0.98203125 0.0578125 0.0359375
0 0.93125 0.97109375 0.08125 0.0578125
0 0.55625 0.97890625 0.096875 0.0421875
0 0.46328125 0.9828125 0.0703125 0.034375
0 0.46484375 0.73984375 0.025 0.021875
0 0.7171875 0.5859375 0.0296875 0.025
0 0.0203125 0.97265625 0.040625 0.053125
0 0.02578125 0.975 0.0515625 0.05
0 0.0046875 0.4984375 0.009375 0.0125
0 0.01484375 0.11875 0.0296875 0.078125
0 0.23125 0.43671875 0.025 0.021875
0 0.20390625 0.42734375 0.0203125 0.015625
0 0.35390625 0.415625 0.015625 0.009375