0 0.028125 0.025 0.05625 0.05
0 0.065625 0.97265625 0.128125 0.0546875
0 0.06875 0.975 0.125 0.05
0 0.0953125 0.68203125 0.125 0.1078125
0 0.1 0.9 0.096875 0.0921875
0 0.271875 0.5828125 0.1125 0.078125
0 0.028125 0.97265625 0.05625 0.0546875
0 0.496875 0.97578125 0.1296875 0.0484375
0 0.54609375 0.0203125 0.196875 0.040625
0 0.61875 0.51796875 0.18125 0.1875
0 0.665625 0.97578125 0.1359375 0.0484375
0 0.978125 0.96796875 0.04375 0.0640625
0 0.028125 0.184375 0.05625 0.103125
0 0.52578125 0.971875 0.115625 0.05625
0 0.49375 0.98203125 0.084375 0.0359375
0 0.39921875 0.97265625 0.090625 0.0546875
0 0.32578125 0.89765625 0.1078125 0.1296875
0 0.25078125 0.9640625 0.065625 0.071875
0 0.3046875 0.97578125 0.0859375 0.0484375
0 0.20703125 0.978125 0.096875 0.04375
0 0.884375 0.97734375 0.071875 0.0453125
0 0.6921875 0.978125 0.115625 0.04375
0 0.0859375 0.5640625 0.1140625 0.096875
0 0.028125 0.6328125 0.05625 0.1296875
0 0.0296875 0.5125 0.059375 0.125
0 0.02578125 0.890625 0.0515625 0.140625
0 0.02109375 0.97421875 0.0421875 0.0515625
0 0.02109375 0.9796875 0.0421875 0.040625
0 0.01875 0.9765625 0.0375 0.046875
0 0.63828125 0.1078125 0.13125 0.1703125
0 0.46875 0.3390625 0.128125 0.146875
0 0.2953125 0.4203125 0.121875 0.121875