0 0.559375 0.0328125 0.178125 0.065625
0 0.0171875 0.01875 0.034375 0.0375
0 0.153125 0.15625 0.30625 0.31171875
0 0.0359375 0.0421875 0.071875 0.084375
0 0.03515625 0.03828125 0.0703125 0.07578125
0 0.915625 0.028125 0.1 0.05625
0 0.034375 0.034375 0.06796875 0.06796875
0 0.57734375 0.228125 0.20625 0.228125
0 0.11328125 0.30078125 0.22578125 0.44609375
0 0.07265625 0.6921875 0.1453125 0.296875
0 0.41171875 0.04296875 0.1640625 0.0859375
0 0.053125 0.90546875 0.10625 0.1890625
0 0.0265625 0.9515625 0.053125 0.096875