0 0.12109375 0.146875 0.2421875 0.29375
0 0.5 0.44921875 1 0.89765625
0 0.95546875 0.94765625 0.0890625 0.0921875
0 0.17578125 0.8953125 0.071875 0.0578125
0 0.02265625 0.69609375 0.0453125 0.0734375
0 0.01015625 0.72421875 0.0203125 0.03984375
0 0.01796875 0.31171875 0.0359375 0.0640625
0 0.03984375 0.31796875 0.03984375 0.028125
0 0.5046875 0.303125 0.05390625 0.05390625
0 0.46171875 0.1828125 0.0640625 0.03203125
0 0.16171875 0.3921875 0.08203125 0.08203125
0 0.34609375 0.425 0.05390625 0.04375