0 0.62734375 0.975 0.075 0.05
0 0.9921875 0.77421875 0.015625 0.03125
0 0.85625 0.98671875 0.04375 0.025
0 0.3953125 0.76484375 0.05 0.0421875
0 0.0109375 0.88984375 0.021875 0.040625
0 0.0109375 0.9921875 0.021875 0.015625
0 0.00703125 0.996875 0.0140625 0.00625
0 0.17421875 0.99296875 0.028125 0.0140625
0 0.3140625 0.99296875 0.028125 0.0140625
0 0.05546875 0.99453125 0.0265625 0.0109375
0 0.08984375 0.99375 0.0359375 0.0125
0 0.85078125 0.49296875 0.0421875 0.034375
0 0.97109375 0.21796875 0.0421875 0.0296875
0 0.0078125 0.053125 0.015625 0.034375