0 0.378125 0.3328125 0.0578125 0.0578125
0 0.72578125 0.38828125 0.2 0.2203125
0 0.28828125 0.98203125 0.075 0.0359375
0 0.3546875 0.434375 0.059375 0.059375
0 0.25078125 0.99375 0.025 0.0125
0 0.28203125 0.99375 0.028125 0.0125
0 0.2671875 0.996875 0.0140625 0.00625
0 0.25234375 0.996875 0.015625 0.00625
0 0.25 0.97109375 0.01875 0.025
0 0.2453125 0.94375 0.01875 0.0140625
0 0.175 0.90625 0.015625 0.0140625
0 0.18671875 0.9859375 0.009375 0.0140625
0 0.17109375 0.98515625 0.0078125 0.0109375
0 0.20390625 0.99609375 0.015625 0.0078125
0 0.18203125 0.996875 0.015625 0.00625
0 0.16875 0.99609375 0.00625 0.0078125
0 0.20234375 0.996875 0.015625 0.00625
0 0.18828125 0.99765625 0.0078125 0.0046875
0 0.18125 0.996875 0.0140625 0.00625
0 0.3546875 0.99609375 0.01875 0.0078125
0 0.353125 0.996875 0.01875 0.00625
0 0.33984375 0.99765625 0.015625 0.0046875
0 0.33046875 0.9953125 0.0265625 0.009375
0 0.29921875 0.99375 0.025 0.0125
0 0.3 0.996875 0.015625 0.00625
0 0.309375 0.99609375 0.0140625 0.0078125
0 0.30390625 0.8828125 0.025 0.0203125
0 0.246875 0.996875 0.021875 0.00625
0 0.240625 0.9953125 0.021875 0.009375
0 0.36484375 0.9953125 0.0234375 0.009375
0 0.353125 0.99375 0.021875 0.0125
0 0.2484375 0.9953125 0.025 0.009375
0 0.20703125 0.99609375 0.0140625 0.0078125
0 0.19609375 0.98125 0.0609375 0.0375
0 0.2953125 0.9953125 0.015625 0.009375
0 0.328125 0.996875 0.0203125 0.00625
0 0.33515625 0.996875 0.021875 0.00625
0 0.34609375 0.9953125 0.0171875 0.009375
0 0.2859375 0.996875 0.015625 0.00625
0 0.4171875 0.99296875 0.034375 0.0140625
0 0.38203125 0.9953125 0.0203125 0.009375
0 0.3921875 0.99765625 0.015625 0.0046875
0 0.4046875 0.99375 0.021875 0.0125
0 0.38203125 0.996875 0.015625 0.00625
0 0.39921875 0.9953125 0.0234375 0.009375
0 0.43515625 0.9953125 0.0234375 0.009375
0 0.4328125 0.99375 0.021875 0.0125
0 0.46640625 0.9953125 0.0171875 0.009375
0 0.453125 0.99609375 0.0140625 0.0078125
0 0.4578125 0.996875 0.0203125 0.00625
0 0.47734375 0.996875 0.0140625 0.00625
0 0.5203125 0.99375 0.03125 0.0125
0 0.53203125 0.99375 0.025 0.0125
0 0.54765625 0.99375 0.025 0.0125
0 0.4796875 0.9921875 0.0359375 0.015625
0 0.453125 0.9953125 0.021875 0.009375
0 0.42421875 0.92890625 0.0296875 0.03125
0 0.37578125 0.93203125 0.015625 0.015625
0 0.5953125 0.99609375 0.021875 0.0078125
0 0.54921875 0.99609375 0.01875 0.0078125
0 0.6625 0.9953125 0.021875 0.009375
0 0.6578125 0.996875 0.015625 0.00625
0 0.62265625 0.996875 0.01875 0.00625
0 0.57265625 0.996875 0.021875 0.00625
0 0.6390625 0.99609375 0.021875 0.0078125
0 0.64375 0.99765625 0.015625 0.0046875
0 0.68671875 0.99609375 0.01875 0.0078125
0 0.6359375 0.99609375 0.0203125 0.0078125
0 0.74296875 0.99296875 0.025 0.0140625
0 0.77421875 0.990625 0.0359375 0.01875
0 0.775 0.9953125 0.015625 0.009375
0 0.71796875 0.996875 0.0125 0.00625
0 0.71015625 0.9953125 0.0171875 0.009375
0 0.690625 0.9921875 0.025 0.015625
0 0.684375 0.99765625 0.0125 0.0046875
0 0.70234375 0.99609375 0.015625 0.0078125
0 0.7921875 0.996875 0.015625 0.00625
0 0.825 0.996875 0.0140625 0.00625
0 0.8109375 0.99609375 0.01875 0.0078125
0 0.71796875 0.99609375 0.015625 0.0078125
0 0.69921875 0.996875 0.01875 0.00625
0 0.69609375 0.996875 0.015625 0.00625
0 0.66171875 0.98671875 0.0125 0.0125
0 0.77734375 0.996875 0.01875 0.00625
0 0.746875 0.99609375 0.01875 0.0078125
0 0.74609375 0.996875 0.0203125 0.00625
0 0.82265625 0.99765625 0.009375 0.0046875
0 0.52421875 0.99609375 0.0125 0.0078125
0 0.51796875 0.9953125 0.0171875 0.009375
0 0.62578125 0.95390625 0.0203125 0.0203125
0 0.59296875 0.9421875 0.0203125 0.021875
0 0.60703125 0.915625 0.0203125 0.0203125
0 0.6328125 0.91171875 0.021875 0.028125
0 0.66328125 0.96171875 0.01875 0.021875
0 0.68828125 0.9890625 0.028125 0.01875
0 0.7 0.971875 0.021875 0.025
0 0.69296875 0.953125 0.021875 0.021875
0 0.71171875 0.903125 0.0421875 0.0421875
0 0.68515625 0.878125 0.028125 0.028125
0 0.68828125 0.8671875 0.0296875 0.034375
0 0.6609375 0.8296875 0.025 0.028125
0 0.63515625 0.83984375 0.025 0.01875
0 0.6296875 0.8296875 0.01875 0.025
0 0.640625 0.83125 0.028125 0.01875
0 0.62421875 0.8046875 0.025 0.025
0 0.68203125 0.759375 0.0375 0.03125
0 0.67734375 0.703125 0.025 0.021875
0 0.70703125 0.7359375 0.025 0.01875
0 0.71875 0.65625 0.0421875 0.0375
0 0.746875 0.71015625 0.025 0.025
0 0.784375 0.7171875 0.025 0.025
0 0.80390625 0.815625 0.021875 0.025
0 0.828125 0.684375 0.009375 0.021875
0 0.540625 0.94375 0.034375 0.0296875
0 0.49609375 0.953125 0.04375 0.040625
0 0.50234375 0.93828125 0.0421875 0.05
0 0.4921875 0.921875 0.0140625 0.015625
0 0.47109375 0.83828125 0.040625 0.0375
0 0.5421875 0.81328125 0.0296875 0.0359375
0 0.58203125 0.8671875 0.0203125 0.021875
0 0.590625 0.84765625 0.0140625 0.01875
0 0.44765625 0.8921875 0.01875 0.021875
0 0.484375 0.890625 0.0203125 0.021875
0 0.3796875 0.8203125 0.021875 0.0203125
0 0.375 0.76796875 0.034375 0.028125
0 0.3578125 0.72578125 0.028125 0.034375
0 0.31015625 0.696875 0.0296875 0.034375
0 0.2796875 0.77109375 0.0140625 0.015625
0 0.2703125 0.79375 0.025 0.028125
0 0.3921875 0.915625 0.0203125 0.0140625
0 0.36015625 0.91875 0.028125 0.028125
0 0.221875 0.740625 0.0296875 0.025
0 0.2296875 0.69296875 0.0359375 0.040625
0 0.196875 0.675 0.034375 0.03125
0 0.1859375 0.50703125 0.0296875 0.0296875
0 0.2203125 0.515625 0.01875 0.015625
0 0.20078125 0.49921875 0.01875 0.0203125
0 0.17578125 0.45078125 0.01875 0.01875
0 0.17578125 0.4640625 0.01875 0.0140625
0 0.17734375 0.73125 0.015625 0.0203125
0 0.1890625 0.72890625 0.0140625 0.015625
0 0.28515625 0.6640625 0.01875 0.01875
0 0.33203125 0.646875 0.028125 0.0203125
0 0.32265625 0.634375 0.0203125 0.01875
0 0.325 0.7609375 0.015625 0.015625
0 0.33671875 0.73671875 0.021875 0.028125
0 0.31875 0.73671875 0.021875 0.0203125
0 0.42421875 0.775 0.0140625 0.01875
0 0.40234375 0.70625 0.021875 0.0203125
0 0.41875 0.71015625 0.025 0.01875
0 0.409375 0.721875 0.021875 0.01875
0 0.38984375 0.7359375 0.021875 0.025
0 0.38515625 0.6609375 0.0203125 0.0125
0 0.38671875 0.640625 0.01875 0.01875
0 0.3921875 0.62265625 0.015625 0.01875
0 0.36328125 0.62109375 0.021875 0.025
0 0.3546875 0.6109375 0.01875 0.0140625
0 0.365625 0.5296875 0.021875 0.0203125
0 0.3671875 0.56875 0.021875 0.0203125
0 0.4140625 0.55703125 0.0203125 0.025
0 0.43984375 0.621875 0.021875 0.025
0 0.4546875 0.64765625 0.021875 0.025
0 0.44609375 0.665625 0.0296875 0.0375
0 0.50234375 0.64921875 0.0375 0.0296875
0 0.471875 0.55078125 0.0203125 0.021875
0 0.45078125 0.478125 0.028125 0.028125
0 0.4421875 0.48671875 0.021875 0.034375
0 0.43984375 0.4671875 0.021875 0.021875
0 0.51015625 0.48984375 0.03125 0.028125
0 0.54296875 0.51484375 0.0203125 0.028125
0 0.62265625 0.54296875 0.034375 0.03125
0 0.615625 0.51875 0.028125 0.03125
0 0.60234375 0.503125 0.01875 0.01875
0 0.6296875 0.50703125 0.015625 0.021875
0 0.6546875 0.546875 0.0296875 0.034375
0 0.59375 0.6546875 0.025 0.025
0 0.56171875 0.66328125 0.025 0.021875
0 0.57421875 0.715625 0.01875 0.015625
0 0.5703125 0.74609375 0.03125 0.028125
0 0.6 0.7640625 0.0203125 0.0203125
0 0.59765625 0.7296875 0.096875 0.090625
0 0.61328125 0.67578125 0.0640625 0.059375
0 0.62578125 0.8921875 0.23125 0.215625
0 0.5671875 0.36796875 0.040625 0.0375
0 0.54296875 0.36875 0.01875 0.025
0 0.76875 0.584375 0.021875 0.0203125
0 0.79609375 0.584375 0.025 0.0203125
0 0.81328125 0.5328125 0.021875 0.01875
0 0.8046875 0.52109375 0.021875 0.0203125
0 0.78515625 0.3796875 0.0140625 0.015625
0 0.7859375 0.36171875 0.015625 0.0140625
0 0.696875 0.4140625 0.0203125 0.021875
0 0.67734375 0.34296875 0.025 0.0203125
0 0.8 0.303125 0.015625 0.015625
0 0.58515625 0.26171875 0.021875 0.021875
0 0.56796875 0.3203125 0.01875 0.021875
0 0.46015625 0.26171875 0.025 0.025
0 0.4328125 0.303125 0.021875 0.0203125
0 0.37578125 0.259375 0.0203125 0.025
0 0.390625 0.29921875 0.028125 0.025
0 0.3671875 0.29765625 0.025 0.034375
0 0.35 0.33984375 0.021875 0.025
0 0.33203125 0.3828125 0.0203125 0.025
0 0.3140625 0.3140625 0.015625 0.01875
0 0.28828125 0.4 0.01875 0.0203125
0 0.28203125 0.421875 0.0203125 0.0203125
0 0.23671875 0.4203125 0.015625 0.015625
0 0.28125 0.271875 0.021875 0.025
0 0.27578125 0.31484375 0.0203125 0.0203125
0 0.2953125 0.109375 0.025 0.0203125
0 0.2703125 0.10234375 0.025 0.03125
0 0.20703125 0.05703125 0.0203125 0.025
0 0.215625 0.078125 0.015625 0.015625
0 0.17578125 0.146875 0.01875 0.01875
0 0.178125 0.0421875 0.0203125 0.021875
0 0.19296875 0.29375 0.025 0.0296875
0 0.1953125 0.4046875 0.021875 0.025
0 0.203125 0.62265625 0.01875 0.0203125
0 0.73515625 0.28984375 0.021875 0.021875
0 0.63984375 0.103125 0.0203125 0.028125
0 0.425 0.0640625 0.0375 0.040625
0 0.40234375 0.125 0.025 0.021875
0 0.62265625 0.06015625 0.015625 0.0203125
0 0.5953125 0.05625 0.021875 0.01875
0 0.5890625 0.0453125 0.015625 0.01875
0 0.59765625 0.03828125 0.015625 0.015625
0 0.55703125 0.084375 0.01875 0.01875
0 0.5421875 0.13515625 0.021875 0.025
0 0.4390625 0.23203125 0.028125 0.025
0 0.42421875 0.2109375 0.021875 0.0140625
0 0.61328125 0.090625 0.025 0.025
0 0.32578125 0.221875 0.025 0.034375
0 0.325 0.13984375 0.01875 0.021875
0 0.36796875 0.04609375 0.028125 0.03125
0 0.75234375 0.16875 0.025 0.025
0 0.8171875 0.3390625 0.0203125 0.025
0 0.82578125 0.328125 0.0140625 0.0296875
0 0.49296875 0.18671875 0.0203125 0.025
0 0.4703125 0.19921875 0.0203125 0.025
0 0.2890625 0.075 0.03125 0.03125
0 0.27578125 0.6046875 0.015625 0.01875
0 0.25078125 0.62578125 0.0203125 0.0203125
0 0.2578125 0.86484375 0.01875 0.0203125
0 0.265625 0.846875 0.01875 0.01875
0 0.4703125 0.59609375 0.025 0.021875
0 0.453125 0.5890625 0.021875 0.0203125
0 0.415625 0.6 0.01875 0.0203125
0 0.484375 0.58671875 0.0203125 0.0203125
0 0.38515625 0.6828125 0.0203125 0.025
0 0.51875 0.6046875 0.021875 0.025