0 0.38828125 0.49609375 0.34765625 0.27578125
0 0.553125 0.85625 0.29765625 0.2796875
0 0.7703125 0.4546875 0.14765625 0.14609375
0 0.24375 0.1421875 0.1203125 0.128125
0 0.32109375 0.028125 0.134375 0.05625
0 0.1578125 0.02421875 0.11171875 0.04765625
0 0.01796875 0.25625 0.0359375 0.08828125
0 0.02421875 0.6640625 0.04765625 0.1
0 0.01875 0.853125 0.0375 0.078125
0 0.74296875 0.659375 0.11015625 0.0859375
0 0.753125 0.60078125 0.0640625 0.071875
0 0.5921875 0.1390625 0.115625 0.10234375
0 0.04921875 0.49609375 0.09609375 0.0703125