0 0.0109375 0.98984375 0.021875 0.0203125
0 0.01015625 0.97109375 0.0203125 0.0421875
0 0.009375 0.94296875 0.01875 0.0375
0 0.00625 0.85234375 0.0125 0.025
0 0.00625 0.82890625 0.0125 0.025
0 0.93125 0.790625 0.034375 0.0296875
0 0.8609375 0.76015625 0.0375 0.0328125
0 0.1171875 0.7328125 0.0296875 0.034375
0 0.915625 0.64296875 0.0359375 0.034375
0 0.0140625 0.3828125 0.028125 0.046875
0 0.21875 0.3546875 0.05 0.0375
0 0.009375 0.29921875 0.01875 0.034375
0 0.0078125 0.28984375 0.015625 0.0359375
0 0.0109375 0.77421875 0.021875 0.0359375
0 0.00625 0.86015625 0.0125 0.028125
0 0.009375 0.928125 0.01875 0.0359375
0 0.009375 0.87578125 0.01875 0.0359375
0 0.01015625 0.990625 0.0203125 0.01875
0 0.040625 0.99296875 0.0265625 0.0140625
0 0.03671875 0.99375 0.0296875 0.0125
0 0.0796875 0.99609375 0.028125 0.0078125
0 0.078125 0.99296875 0.028125 0.0140625
0 0.01015625 0.9921875 0.0203125 0.015625
0 0.009375 0.99296875 0.01875 0.0140625
0 0.0078125 0.6921875 0.015625 0.028125
0 0.00390625 0.675 0.0078125 0.021875
0 0.0046875 0.621875 0.009375 0.025
0 0.01015625 0.540625 0.0203125 0.034375
0 0.009375 0.64375 0.01875 0.0359375
0 0.009375 0.57578125 0.01875 0.0359375
0 0.01015625 0.40234375 0.0203125 0.0359375
0 0.0171875 0.31171875 0.034375 0.0640625
0 0.0140625 0.425 0.028125 0.0421875
0 0.009375 0.19296875 0.01875 0.046875
0 0.009375 0.20234375 0.01875 0.03125
0 0.01015625 0.203125 0.0203125 0.0296875
0 0.01171875 0.12109375 0.0234375 0.0421875
0 0.0046875 0.1921875 0.009375 0.04375
0 0.01171875 0.0671875 0.0234375 0.03125
0 0.0078125 0.0109375 0.015625 0.021875
0 0.009375 0.009375 0.01875 0.01875
0 0.1671875 0.39375 0.040625 0.025
0 0.52890625 0.390625 0.0375 0.0359375
0 0.64296875 0.4546875 0.04375 0.0375
0 0.76796875 0.3421875 0.05 0.05
0 0.5921875 0.01171875 0.05 0.0234375
0 0.97890625 0.94375 0.0421875 0.04375
0 0.8140625 0.9890625 0.046875 0.021875
0 0.7953125 0.99296875 0.0375 0.0140625
0 0.175 0.8453125 0.046875 0.0421875
0 0.06875 0.40703125 0.046875 0.046875
0 0.27890625 0.09609375 0.0359375 0.0296875
0 0.03828125 0.14375 0.0625 0.05
0 0.01484375 0.225 0.0296875 0.046875
0 0.09453125 0.99453125 0.0265625 0.0109375
0 0.17578125 0.97265625 0.040625 0.0359375
0 0.009375 0.70234375 0.01875 0.03125
0 0.00625 0.68203125 0.0125 0.028125
0 0.35234375 0.85 0.028125 0.034375
0 0.375 0.8453125 0.028125 0.034375
0 0.3203125 0.8328125 0.0296875 0.025
0 0.3796875 0.7546875 0.034375 0.0296875
0 0.70234375 0.6890625 0.040625 0.0421875
0 0.73125 0.69921875 0.059375 0.021875
0 0.7140625 0.70703125 0.053125 0.0375
0 0.628125 0.9171875 0.0359375 0.034375
0 0.69375 0.9671875 0.0296875 0.025
0 0.6421875 0.91015625 0.021875 0.0140625
0 0.5328125 0.65078125 0.034375 0.021875
0 0.7140625 0.59921875 0.053125 0.0375
0 0.403125 0.646875 0.028125 0.025
0 0.25390625 0.496875 0.071875 0.059375
0 0.3140625 0.59375 0.04375 0.040625
0 0.20703125 0.6390625 0.0203125 0.0203125
0 0.2453125 0.58203125 0.021875 0.0140625
0 0.034375 0.70078125 0.025 0.021875
0 0.00703125 0.77265625 0.0140625 0.025
0 0.00625 0.47578125 0.0125 0.0203125
0 0.6078125 0.08984375 0.028125 0.025
0 0.6640625 0.03828125 0.025 0.025
0 0.67734375 0.021875 0.025 0.0203125
0 0.6109375 0.16484375 0.040625 0.0296875
0 0.51796875 0.25 0.053125 0.0359375
0 0.540625 0.353125 0.028125 0.025
0 0.63515625 0.146875 0.01875 0.0203125
0 0.62421875 0.1609375 0.025 0.025
0 0.62578125 0.1421875 0.028125 0.021875
0 0.6078125 0.1421875 0.025 0.025
0 0.7078125 0.12265625 0.025 0.0203125
0 0.96484375 0.2609375 0.0203125 0.0296875
0 0.96328125 0.23828125 0.025 0.025
0 0.89296875 0.01328125 0.0203125 0.021875
0 0.765625 0.121875 0.0296875 0.0296875
0 0.28515625 0.2390625 0.04375 0.0359375
0 0.01171875 0.30390625 0.021875 0.01875
0 0.0046875 0.15390625 0.009375 0.0203125
0 0.00703125 0.1953125 0.0140625 0.021875
0 0.9328125 0.31875 0.0640625 0.05
0 0.48515625 0.99609375 0.021875 0.0078125
0 0.35078125 0.99296875 0.0296875 0.0140625
0 0.3140625 0.99609375 0.025 0.0078125
0 0.0046875 0.08125 0.009375 0.021875
0 0.00703125 0.05234375 0.0140625 0.025
0 0.0078125 0.04296875 0.015625 0.025
0 0.00703125 0.0203125 0.0140625 0.03125