0 0.07890625 0.47265625 0.13828125 0.11796875
0 0.06484375 0.09609375 0.1296875 0.1921875
0 0.84375 0.975 0.1203125 0.05
0 0.1671875 0.9375 0.253125 0.125
0 0.04375 0.96015625 0.0875 0.0796875
0 0.05234375 0.95 0.10390625 0.1
0 0.9484375 0.95390625 0.103125 0.0921875
0 0.696875 0.97265625 0.134375 0.05390625
0 0.046875 0.9546875 0.09375 0.08984375
0 0.603125 0.96953125 0.14375 0.0609375
0 0.06015625 0.946875 0.1203125 0.10625
0 0.03984375 0.82421875 0.0796875 0.15234375
0 0.3796875 0.546875 0.38828125 0.321875