0 0.43671875 0.58828125 0.04375 0.040625
0 0.3171875 0.58828125 0.025 0.025
0 0.33203125 0.58515625 0.0125 0.0125
0 0.32734375 0.5703125 0.0203125 0.021875
0 0.34765625 0.5671875 0.0078125 0.009375
0 0.2671875 0.65078125 0.01875 0.015625
0 0.12265625 0.6453125 0.0296875 0.0265625
0 0.078125 0.628125 0.015625 0.0125
0 0.00546875 0.684375 0.0109375 0.021875
0 0.284375 0.47421875 0.0203125 0.0203125
0 0.37890625 0.446875 0.021875 0.025
0 0.084375 0.0078125 0.040625 0.015625
0 0.8453125 0.01796875 0.0578125 0.0359375
0 0.93125 0.02890625 0.08125 0.0578125
0 0.55625 0.02109375 0.096875 0.0421875
0 0.46328125 0.0171875 0.0703125 0.034375
0 0.46484375 0.26015625 0.025 0.021875
0 0.7171875 0.4140625 0.0296875 0.025
0 0.0203125 0.02734375 0.040625 0.053125
0 0.0265625 0.025 0.053125 0.05
0 0.00546875 0.5015625 0.0109375 0.0125
0 0.01484375 0.88125 0.0296875 0.078125
0 0.23125 0.56328125 0.025 0.021875
0 0.20390625 0.57265625 0.01875 0.015625
0 0.35390625 0.584375 0.015625 0.009375