0 0.4421875 0.78515625 0.884375 0.4296875
0 0.03515625 0.9609375 0.0703125 0.078125
0 0.8109375 0.3390625 0.0625 0.06875
0 0.571875 0.08515625 0.0203125 0.0203125
0 0.56171875 0.06796875 0.01875 0.0203125
0 0.584375 0.06796875 0.01875 0.01875
0 0.62421875 0.04765625 0.025 0.025
0 0.61875 0.08828125 0.0140625 0.015625
0 0.84921875 0.99296875 0.025 0.0140625
0 0.990625 0.99375 0.01875 0.0125
0 0.99375 0.4859375 0.0125 0.0359375
0 0.94609375 0.5328125 0.028125 0.028125
0 0.959375 0.47421875 0.0359375 0.03125
0 0.01015625 0.68125 0.0203125 0.0421875
0 0.05234375 0.78125 0.0421875 0.0375
0 0.184375 0.784375 0.0375 0.0421875
0 0.1203125 0.7671875 0.040625 0.0328125
0 0.18203125 0.73984375 0.0421875 0.0375
0 0.00703125 0.89609375 0.0140625 0.028125
0 0.0125 0.84296875 0.025 0.0515625
0 0.75234375 0.1171875 0.05 0.053125
0 0.0078125 0.17421875 0.015625 0.0359375
0 0.9953125 0.77890625 0.009375 0.0359375
0 0.03671875 0.375 0.03125 0.0359375
0 0.0109375 0.025 0.021875 0.05
0 0.359375 0.034375 0.040625 0.040625