0 0.4421875 0.21484375 0.884375 0.4296875
0 0.03515625 0.0390625 0.0703125 0.078125
0 0.8109375 0.6609375 0.0625 0.06875
0 0.571875 0.91484375 0.0203125 0.0203125
0 0.56171875 0.93203125 0.01875 0.0203125
0 0.584375 0.93203125 0.01875 0.01875
0 0.62421875 0.95234375 0.025 0.0265625
0 0.61875 0.91171875 0.0140625 0.015625
0 0.84921875 0.00703125 0.025 0.0140625
0 0.990625 0.00625 0.01875 0.0125
0 0.99375 0.5140625 0.0125 0.0359375
0 0.94609375 0.4671875 0.028125 0.028125
0 0.959375 0.52578125 0.0359375 0.03125
0 0.01015625 0.31875 0.0203125 0.0421875
0 0.05234375 0.21875 0.0421875 0.0375
0 0.184375 0.215625 0.0375 0.0421875
0 0.1203125 0.2328125 0.040625 0.03125
0 0.18203125 0.26015625 0.0421875 0.0375
0 0.00703125 0.10390625 0.0140625 0.028125
0 0.01171875 0.15546875 0.0234375 0.0515625
0 0.75234375 0.8828125 0.05 0.053125
0 0.0078125 0.82578125 0.015625 0.0359375
0 0.99453125 0.21953125 0.0109375 0.0359375
0 0.03671875 0.625 0.03125 0.0359375
0 0.0109375 0.975 0.021875 0.05
0 0.359375 0.965625 0.040625 0.040625