0 0.378125 0.6671875 0.0578125 0.0578125
0 0.72578125 0.61171875 0.2 0.2203125
0 0.28828125 0.01796875 0.075 0.0359375
0 0.3546875 0.565625 0.059375 0.059375
0 0.25078125 0.00625 0.025 0.0125
0 0.28203125 0.00625 0.028125 0.0125
0 0.2671875 0.003125 0.0140625 0.00625
0 0.25234375 0.003125 0.015625 0.00625
0 0.25 0.02890625 0.01875 0.025
0 0.2453125 0.05625 0.01875 0.0140625
0 0.175 0.09375 0.015625 0.0140625
0 0.18671875 0.0140625 0.009375 0.0140625
0 0.17109375 0.01484375 0.0078125 0.009375
0 0.20390625 0.00390625 0.015625 0.0078125
0 0.18203125 0.003125 0.015625 0.00625
0 0.16875 0.00390625 0.00625 0.0078125
0 0.20234375 0.003125 0.015625 0.00625
0 0.18828125 0.00234375 0.0078125 0.003125
0 0.18125 0.003125 0.0140625 0.00625
0 0.3546875 0.00390625 0.01875 0.0078125
0 0.353125 0.003125 0.01875 0.00625
0 0.33984375 0.00234375 0.015625 0.003125
0 0.33046875 0.0046875 0.0265625 0.009375
0 0.29921875 0.00625 0.025 0.0125
0 0.3 0.003125 0.015625 0.00625
0 0.309375 0.00390625 0.0140625 0.0078125
0 0.30390625 0.1171875 0.025 0.0203125
0 0.246875 0.003125 0.021875 0.00625
0 0.240625 0.0046875 0.021875 0.009375
0 0.36484375 0.0046875 0.0234375 0.009375
0 0.353125 0.00625 0.021875 0.0125
0 0.2484375 0.0046875 0.025 0.009375
0 0.20703125 0.00390625 0.0140625 0.0078125
0 0.19609375 0.01875 0.0609375 0.0375
0 0.2953125 0.0046875 0.015625 0.009375
0 0.328125 0.003125 0.0203125 0.00625
0 0.33515625 0.003125 0.021875 0.00625
0 0.34609375 0.0046875 0.0171875 0.009375
0 0.2859375 0.003125 0.015625 0.00625
0 0.4171875 0.00703125 0.034375 0.0140625
0 0.38203125 0.0046875 0.0203125 0.009375
0 0.3921875 0.00234375 0.015625 0.003125
0 0.4046875 0.00625 0.021875 0.0125
0 0.38203125 0.003125 0.015625 0.00625
0 0.39921875 0.0046875 0.0234375 0.009375
0 0.43515625 0.0046875 0.0234375 0.009375
0 0.4328125 0.00625 0.021875 0.0125
0 0.46640625 0.0046875 0.0171875 0.009375
0 0.453125 0.00390625 0.0140625 0.0078125
0 0.4578125 0.003125 0.0203125 0.00625
0 0.47734375 0.003125 0.0140625 0.00625
0 0.5203125 0.00625 0.03125 0.0125
0 0.53203125 0.00625 0.025 0.0125
0 0.54765625 0.00625 0.025 0.0125
0 0.4796875 0.0078125 0.0359375 0.015625
0 0.453125 0.0046875 0.021875 0.009375
0 0.42421875 0.07109375 0.0296875 0.03125
0 0.37578125 0.06796875 0.015625 0.015625
0 0.5953125 0.00390625 0.021875 0.0078125
0 0.54921875 0.00390625 0.01875 0.0078125
0 0.6625 0.0046875 0.021875 0.009375
0 0.6578125 0.003125 0.015625 0.00625
0 0.62265625 0.003125 0.01875 0.00625
0 0.57265625 0.003125 0.021875 0.00625
0 0.6390625 0.00390625 0.021875 0.0078125
0 0.64375 0.00234375 0.015625 0.003125
0 0.68671875 0.00390625 0.01875 0.0078125
0 0.6359375 0.00390625 0.0203125 0.0078125
0 0.74296875 0.00703125 0.025 0.0140625
0 0.77421875 0.009375 0.0359375 0.01875
0 0.775 0.0046875 0.015625 0.009375
0 0.71796875 0.003125 0.0125 0.00625
0 0.71015625 0.0046875 0.0171875 0.009375
0 0.690625 0.0078125 0.025 0.015625
0 0.684375 0.00234375 0.0125 0.003125
0 0.70234375 0.00390625 0.015625 0.0078125
0 0.7921875 0.003125 0.015625 0.00625
0 0.825 0.003125 0.0140625 0.00625
0 0.8109375 0.00390625 0.01875 0.0078125
0 0.71796875 0.00390625 0.015625 0.0078125
0 0.69921875 0.003125 0.01875 0.00625
0 0.69609375 0.003125 0.015625 0.00625
0 0.66171875 0.01328125 0.0125 0.0125
0 0.77734375 0.003125 0.01875 0.00625
0 0.746875 0.00390625 0.01875 0.0078125
0 0.74609375 0.003125 0.0203125 0.00625
0 0.82265625 0.00234375 0.009375 0.003125
0 0.52421875 0.00390625 0.0125 0.0078125
0 0.51796875 0.0046875 0.0171875 0.009375
0 0.62578125 0.04609375 0.0203125 0.0203125
0 0.59296875 0.0578125 0.0203125 0.021875
0 0.60703125 0.084375 0.0203125 0.0203125
0 0.6328125 0.08828125 0.021875 0.028125
0 0.66328125 0.03828125 0.01875 0.021875
0 0.68828125 0.0109375 0.028125 0.01875
0 0.7 0.028125 0.021875 0.025
0 0.69296875 0.046875 0.021875 0.021875
0 0.71171875 0.096875 0.0421875 0.0421875
0 0.68515625 0.121875 0.028125 0.028125
0 0.68828125 0.1328125 0.0296875 0.034375
0 0.6609375 0.1703125 0.025 0.028125
0 0.63515625 0.16015625 0.025 0.01875
0 0.6296875 0.1703125 0.01875 0.025
0 0.640625 0.16875 0.028125 0.01875
0 0.62421875 0.1953125 0.025 0.025
0 0.68203125 0.240625 0.0375 0.03125
0 0.67734375 0.296875 0.025 0.021875
0 0.70703125 0.2640625 0.025 0.01875
0 0.71875 0.34375 0.0421875 0.0375
0 0.746875 0.28984375 0.025 0.025
0 0.784375 0.2828125 0.025 0.025
0 0.80390625 0.184375 0.021875 0.025
0 0.828125 0.315625 0.009375 0.021875
0 0.540625 0.05625 0.034375 0.0296875
0 0.49609375 0.046875 0.04375 0.040625
0 0.50234375 0.06171875 0.0421875 0.05
0 0.4921875 0.078125 0.0140625 0.015625
0 0.47109375 0.16171875 0.040625 0.0375
0 0.5421875 0.18671875 0.0296875 0.0359375
0 0.58203125 0.1328125 0.0203125 0.021875
0 0.590625 0.15234375 0.0140625 0.01875
0 0.44765625 0.1078125 0.01875 0.021875
0 0.484375 0.109375 0.0203125 0.021875
0 0.3796875 0.1796875 0.021875 0.0203125
0 0.375 0.23203125 0.034375 0.028125
0 0.3578125 0.27421875 0.028125 0.034375
0 0.31015625 0.303125 0.0296875 0.034375
0 0.2796875 0.22890625 0.0140625 0.015625
0 0.2703125 0.20625 0.025 0.028125
0 0.3921875 0.084375 0.0203125 0.0140625
0 0.36015625 0.08125 0.028125 0.028125
0 0.221875 0.259375 0.0296875 0.025
0 0.2296875 0.30703125 0.0359375 0.040625
0 0.196875 0.325 0.034375 0.03125
0 0.1859375 0.49296875 0.0296875 0.0296875
0 0.2203125 0.484375 0.01875 0.015625
0 0.20078125 0.50078125 0.01875 0.0203125
0 0.17578125 0.54921875 0.01875 0.01875
0 0.17578125 0.5359375 0.01875 0.0140625
0 0.17734375 0.26875 0.015625 0.0203125
0 0.1890625 0.27109375 0.0140625 0.015625
0 0.28515625 0.3359375 0.01875 0.01875
0 0.33203125 0.353125 0.028125 0.0203125
0 0.32265625 0.365625 0.0203125 0.01875
0 0.325 0.2390625 0.015625 0.015625
0 0.33671875 0.26328125 0.021875 0.028125
0 0.31875 0.26328125 0.021875 0.0203125
0 0.42421875 0.225 0.0140625 0.01875
0 0.40234375 0.29375 0.021875 0.0203125
0 0.41875 0.28984375 0.025 0.01875
0 0.409375 0.278125 0.021875 0.01875
0 0.38984375 0.2640625 0.021875 0.025
0 0.38515625 0.3390625 0.0203125 0.0125
0 0.38671875 0.359375 0.01875 0.01875
0 0.3921875 0.37734375 0.015625 0.01875
0 0.36328125 0.37890625 0.021875 0.025
0 0.3546875 0.3890625 0.01875 0.0140625
0 0.365625 0.4703125 0.021875 0.0203125
0 0.3671875 0.43125 0.021875 0.0203125
0 0.4140625 0.44296875 0.0203125 0.025
0 0.43984375 0.378125 0.021875 0.025
0 0.4546875 0.35234375 0.021875 0.025
0 0.44609375 0.334375 0.0296875 0.0375
0 0.50234375 0.35078125 0.0375 0.0296875
0 0.471875 0.44921875 0.0203125 0.021875
0 0.45078125 0.521875 0.028125 0.028125
0 0.4421875 0.51328125 0.021875 0.034375
0 0.43984375 0.5328125 0.021875 0.021875
0 0.51015625 0.51015625 0.03125 0.028125
0 0.54296875 0.48515625 0.0203125 0.028125
0 0.62265625 0.45703125 0.034375 0.03125
0 0.615625 0.48125 0.028125 0.03125
0 0.60234375 0.496875 0.01875 0.01875
0 0.6296875 0.49296875 0.015625 0.021875
0 0.6546875 0.453125 0.0296875 0.034375
0 0.59375 0.3453125 0.025 0.025
0 0.56171875 0.33671875 0.025 0.021875
0 0.57421875 0.284375 0.01875 0.015625
0 0.5703125 0.25390625 0.03125 0.028125
0 0.6 0.2359375 0.0203125 0.0203125
0 0.59765625 0.2703125 0.096875 0.090625
0 0.61328125 0.32421875 0.0640625 0.059375
0 0.62578125 0.1078125 0.23125 0.215625
0 0.5671875 0.63203125 0.040625 0.0375
0 0.54296875 0.63125 0.01875 0.025
0 0.76875 0.415625 0.021875 0.0203125
0 0.79609375 0.415625 0.025 0.0203125
0 0.81328125 0.4671875 0.021875 0.01875
0 0.8046875 0.47890625 0.021875 0.0203125
0 0.78515625 0.6203125 0.0140625 0.015625
0 0.7859375 0.63828125 0.015625 0.0140625
0 0.696875 0.5859375 0.0203125 0.021875
0 0.67734375 0.65703125 0.025 0.0203125
0 0.8 0.696875 0.015625 0.015625
0 0.58515625 0.73828125 0.021875 0.021875
0 0.56796875 0.6796875 0.01875 0.021875
0 0.46015625 0.73828125 0.025 0.025
0 0.4328125 0.696875 0.021875 0.0203125
0 0.37578125 0.740625 0.0203125 0.025
0 0.390625 0.70078125 0.028125 0.025
0 0.3671875 0.70234375 0.025 0.034375
0 0.35 0.66015625 0.021875 0.025
0 0.33203125 0.6171875 0.0203125 0.025
0 0.3140625 0.6859375 0.015625 0.01875
0 0.28828125 0.6 0.01875 0.0203125
0 0.28203125 0.578125 0.0203125 0.0203125
0 0.23671875 0.5796875 0.015625 0.015625
0 0.28125 0.728125 0.021875 0.025
0 0.27578125 0.68515625 0.0203125 0.0203125
0 0.2953125 0.890625 0.025 0.0203125
0 0.2703125 0.89765625 0.025 0.0328125
0 0.20703125 0.94296875 0.0203125 0.0265625
0 0.215625 0.921875 0.015625 0.015625
0 0.17578125 0.853125 0.01875 0.01875
0 0.178125 0.9578125 0.0203125 0.021875
0 0.19296875 0.70625 0.025 0.0296875
0 0.1953125 0.5953125 0.021875 0.025
0 0.203125 0.37734375 0.01875 0.0203125
0 0.73515625 0.71015625 0.021875 0.021875
0 0.63984375 0.896875 0.0203125 0.028125
0 0.425 0.9359375 0.0375 0.040625
0 0.40234375 0.875 0.025 0.021875
0 0.62265625 0.93984375 0.015625 0.0203125
0 0.5953125 0.94375 0.021875 0.01875
0 0.5890625 0.9546875 0.015625 0.01875
0 0.59765625 0.96171875 0.015625 0.015625
0 0.55703125 0.915625 0.01875 0.01875
0 0.5421875 0.86484375 0.021875 0.025
0 0.4390625 0.76796875 0.028125 0.025
0 0.42421875 0.7890625 0.021875 0.0140625
0 0.61328125 0.909375 0.025 0.0265625
0 0.32578125 0.778125 0.025 0.034375
0 0.325 0.86015625 0.01875 0.021875
0 0.36796875 0.95390625 0.028125 0.0328125
0 0.75234375 0.83125 0.025 0.025
0 0.8171875 0.6609375 0.0203125 0.025
0 0.82578125 0.671875 0.0140625 0.0296875
0 0.49296875 0.81328125 0.0203125 0.025
0 0.4703125 0.80078125 0.0203125 0.025
0 0.2890625 0.925 0.03125 0.03125
0 0.27578125 0.3953125 0.015625 0.01875
0 0.25078125 0.37421875 0.0203125 0.0203125
0 0.2578125 0.13515625 0.01875 0.0203125
0 0.265625 0.153125 0.01875 0.01875
0 0.4703125 0.40390625 0.025 0.021875
0 0.453125 0.4109375 0.021875 0.0203125
0 0.415625 0.4 0.01875 0.0203125
0 0.484375 0.41328125 0.0203125 0.0203125
0 0.38515625 0.3171875 0.0203125 0.025
0 0.51875 0.3953125 0.021875 0.025