0 0.83984375 0.2296875 0.053125 0.046875
0 0.79921875 0.103125 0.046875 0.040625
0 0.66875 0.659375 0.071875 0.071875
0 0.58515625 0.659375 0.115625 0.1125
0 0.5421875 0.5328125 0.05 0.04375
0 0.51484375 0.159375 0.0921875 0.075
0 0.30234375 0.628125 0.2296875 0.209375
0 0.22109375 0.06015625 0.040625 0.034375
0 0.215625 0.95625 0.053125 0.046875
0 0.1390625 0.37890625 0.125 0.115625
0 0.11484375 0.02578125 0.0765625 0.0515625
0 0.1109375 0.22578125 0.040625 0.0375
0 0.0953125 0.278125 0.059375 0.05
0 0.04921875 0.659375 0.096875 0.10625
0 0.91875 0.50390625 0.1625 0.171875
0 0.88984375 0.6421875 0.0421875 0.0375
0 0.88203125 0.725 0.0578125 0.053125