0 0.50703125 0.21015625 0.0703125 0.0859375
0 0.046875 0.3359375 0.05390625 0.065625
0 0.62578125 0.34375 0.14375 0.1578125
0 0.17578125 0.43671875 0.05625 0.07578125
0 0.7203125 0.4609375 0.06796875 0.06796875
0 0.309375 0.50234375 0.07421875 0.0859375
0 0.4578125 0.55234375 0.04765625 0.065625
0 0.57734375 0.03515625 0.034375 0.03984375
0 0.225 0.68515625 0.04609375 0.06796875
0 0.46328125 0.72578125 0.09765625 0.121875
0 0.03984375 0.8109375 0.04765625 0.06015625
0 0.9921875 0.81171875 0.015625 0.05625
0 0.96171875 0.934375 0.07578125 0.0921875