0 0.990625 0.64296875 0.01875 0.05
0 0.603125 0.32890625 0.03125 0.03125
0 0.66875 0.334375 0.046875 0.0421875
0 0.01875 0.8 0.0375 0.05
0 0.009375 0.8078125 0.01875 0.028125
0 0.009375 0.74296875 0.01875 0.0375
0 0.0078125 0.79765625 0.015625 0.028125
0 0.01015625 0.9890625 0.0203125 0.021875
0 0.684375 0.796875 0.040625 0.0375
0 0.0296875 0.12890625 0.059375 0.0390625
0 0.575 0.690625 0.046875 0.0421875
0 0.08203125 0.73671875 0.05 0.040625
0 0.1828125 0.73125 0.0359375 0.034375
0 0.36484375 0.6796875 0.0390625 0.0296875
0 0.3796875 0.303125 0.053125 0.053125
0 0.28515625 0.2328125 0.046875 0.0375
0 0.425 0.159375 0.05 0.046875
0 0.12890625 0.25703125 0.04375 0.040625
0 0.01328125 0.10234375 0.0265625 0.053125
0 0.0109375 0.18125 0.021875 0.0375