0 0.07578125 0.04296875 0.1515625 0.0859375
0 0.30078125 0.028125 0.2421875 0.05625
0 0.3390625 0.04609375 0.17421875 0.0921875
0 0.59765625 0.153125 0.45234375 0.30625
0 0.0328125 0.2828125 0.065625 0.15390625
0 0.01796875 0.3046875 0.0359375 0.08984375
0 0.028125 0.3578125 0.05625 0.084375
0 0.040625 0.4109375 0.08125 0.15
0 0.50703125 0.42265625 0.378125 0.334375
0 0.05078125 0.57578125 0.1015625 0.1796875
0 0.02578125 0.70234375 0.0515625 0.1140625
0 0.85 0.75390625 0.06796875 0.05625
0 0.078125 0.80234375 0.15625 0.284375
0 0.3328125 0.64296875 0.665625 0.7140625
0 0.62734375 0.91796875 0.11796875 0.12421875
0 0.02734375 0.11171875 0.05390625 0.084375
0 0.021875 0.0140625 0.04375 0.028125
0 0.01484375 0.01328125 0.0296875 0.02578125
0 0.0109375 0.0078125 0.021875 0.015625
0 0.02109375 0.36796875 0.0421875 0.07578125