0 0.2359375 0.45 0.04375 0.046875
0 0.415625 0.29765625 0.0359375 0.0359375
0 0.5546875 0.4046875 0.18125 0.178125
0 0.584375 0.6921875 0.04375 0.04375
0 0.74375 0.684375 0.096875 0.096875
0 0.86328125 0.55078125 0.065625 0.0578125
0 0.009375 0.878125 0.01875 0.040625
0 0.05234375 0.35 0.06875 0.06875
0 0.2296875 0.0140625 0.053125 0.028125
0 0.49296875 0.01328125 0.05 0.025
0 0.49375 0.01328125 0.046875 0.025
0 0.41171875 0.0078125 0.040625 0.015625
0 0.64375 0.0171875 0.059375 0.034375
0 0.55234375 0.01015625 0.040625 0.0203125
0 0.78671875 0.97890625 0.046875 0.0421875
0 0.62421875 0.909375 0.0375 0.0625
0 0.68203125 0.8359375 0.053125 0.053125
0 0.95390625 0.99453125 0.0453125 0.0109375
0 0.84375 0.97578125 0.03125 0.034375
0 0.821875 0.79609375 0.040625 0.0484375
0 0.16015625 0.75234375 0.05 0.0765625
0 0.08828125 0.68984375 0.03125 0.0359375
0 0.12578125 0.5578125 0.06875 0.08125
0 0.359375 0.0171875 0.0578125 0.034375
0 0.390625 0.01484375 0.05 0.0296875