0 0.06171875 0.59375 0.06171875 0.04765625
0 0.01171875 0.54140625 0.0234375 0.0484375
0 0.0078125 0.56328125 0.015625 0.0296875
0 0.01015625 0.46328125 0.0203125 0.03828125
0 0.0078125 0.48828125 0.015625 0.0359375
0 0.01484375 0.3671875 0.0296875 0.06171875
0 0.0109375 0.4171875 0.021875 0.05
0 0.01015625 0.48828125 0.0203125 0.04375
0 0.415625 0.69296875 0.0421875 0.04375
0 0.0203125 0.06875 0.03984375 0.0703125
0 0.015625 0.19609375 0.03125 0.0609375
0 0.01171875 0.13046875 0.0234375 0.0453125
0 0.01328125 0.14375 0.02578125 0.06015625
0 0.07265625 0.21015625 0.04609375 0.05
0 0.09375 0.36484375 0.08203125 0.065625
0 0.0109375 0.38203125 0.021875 0.03984375
0 0.23984375 0.9796875 0.071875 0.03984375
0 0.01015625 0.98984375 0.0203125 0.0203125