0 0.0421875 0.94453125 0.084375 0.1109375
0 0.01484375 0.9921875 0.0296875 0.015625
0 0.1234375 0.6203125 0.246875 0.578125
0 0.0578125 0.89609375 0.115625 0.2078125
0 0.0125 0.9859375 0.025 0.025
0 0.01015625 0.99375 0.0203125 0.0125
0 0.0203125 0.9796875 0.040625 0.040625
0 0.009375 0.9921875 0.01875 0.015625
0 0.10625 0.509375 0.2125 0.4578125
0 0.0234375 0.97890625 0.046875 0.0421875
0 0.35390625 0.9828125 0.053125 0.034375
0 0.36796875 0.98203125 0.06875 0.0359375
0 0.4890625 0.9890625 0.0625 0.021875
0 0.59609375 0.98984375 0.0359375 0.0203125
0 0.64296875 0.2953125 0.7140625 0.590625
0 0.7578125 0.9921875 0.040625 0.015625
0 0.77578125 0.95 0.196875 0.1