0 0.24765625 0.98828125 0.0546875 0.0234375
0 0.978125 0.746875 0.04375 0.078125
0 0.9796875 0.8296875 0.040625 0.071875
0 0.9859375 0.93125 0.028125 0.065625
0 0.98515625 0.98515625 0.0296875 0.0296875
0 0.98125 0.984375 0.0375 0.03125
0 0.49921875 0.38984375 0.04375 0.04375
0 0.4296875 0.021875 0.05625 0.04375
0 0.75546875 0.984375 0.0421875 0.03125
0 0.67734375 0.9890625 0.0375 0.021875
0 0.990625 0.71875 0.01875 0.0421875
0 0.9890625 0.865625 0.021875 0.046875
0 0.984375 0.27890625 0.03125 0.0578125
0 0.99296875 0.34921875 0.0140625 0.034375
0 0.98515625 0.225 0.0296875 0.065625
0 0.98828125 0.2390625 0.0234375 0.05625
0 0.990625 0.25 0.01875 0.040625
0 0.23984375 0.028125 0.04375 0.05625
0 0.23828125 0.171875 0.046875 0.053125
0 0.27734375 0.28828125 0.040625 0.046875
0 0.21796875 0.3328125 0.05625 0.065625
0 0.340625 0.4546875 0.046875 0.0578125
0 0.14609375 0.7109375 0.053125 0.046875
0 0.48671875 0.9921875 0.0296875 0.015625
0 0.4296875 0.990625 0.0359375 0.01875
0 0.46015625 0.9921875 0.03125 0.015625
0 0.45703125 0.990625 0.034375 0.01875
0 0.359375 0.98984375 0.034375 0.0203125
0 0.290625 0.98828125 0.046875 0.0234375
0 0.26484375 0.9859375 0.0375 0.028125
0 0.22265625 0.98828125 0.0578125 0.0234375
0 0.02734375 0.9828125 0.053125 0.034375
0 0.0890625 0.9109375 0.046875 0.05625
0 0.95234375 0.809375 0.0359375 0.0390625
0 0.17109375 0.9890625 0.0421875 0.021875
0 0.1859375 0.990625 0.03125 0.01875
0 0.51875 0.990625 0.034375 0.01875
0 0.8046875 0.65390625 0.040625 0.04375
0 0.846875 0.76484375 0.0421875 0.0546875
0 0.9859375 0.465625 0.028125 0.0640625
0 0.98203125 0.59921875 0.0359375 0.10625
0 0.49765625 0.2953125 0.0359375 0.034375
0 0.6 0.509375 0.1078125 0.1375