0 0.01171875 0.75234375 0.0234375 0.0546875
0 0.253125 0.021875 0.078125 0.04375
0 0.1703125 0.0203125 0.071875 0.03984375
0 0.06875 0.0140625 0.065625 0.028125
0 0.01484375 0.01484375 0.0296875 0.0296875
0 0.015625 0.01875 0.03125 0.0375
0 0.61015625 0.50078125 0.04375 0.04375
0 0.978125 0.5703125 0.04375 0.05625
0 0.015625 0.24453125 0.03125 0.0421875
0 0.0109375 0.32265625 0.021875 0.03828125
0 0.28125 0.009375 0.0421875 0.01796875
0 0.134375 0.0109375 0.04765625 0.021875
0 0.72109375 0.015625 0.0578125 0.03125
0 0.65078125 0.00703125 0.034375 0.0140625
0 0.775 0.01484375 0.065625 0.0296875
0 0.7609375 0.01171875 0.05625 0.0234375
0 0.75 0.009375 0.03984375 0.01796875
0 0.971875 0.76015625 0.05625 0.04375
0 0.828125 0.76171875 0.05234375 0.04609375
0 0.71171875 0.72265625 0.04609375 0.03984375
0 0.6671875 0.78203125 0.065625 0.05625
0 0.5453125 0.659375 0.0578125 0.04609375
0 0.2890625 0.85390625 0.04609375 0.05234375
0 0.0078125 0.51328125 0.015625 0.0296875
0 0.009375 0.5703125 0.01796875 0.0359375
0 0.0078125 0.53984375 0.015625 0.03203125
0 0.009375 0.54296875 0.01796875 0.034375
0 0.01015625 0.640625 0.0203125 0.034375
0 0.01171875 0.709375 0.0234375 0.046875
0 0.0140625 0.73515625 0.028125 0.03828125
0 0.01171875 0.77734375 0.0234375 0.0578125
0 0.0171875 0.97265625 0.034375 0.05390625
0 0.0890625 0.9109375 0.05625 0.04765625
0 0.190625 0.04765625 0.03984375 0.0359375
0 0.0109375 0.82890625 0.021875 0.0421875
0 0.009375 0.8140625 0.01796875 0.03203125
0 0.009375 0.48125 0.01796875 0.034375
0 0.34609375 0.1953125 0.04375 0.03984375
0 0.23515625 0.153125 0.05390625 0.0421875
0 0.534375 0.0140625 0.0640625 0.028125
0 0.40078125 0.01796875 0.10625 0.0359375
0 0.7046875 0.50234375 0.034375 0.0359375
0 0.490625 0.4 0.13828125 0.1078125