0 0.08203125 0.10625 0.1359375 0.14765625
0 0.05390625 0.27109375 0.1078125 0.265625
0 0.05625 0.66796875 0.11171875 0.2203125
0 0.03515625 0.85625 0.0703125 0.1796875
0 0.13125 0.9234375 0.215625 0.153125
0 0.04765625 0.94296875 0.0953125 0.1109375
0 0.0359375 0.0171875 0.071875 0.034375
0 0.5890625 0.0140625 0.065625 0.028125
0 0.60234375 0.02265625 0.0921875 0.0453125
0 0.684375 0.0140625 0.05625 0.028125
0 0.80625 0.6 0.0921875 0.06171875
0 0.30234375 0.50234375 0.2578125 0.22578125
0 0.23828125 0.3578125 0.11015625 0.0921875
0 0.45390625 0.4859375 0.065625 0.08203125
0 0.1796875 0.01796875 0.04765625 0.0359375