0 0.59375 0.06171875 0.046875 0.0625
0 0.54296875 0.0125 0.0484375 0.025
0 0.56328125 0.0078125 0.0296875 0.015625
0 0.46328125 0.01015625 0.0375 0.0203125
0 0.48828125 0.0078125 0.0359375 0.015625
0 0.3671875 0.01484375 0.0625 0.0296875
0 0.4171875 0.0109375 0.05 0.021875
0 0.48828125 0.01015625 0.04375 0.0203125
0 0.69296875 0.415625 0.04375 0.0421875
0 0.06875 0.0203125 0.0703125 0.040625
0 0.19765625 0.01640625 0.0609375 0.0328125
0 0.13203125 0.0125 0.0453125 0.025
0 0.14375 0.01328125 0.059375 0.025
0 0.21015625 0.07265625 0.05 0.046875
0 0.3640625 0.09375 0.065625 0.08125
0 0.38203125 0.0109375 0.040625 0.021875
0 0.9796875 0.23984375 0.040625 0.071875
0 0.98984375 0.01015625 0.0203125 0.0203125