0 0.0203125 0.86015625 0.040625 0.084375
0 0.00625 0.64609375 0.0125 0.028125
0 0.00703125 0.57734375 0.0140625 0.025
0 0.00703125 0.61328125 0.0140625 0.025
0 0.00546875 0.83203125 0.0109375 0.0296875
0 0.7078125 0.9609375 0.034375 0.0375
0 0.59765625 0.93515625 0.025 0.0265625
0 0.13515625 0.8828125 0.015625 0.0140625
0 0.17421875 0.96015625 0.025 0.015625
0 0.00625 0.6453125 0.0125 0.021875
0 0.715625 0.00625 0.025 0.0125
0 0.77578125 0.003125 0.015625 0.00625
0 0.790625 0.003125 0.0140625 0.00625
0 0.98203125 0.00390625 0.015625 0.0078125
0 0.003125 0.69921875 0.00625 0.0140625
0 0.003125 0.4671875 0.00625 0.01875
0 0.00546875 0.4015625 0.0109375 0.025
0 0.390625 0.175 0.01875 0.021875
0 0.14140625 0.0046875 0.0296875 0.009375