0 0.50703125 0.35 0.08203125 0.0796875
0 0.46796875 0.47265625 0.13984375 0.10234375
0 0.38828125 0.58125 0.05234375 0.0421875
0 0.8453125 0.590625 0.06171875 0.06171875
0 0.678125 0.22578125 0.03984375 0.03984375
0 0.9859375 0.27265625 0.028125 0.0859375
0 0.42265625 0.471875 0.028125 0.02578125
0 0.43828125 0.3640625 0.034375 0.03203125
0 0.45078125 0.325 0.05390625 0.05
0 0.534375 0.29296875 0.0296875 0.02421875
0 0.5046875 0.3078125 0.02578125 0.015625
0 0.490625 0.28515625 0.015625 0.015625
0 0.50078125 0.21875 0.021875 0.02421875
0 0.41171875 0.2921875 0.0203125 0.01796875
0 0.37734375 0.25078125 0.0203125 0.01796875
0 0.446875 0.221875 0.0203125 0.021875
0 0.303125 0.28671875 0.02578125 0.021875
0 0.2703125 0.29921875 0.0203125 0.01796875
0 0.38828125 0.334375 0.015625 0.0140625
0 0.34609375 0.33828125 0.021875 0.0203125
0 0.17421875 0.31484375 0.01796875 0.0203125
0 0.028125 0.19921875 0.0203125 0.021875
0 0.003125 0.34296875 0.00625 0.0140625
0 0.0046875 0.78203125 0.009375 0.0203125
0 0.02578125 0.68671875 0.0515625 0.0578125
0 0.08125 0.6421875 0.05 0.05234375
0 0.15078125 0.665625 0.0140625 0.015625
0 0.17734375 0.7046875 0.01171875 0.01171875
0 0.1921875 0.59921875 0.015625 0.01796875
0 0.32421875 0.81484375 0.0203125 0.01796875
0 0.2921875 0.784375 0.01171875 0.01015625
0 0.4140625 0.78984375 0.02421875 0.02421875
0 0.38984375 0.71796875 0.01796875 0.01796875
0 0.44921875 0.64296875 0.0203125 0.0203125
0 0.57109375 0.721875 0.034375 0.0359375
0 0.703125 0.7171875 0.03203125 0.02578125
0 0.76796875 0.696875 0.034375 0.03203125
0 0.74296875 0.69296875 0.01796875 0.01796875
0 0.99609375 0.55 0.0078125 0.015625
0 0.9546875 0.43828125 0.015625 0.0140625
0 0.84296875 0.38828125 0.028125 0.028125
0 0.909375 0.37265625 0.02578125 0.02421875
0 0.684375 0.40703125 0.02578125 0.02421875
0 0.68984375 0.35390625 0.01796875 0.015625
0 0.64609375 0.36796875 0.0203125 0.01796875
0 0.75078125 0.41875 0.01796875 0.015625
0 0.74375 0.17109375 0.0296875 0.034375
0 0.83515625 0.18671875 0.015625 0.0140625
0 0.87734375 0.15703125 0.01171875 0.0140625
0 0.49296875 0.540625 0.01796875 0.01796875
0 0.2796875 0.709375 0.034375 0.03203125
0 0.00625 0.82890625 0.01171875 0.02578125
0 0.021875 0.74765625 0.021875 0.015625
0 0.21484375 0.79765625 0.0203125 0.015625
0 0.18203125 0.7328125 0.01171875 0.01171875
0 0.18203125 0.71796875 0.015625 0.015625
0 0.3 0.84375 0.01171875 0.01171875
0 0.67109375 0.82734375 0.01796875 0.01796875
0 0.6859375 0.7609375 0.015625 0.01796875
0 0.7171875 0.78515625 0.015625 0.015625
0 0.57265625 0.15390625 0.01796875 0.015625
0 0.92421875 0.6109375 0.0296875 0.021875