0 0.071875 0.925 0.14375 0.15
0 0.15 0.98359375 0.071875 0.0328125
0 0.02109375 0.98203125 0.0421875 0.0359375
0 0.05546875 0.95546875 0.1109375 0.0890625
0 0.040625 0.96015625 0.08125 0.0796875
0 0.709375 0.87578125 0.53828125 0.24765625
0 0.1359375 0.93515625 0.20390625 0.1296875
0 0.77890625 0.95078125 0.1703125 0.09765625
0 0.12265625 0.896875 0.2453125 0.20625
0 0.04609375 0.95703125 0.0921875 0.0859375
0 0.10078125 0.925 0.2015625 0.15
0 0.7265625 0.7671875 0.546875 0.465625
0 0.015625 0.659375 0.03125 0.065625
0 0.05078125 0.61484375 0.1015625 0.1921875
0 0.03828125 0.5328125 0.07578125 0.14609375
0 0.1828125 0.48984375 0.13828125 0.13984375
0 0.028125 0.48671875 0.05625 0.10625
0 0.07421875 0.371875 0.14765625 0.2796875
0 0.06875 0.325 0.1375 0.171875
0 0.36328125 0.28984375 0.21796875 0.23203125
0 0.66875 0.2859375 0.15 0.171875
0 0.0890625 0.14609375 0.178125 0.26796875
0 0.07265625 0.01328125 0.11796875 0.02578125