0 0.621875 0.3328125 0.0578125 0.0578125
0 0.27421875 0.38828125 0.2 0.2203125
0 0.71171875 0.98203125 0.075 0.0359375
0 0.6453125 0.434375 0.059375 0.059375
0 0.74921875 0.99375 0.025 0.0125
0 0.71796875 0.99375 0.028125 0.0125
0 0.7328125 0.996875 0.0140625 0.00625
0 0.74765625 0.996875 0.015625 0.00625
0 0.75 0.97109375 0.01875 0.025
0 0.7546875 0.94375 0.01875 0.0140625
0 0.825 0.90625 0.015625 0.0140625
0 0.81328125 0.9859375 0.009375 0.0140625
0 0.82890625 0.98515625 0.0078125 0.009375
0 0.79609375 0.99609375 0.015625 0.0078125
0 0.81796875 0.996875 0.015625 0.00625
0 0.83125 0.99609375 0.00625 0.0078125
0 0.79765625 0.996875 0.015625 0.00625
0 0.81171875 0.99765625 0.0078125 0.0046875
0 0.81875 0.996875 0.0140625 0.00625
0 0.6453125 0.99609375 0.01875 0.0078125
0 0.646875 0.996875 0.01875 0.00625
0 0.66015625 0.99765625 0.015625 0.0046875
0 0.66953125 0.9953125 0.0265625 0.009375
0 0.70078125 0.99375 0.025 0.0125
0 0.7 0.996875 0.015625 0.00625
0 0.690625 0.99609375 0.0140625 0.0078125
0 0.69609375 0.8828125 0.025 0.0203125
0 0.753125 0.996875 0.021875 0.00625
0 0.759375 0.9953125 0.021875 0.009375
0 0.63515625 0.9953125 0.0234375 0.009375
0 0.646875 0.99375 0.021875 0.0125
0 0.7515625 0.9953125 0.025 0.009375
0 0.79296875 0.99609375 0.0140625 0.0078125
0 0.80390625 0.98125 0.0609375 0.0375
0 0.7046875 0.9953125 0.015625 0.009375
0 0.671875 0.996875 0.0203125 0.00625
0 0.66484375 0.996875 0.021875 0.00625
0 0.65390625 0.9953125 0.0171875 0.009375
0 0.7140625 0.996875 0.015625 0.00625
0 0.5828125 0.99296875 0.034375 0.0140625
0 0.61796875 0.9953125 0.0203125 0.009375
0 0.6078125 0.99765625 0.015625 0.0046875
0 0.5953125 0.99375 0.021875 0.0125
0 0.61796875 0.996875 0.015625 0.00625
0 0.60078125 0.9953125 0.0234375 0.009375
0 0.56484375 0.9953125 0.0234375 0.009375
0 0.5671875 0.99375 0.021875 0.0125
0 0.53359375 0.9953125 0.0171875 0.009375
0 0.546875 0.99609375 0.0140625 0.0078125
0 0.5421875 0.996875 0.0203125 0.00625
0 0.52265625 0.996875 0.0140625 0.00625
0 0.4796875 0.99375 0.03125 0.0125
0 0.46796875 0.99375 0.025 0.0125
0 0.45234375 0.99375 0.025 0.0125
0 0.5203125 0.9921875 0.0359375 0.015625
0 0.546875 0.9953125 0.021875 0.009375
0 0.57578125 0.92890625 0.0296875 0.03125
0 0.62421875 0.93203125 0.015625 0.015625
0 0.4046875 0.99609375 0.021875 0.0078125
0 0.45078125 0.99609375 0.01875 0.0078125
0 0.3375 0.9953125 0.021875 0.009375
0 0.3421875 0.996875 0.015625 0.00625
0 0.37734375 0.996875 0.01875 0.00625
0 0.42734375 0.996875 0.021875 0.00625
0 0.3609375 0.99609375 0.021875 0.0078125
0 0.35625 0.99765625 0.015625 0.0046875
0 0.31328125 0.99609375 0.01875 0.0078125
0 0.3640625 0.99609375 0.0203125 0.0078125
0 0.25703125 0.99296875 0.025 0.0140625
0 0.22578125 0.990625 0.0359375 0.01875
0 0.225 0.9953125 0.015625 0.009375
0 0.28203125 0.996875 0.0125 0.00625
0 0.28984375 0.9953125 0.0171875 0.009375
0 0.309375 0.9921875 0.025 0.015625
0 0.315625 0.99765625 0.0125 0.0046875
0 0.29765625 0.99609375 0.015625 0.0078125
0 0.2078125 0.996875 0.015625 0.00625
0 0.175 0.996875 0.0140625 0.00625
0 0.1890625 0.99609375 0.01875 0.0078125
0 0.28203125 0.99609375 0.015625 0.0078125
0 0.30078125 0.996875 0.01875 0.00625
0 0.30390625 0.996875 0.015625 0.00625
0 0.33828125 0.98671875 0.0125 0.0125
0 0.22265625 0.996875 0.01875 0.00625
0 0.253125 0.99609375 0.01875 0.0078125
0 0.25390625 0.996875 0.0203125 0.00625
0 0.17734375 0.99765625 0.009375 0.0046875
0 0.47578125 0.99609375 0.0125 0.0078125
0 0.48203125 0.9953125 0.0171875 0.009375
0 0.37421875 0.95390625 0.0203125 0.0203125
0 0.40703125 0.9421875 0.0203125 0.021875
0 0.39296875 0.915625 0.0203125 0.0203125
0 0.3671875 0.91171875 0.021875 0.028125
0 0.33671875 0.96171875 0.01875 0.021875
0 0.31171875 0.9890625 0.028125 0.01875
0 0.3 0.971875 0.021875 0.025
0 0.30703125 0.953125 0.021875 0.021875
0 0.28828125 0.903125 0.0421875 0.0421875
0 0.31484375 0.878125 0.028125 0.028125
0 0.31171875 0.8671875 0.0296875 0.034375
0 0.3390625 0.8296875 0.025 0.028125
0 0.36484375 0.83984375 0.025 0.01875
0 0.3703125 0.8296875 0.01875 0.025
0 0.359375 0.83125 0.028125 0.01875
0 0.37578125 0.8046875 0.025 0.025
0 0.31796875 0.759375 0.0375 0.03125
0 0.32265625 0.703125 0.025 0.021875
0 0.29296875 0.7359375 0.025 0.01875
0 0.28125 0.65625 0.0421875 0.0375
0 0.253125 0.71015625 0.025 0.025
0 0.215625 0.7171875 0.025 0.025
0 0.19609375 0.815625 0.021875 0.025
0 0.171875 0.684375 0.009375 0.021875
0 0.459375 0.94375 0.034375 0.0296875
0 0.50390625 0.953125 0.04375 0.040625
0 0.49765625 0.93828125 0.0421875 0.05
0 0.5078125 0.921875 0.0140625 0.015625
0 0.52890625 0.83828125 0.040625 0.0375
0 0.4578125 0.81328125 0.0296875 0.0359375
0 0.41796875 0.8671875 0.0203125 0.021875
0 0.409375 0.84765625 0.0140625 0.01875
0 0.55234375 0.8921875 0.01875 0.021875
0 0.515625 0.890625 0.0203125 0.021875
0 0.6203125 0.8203125 0.021875 0.0203125
0 0.625 0.76796875 0.034375 0.028125
0 0.6421875 0.72578125 0.028125 0.034375
0 0.68984375 0.696875 0.0296875 0.034375
0 0.7203125 0.77109375 0.0140625 0.015625
0 0.7296875 0.79375 0.025 0.028125
0 0.6078125 0.915625 0.0203125 0.0140625
0 0.63984375 0.91875 0.028125 0.028125
0 0.778125 0.740625 0.0296875 0.025
0 0.7703125 0.69296875 0.0359375 0.040625
0 0.803125 0.675 0.034375 0.03125
0 0.8140625 0.50703125 0.0296875 0.0296875
0 0.7796875 0.515625 0.01875 0.015625
0 0.79921875 0.49921875 0.01875 0.0203125
0 0.82421875 0.45078125 0.01875 0.01875
0 0.82421875 0.4640625 0.01875 0.0140625
0 0.82265625 0.73125 0.015625 0.0203125
0 0.8109375 0.72890625 0.0140625 0.015625
0 0.71484375 0.6640625 0.01875 0.01875
0 0.66796875 0.646875 0.028125 0.0203125
0 0.67734375 0.634375 0.0203125 0.01875
0 0.675 0.7609375 0.015625 0.015625
0 0.66328125 0.73671875 0.021875 0.028125
0 0.68125 0.73671875 0.021875 0.0203125
0 0.57578125 0.775 0.0140625 0.01875
0 0.59765625 0.70625 0.021875 0.0203125
0 0.58125 0.71015625 0.025 0.01875
0 0.590625 0.721875 0.021875 0.01875
0 0.61015625 0.7359375 0.021875 0.025
0 0.61484375 0.6609375 0.0203125 0.0125
0 0.61328125 0.640625 0.01875 0.01875
0 0.6078125 0.62265625 0.015625 0.01875
0 0.63671875 0.62109375 0.021875 0.025
0 0.6453125 0.6109375 0.01875 0.0140625
0 0.634375 0.5296875 0.021875 0.0203125
0 0.6328125 0.56875 0.021875 0.0203125
0 0.5859375 0.55703125 0.0203125 0.025
0 0.56015625 0.621875 0.021875 0.025
0 0.5453125 0.64765625 0.021875 0.025
0 0.55390625 0.665625 0.0296875 0.0375
0 0.49765625 0.64921875 0.0375 0.0296875
0 0.528125 0.55078125 0.0203125 0.021875
0 0.54921875 0.478125 0.028125 0.028125
0 0.5578125 0.48671875 0.021875 0.034375
0 0.56015625 0.4671875 0.021875 0.021875
0 0.48984375 0.48984375 0.03125 0.028125
0 0.45703125 0.51484375 0.0203125 0.028125
0 0.37734375 0.54296875 0.034375 0.03125
0 0.384375 0.51875 0.028125 0.03125
0 0.39765625 0.503125 0.01875 0.01875
0 0.3703125 0.50703125 0.015625 0.021875
0 0.3453125 0.546875 0.0296875 0.034375
0 0.40625 0.6546875 0.025 0.025
0 0.43828125 0.66328125 0.025 0.021875
0 0.42578125 0.715625 0.01875 0.015625
0 0.4296875 0.74609375 0.03125 0.028125
0 0.4 0.7640625 0.0203125 0.0203125
0 0.40234375 0.7296875 0.096875 0.090625
0 0.38671875 0.67578125 0.0640625 0.059375
0 0.37421875 0.8921875 0.23125 0.215625
0 0.4328125 0.36796875 0.040625 0.0375
0 0.45703125 0.36875 0.01875 0.025
0 0.23125 0.584375 0.021875 0.0203125
0 0.20390625 0.584375 0.025 0.0203125
0 0.18671875 0.5328125 0.021875 0.01875
0 0.1953125 0.52109375 0.021875 0.0203125
0 0.21484375 0.3796875 0.0140625 0.015625
0 0.2140625 0.36171875 0.015625 0.0140625
0 0.303125 0.4140625 0.0203125 0.021875
0 0.32265625 0.34296875 0.025 0.0203125
0 0.2 0.303125 0.015625 0.015625
0 0.41484375 0.26171875 0.021875 0.021875
0 0.43203125 0.3203125 0.01875 0.021875
0 0.53984375 0.26171875 0.025 0.025
0 0.5671875 0.303125 0.021875 0.0203125
0 0.62421875 0.259375 0.0203125 0.025
0 0.609375 0.29921875 0.028125 0.025
0 0.6328125 0.29765625 0.025 0.034375
0 0.65 0.33984375 0.021875 0.025
0 0.66796875 0.3828125 0.0203125 0.025
0 0.6859375 0.3140625 0.015625 0.01875
0 0.71171875 0.4 0.01875 0.0203125
0 0.71796875 0.421875 0.0203125 0.0203125
0 0.76328125 0.4203125 0.015625 0.015625
0 0.71875 0.271875 0.021875 0.025
0 0.72421875 0.31484375 0.0203125 0.0203125
0 0.7046875 0.109375 0.025 0.0203125
0 0.7296875 0.10234375 0.025 0.03125
0 0.79296875 0.05703125 0.0203125 0.025
0 0.784375 0.078125 0.015625 0.015625
0 0.82421875 0.146875 0.01875 0.01875
0 0.821875 0.0421875 0.0203125 0.021875
0 0.80703125 0.29375 0.025 0.0296875
0 0.8046875 0.4046875 0.021875 0.025
0 0.796875 0.62265625 0.01875 0.0203125
0 0.26484375 0.28984375 0.021875 0.021875
0 0.36015625 0.103125 0.0203125 0.028125
0 0.575 0.0640625 0.0375 0.040625
0 0.59765625 0.125 0.025 0.021875
0 0.37734375 0.06015625 0.015625 0.0203125
0 0.4046875 0.05625 0.021875 0.01875
0 0.4109375 0.0453125 0.015625 0.01875
0 0.40234375 0.03828125 0.015625 0.015625
0 0.44296875 0.084375 0.01875 0.01875
0 0.4578125 0.13515625 0.021875 0.025
0 0.5609375 0.23203125 0.028125 0.025
0 0.57578125 0.2109375 0.021875 0.0140625
0 0.38671875 0.090625 0.025 0.025
0 0.67421875 0.221875 0.025 0.034375
0 0.675 0.13984375 0.01875 0.021875
0 0.63203125 0.04609375 0.028125 0.03125
0 0.24765625 0.16875 0.025 0.025
0 0.1828125 0.3390625 0.0203125 0.025
0 0.17421875 0.328125 0.0140625 0.0296875
0 0.50703125 0.18671875 0.0203125 0.025
0 0.5296875 0.19921875 0.0203125 0.025
0 0.7109375 0.075 0.03125 0.03125
0 0.72421875 0.6046875 0.015625 0.01875
0 0.74921875 0.62578125 0.0203125 0.0203125
0 0.7421875 0.86484375 0.01875 0.0203125
0 0.734375 0.846875 0.01875 0.01875
0 0.5296875 0.59609375 0.025 0.021875
0 0.546875 0.5890625 0.021875 0.0203125
0 0.584375 0.6 0.01875 0.0203125
0 0.515625 0.58671875 0.0203125 0.0203125
0 0.61484375 0.6828125 0.0203125 0.025
0 0.48125 0.6046875 0.021875 0.025