0 0.09375 0.08671875 0.1875 0.1734375
0 0.059375 0.08515625 0.11796875 0.1703125
0 0.740625 0.5 0.51796875 1
0 0.05625 0.67421875 0.11171875 0.2
0 0.06796875 0.71328125 0.1359375 0.3296875
0 0.03515625 0.02578125 0.0703125 0.0515625
0 0.02265625 0.01953125 0.0453125 0.0390625
0 0.02421875 0.025 0.04765625 0.05
0 0.09765625 0.04375 0.1921875 0.0875
0 0.12265625 0.69609375 0.15 0.14765625
0 0.08828125 0.9765625 0.1421875 0.046875
0 0.87890625 0.73125 0.16015625 0.15234375
0 0.015625 0.621875 0.03125 0.084375
0 0.021875 0.05625 0.04375 0.07578125
0 0.028125 0.42890625 0.05625 0.10625
0 0.43125 0.2046875 0.1296875 0.13203125
0 0.5140625 0.17578125 0.09375 0.10234375
0 0.98515625 0.78984375 0.0296875 0.1359375
0 0.7578125 0.5953125 0.12578125 0.1140625
0 0.57421875 0.5203125 0.084375 0.0796875
0 0.11796875 0.56328125 0.11796875 0.09375
0 0.02890625 0.6921875 0.0578125 0.11171875
0 0.0171875 0.28984375 0.034375 0.05625
0 0.021875 0.090625 0.04375 0.0703125
0 0.0890625 0.321875 0.1203125 0.10625
0 0.2703125 0.57109375 0.11015625 0.1296875
0 0.3171875 0.65390625 0.06796875 0.06796875
0 0.378125 0.5921875 0.071875 0.05625
0 0.47109375 0.840625 0.10234375 0.09765625
0 0.39765625 0.71484375 0.065625 0.05625
0 0.534375 0.70390625 0.0796875 0.08203125
0 0.02109375 0.9796875 0.0421875 0.03984375
0 0.03125 0.94296875 0.06171875 0.1140625
0 0.57734375 0.03984375 0.11796875 0.0796875
0 0.52578125 0.0671875 0.0796875 0.0859375
0 0.52109375 0.38984375 0.084375 0.07421875
0 0.0859375 0.0203125 0.0921875 0.03984375