0 0.30234375 0.95703125 0.0234375 0.0203125
0 0.49140625 0.8328125 0.0125 0.0109375
0 0.5921875 0.6578125 0.0328125 0.0296875
0 0.5625 0.47578125 0.021875 0.01875
0 0.5515625 0.415625 0.0265625 0.0234375
0 0.6734375 0.434375 0.015625 0.0125
0 0.9375 0.92890625 0.0265625 0.0234375
0 0.91328125 0.6359375 0.01875 0.015625
0 0.7609375 0.91875 0.025 0.021875
0 0.70390625 0.9125 0.0171875 0.015625
0 0.815625 0.9625 0.021875 0.01875
0 0.7828125 0.196875 0.0578125 0.0515625
0 0.52265625 0.08203125 0.015625 0.0140625
0 0.23125 0.0921875 0.0125 0.0109375
0 0.08125 0.0578125 0.0546875 0.046875
0 0.571875 0.99140625 0.0125 0.0109375
0 0.240625 0.9109375 0.0140625 0.0125
0 0.39921875 0.7125 0.0109375 0.0109375
0 0.08046875 0.63359375 0.0234375 0.01875
0 0.5453125 0.6375 0.015625 0.0125
0 0.61796875 0.571875 0.015625 0.0125
0 0.60625 0.4015625 0.0125 0.0125
0 0.71640625 0.22265625 0.01875 0.0171875
0 0.65546875 0.096875 0.028125 0.025
0 0.3921875 0.225 0.0125 0.0109375
0 0.325 0.2234375 0.0125 0.0109375