0 0.134375 0.10078125 0.015625 0.015625
0 0.14609375 0.23046875 0.0171875 0.0171875
0 0.1390625 0.28046875 0.01640625 0.01640625
0 0.31875 0.18359375 0.01953125 0.01953125
0 0.3484375 0.19609375 0.0234375 0.0234375
0 0.434375 0.1921875 0.0171875 0.0171875
0 0.73515625 0.2125 0.028125 0.028125
0 0.89921875 0.75390625 0.01484375 0.01484375
0 0.64765625 0.66875 0.021875 0.021875
0 0.70234375 0.34375 0.0125 0.0125
0 0.96953125 0.6765625 0.0140625 0.0140625
0 0.36171875 0.75078125 0.015625 0.015625
0 0.15 0.68359375 0.04296875 0.04296875
0 0.0765625 0.61015625 0.0921875 0.090625
0 0.0515625 0.440625 0.05 0.05
0 0.0671875 0.74296875 0.0171875 0.0171875
0 0.04375 0.95234375 0.0203125 0.0203125
0 0.075 0.9859375 0.015625 0.015625
0 0.7703125 0.48984375 0.459375 0.65625
0 0.06953125 0.6484375 0.02265625 0.02265625
0 0.9671875 0.025 0.0140625 0.0140625
0 0.975 0.34921875 0.009375 0.009375
0 0.86640625 0.23203125 0.0140625 0.0140625
0 0.665625 0.1171875 0.01171875 0.01171875
0 0.59296875 0.0734375 0.01171875 0.01171875
0 0.42265625 0.3015625 0.01484375 0.01484375
0 0.3609375 0.315625 0.0109375 0.0109375
0 0.2921875 0.1921875 0.01171875 0.01171875
0 0.2765625 0.20390625 0.01171875 0.01171875
0 0.2375 0.096875 0.009375 0.009375
0 0.08984375 0.1453125 0.0140625 0.0125
0 0.3203125 0.61015625 0.009375 0.009375
0 0.459375 0.7 0.01171875 0.01171875
0 0.49921875 0.61640625 0.0140625 0.0140625
0 0.75625 0.4640625 0.009375 0.009375
0 0.853125 0.85625 0.0109375 0.0109375
0 0.4375 0.96953125 0.0109375 0.0109375
0 0.5609375 0.70546875 0.084375 0.084375
0 0.51171875 0.6703125 0.01640625 0.01640625