0 0.89921875 0.134375 0.015625 0.015625
0 0.76953125 0.14609375 0.0171875 0.0171875
0 0.71953125 0.1390625 0.015625 0.015625
0 0.81640625 0.31875 0.01875 0.01875
0 0.80390625 0.3484375 0.0234375 0.0234375
0 0.8078125 0.434375 0.0171875 0.0171875
0 0.7875 0.73515625 0.028125 0.028125
0 0.24609375 0.89921875 0.015625 0.0140625
0 0.33125 0.64765625 0.021875 0.021875
0 0.65625 0.70234375 0.0125 0.0125
0 0.3234375 0.96953125 0.0140625 0.0140625
0 0.24921875 0.36171875 0.015625 0.015625
0 0.31640625 0.15 0.04375 0.04375
0 0.38984375 0.0765625 0.090625 0.0921875
0 0.559375 0.0515625 0.05 0.05
0 0.25703125 0.0671875 0.0171875 0.0171875
0 0.04765625 0.04375 0.0203125 0.0203125
0 0.0140625 0.075 0.015625 0.015625
0 0.51015625 0.7703125 0.65625 0.459375
0 0.3515625 0.06953125 0.021875 0.021875
0 0.975 0.9671875 0.0140625 0.0140625
0 0.65078125 0.975 0.009375 0.009375
0 0.76796875 0.86640625 0.0140625 0.0140625
0 0.8828125 0.665625 0.0125 0.0125
0 0.9265625 0.59296875 0.0125 0.0125
0 0.6984375 0.42265625 0.015625 0.015625
0 0.684375 0.3609375 0.0109375 0.0109375
0 0.8078125 0.2921875 0.0125 0.0125
0 0.79609375 0.2765625 0.0125 0.0125
0 0.903125 0.2375 0.009375 0.009375
0 0.8546875 0.08984375 0.0125 0.0140625
0 0.38984375 0.3203125 0.009375 0.009375
0 0.3 0.459375 0.0125 0.0125
0 0.38359375 0.49921875 0.0140625 0.0140625
0 0.5359375 0.75625 0.009375 0.009375
0 0.14375 0.853125 0.0109375 0.0109375
0 0.03046875 0.4375 0.0109375 0.0109375
0 0.29453125 0.5609375 0.084375 0.084375
0 0.3296875 0.51171875 0.015625 0.015625