0 0.89921875 0.865625 0.015625 0.015625
0 0.76953125 0.85390625 0.0171875 0.0171875
0 0.71953125 0.8609375 0.015625 0.015625
0 0.81640625 0.68125 0.01875 0.01875
0 0.80390625 0.6515625 0.0234375 0.0234375
0 0.8078125 0.565625 0.0171875 0.0171875
0 0.7875 0.26484375 0.028125 0.028125
0 0.24609375 0.10078125 0.015625 0.015625
0 0.33125 0.35234375 0.021875 0.021875
0 0.65625 0.29765625 0.0125 0.0125
0 0.3234375 0.03046875 0.0140625 0.0140625
0 0.24921875 0.63828125 0.015625 0.015625
0 0.31640625 0.85 0.04375 0.04375
0 0.38984375 0.9234375 0.090625 0.0921875
0 0.559375 0.9484375 0.05 0.05
0 0.25703125 0.9328125 0.0171875 0.0171875
0 0.04765625 0.95625 0.0203125 0.0203125
0 0.0140625 0.925 0.015625 0.015625
0 0.51015625 0.2296875 0.65625 0.459375
0 0.3515625 0.93046875 0.021875 0.021875
0 0.975 0.0328125 0.0140625 0.0140625
0 0.65078125 0.025 0.009375 0.009375
0 0.76796875 0.13359375 0.0140625 0.0140625
0 0.8828125 0.334375 0.0125 0.0125
0 0.9265625 0.40703125 0.0125 0.0125
0 0.6984375 0.57734375 0.015625 0.015625
0 0.684375 0.6390625 0.0109375 0.0109375
0 0.8078125 0.7078125 0.0125 0.0125
0 0.79609375 0.7234375 0.0125 0.0125
0 0.903125 0.7625 0.009375 0.009375
0 0.8546875 0.91015625 0.0125 0.0140625
0 0.38984375 0.6796875 0.009375 0.009375
0 0.3 0.540625 0.0125 0.0125
0 0.38359375 0.50078125 0.0140625 0.0140625
0 0.5359375 0.24375 0.009375 0.009375
0 0.14375 0.146875 0.0109375 0.0109375
0 0.03046875 0.5625 0.0109375 0.0109375
0 0.29453125 0.4390625 0.084375 0.084375
0 0.3296875 0.48828125 0.015625 0.015625