0 0.75859375 0.21171875 0.3265625 0.30625
0 0.6546875 0.43046875 0.0484375 0.0453125
0 0.446875 0.0953125 0.0359375 0.034375
0 0.34765625 0.22265625 0.05625 0.053125
0 0.3609375 0.59140625 0.03125 0.03125
0 0.21171875 0.63671875 0.053125 0.0484375
0 0.04921875 0.38671875 0.03125 0.028125
0 0.03828125 0.553125 0.0296875 0.0265625
0 0.68984375 0.334375 0.034375 0.03125
0 0.7765625 0.53984375 0.03125 0.028125
0 0.7609375 0.1984375 0.03125 0.028125
0 0.72734375 0.50625 0.028125 0.0265625
0 0.66484375 0.25625 0.028125 0.0265625
0 0.5484375 0.071875 0.028125 0.0265625
0 0.6546875 0.3796875 0.028125 0.0265625
0 0.6875 0.37734375 0.0265625 0.0265625
0 0.578125 0.7015625 0.0265625 0.025
0 0.078125 0.4078125 0.028125 0.0265625
0 0.39296875 0.25703125 0.0296875 0.0265625