0 0.78828125 0.24140625 0.30625 0.3265625
0 0.56953125 0.3453125 0.0453125 0.0484375
0 0.9046875 0.5515625 0.034375 0.0359375
0 0.77734375 0.65234375 0.053125 0.05625
0 0.40859375 0.6390625 0.03125 0.03125
0 0.36328125 0.78828125 0.0484375 0.053125
0 0.61328125 0.95078125 0.028125 0.03125
0 0.446875 0.96171875 0.0265625 0.028125
0 0.665625 0.30859375 0.03125 0.034375
0 0.46015625 0.2234375 0.028125 0.03125
0 0.8015625 0.2390625 0.028125 0.03125
0 0.49375 0.27265625 0.0265625 0.028125
0 0.74375 0.334375 0.0265625 0.028125
0 0.928125 0.4515625 0.0265625 0.028125
0 0.6203125 0.3453125 0.0265625 0.028125
0 0.62265625 0.3125 0.0265625 0.0265625
0 0.2984375 0.421875 0.025 0.0265625
0 0.5921875 0.921875 0.0265625 0.0296875
0 0.74296875 0.60703125 0.0265625 0.028125