0 0.809375 0.278125 0.015625 0.015625
0 0.3375 0.06328125 0.025 0.0234375
0 0.384375 0.2140625 0.1625 0.15625
0 0.56484375 0.2546875 0.034375 0.0328125
0 0.3140625 0.31953125 0.01875 0.0171875
0 0.22578125 0.34453125 0.05625 0.053125
0 0.14375 0.2734375 0.015625 0.0140625
0 0.86953125 0.46796875 0.0171875 0.015625
0 0.2734375 0.65078125 0.015625 0.015625
0 0.03046875 0.7953125 0.0171875 0.0171875
0 0.578125 0.90546875 0.0265625 0.025
0 0.8578125 0.70546875 0.01875 0.0171875
0 0.1609375 0.546875 0.0109375 0.009375
0 0.2296875 0.58515625 0.0125 0.0125
0 0.35625 0.59375 0.0140625 0.0140625
0 0.478125 0.43359375 0.0125 0.0125
0 0.95625 0.46640625 0.0125 0.0125
0 0.1421875 0.76484375 0.0125 0.0125