0 0.24140625 0.21171875 0.3265625 0.30546875
0 0.3453125 0.43046875 0.0484375 0.0453125
0 0.553125 0.0953125 0.0359375 0.03359375
0 0.65234375 0.22265625 0.05546875 0.053125
0 0.6390625 0.59140625 0.03125 0.03125
0 0.78828125 0.63671875 0.053125 0.0484375
0 0.95078125 0.38671875 0.03125 0.02890625
0 0.96171875 0.553125 0.02890625 0.0265625
0 0.31015625 0.334375 0.03359375 0.03125
0 0.2234375 0.53984375 0.03125 0.02890625
0 0.2390625 0.1984375 0.03125 0.02890625
0 0.27265625 0.50625 0.02890625 0.0265625
0 0.33515625 0.25625 0.02890625 0.0265625
0 0.4515625 0.071875 0.02890625 0.0265625
0 0.3453125 0.3796875 0.02890625 0.0265625
0 0.3125 0.37734375 0.0265625 0.0265625
0 0.421875 0.7015625 0.0265625 0.02421875
0 0.921875 0.4078125 0.02890625 0.0265625
0 0.60703125 0.25703125 0.02890625 0.0265625