0 0.49296875 0.95078125 0.12265625 0.0984375
0 0.98203125 0.37265625 0.0359375 0.0453125
0 0.19453125 0.4046875 0.03828125 0.0359375
0 0.33671875 0.571875 0.084375 0.0765625
0 0.1859375 0.71640625 0.0796875 0.071875
0 0.74609375 0.6109375 0.04296875 0.040625
0 0.94140625 0.0640625 0.0484375 0.04296875
0 0.53125 0.30546875 0.03828125 0.03359375
0 0.4796875 0.709375 0.0359375 0.03125
0 0.46484375 0.7671875 0.0265625 0.02421875
0 0.05859375 0.4125 0.03125 0.02890625
0 0.259375 0.4421875 0.03359375 0.03125
0 0.359375 0.29296875 0.03359375 0.03125
0 0.88671875 0.24296875 0.03359375 0.03125