0 0.04921875 0.49296875 0.0984375 0.121875
0 0.62734375 0.98203125 0.0453125 0.0359375
0 0.5953125 0.19453125 0.0359375 0.0375
0 0.428125 0.33671875 0.0765625 0.084375
0 0.28359375 0.1859375 0.071875 0.0796875
0 0.3890625 0.74609375 0.040625 0.04375
0 0.9359375 0.94140625 0.04375 0.0484375
0 0.69453125 0.53125 0.034375 0.0375
0 0.2921875 0.4796875 0.03125 0.0359375
0 0.234375 0.46484375 0.025 0.0265625
0 0.5875 0.05859375 0.028125 0.03125
0 0.5578125 0.259375 0.03125 0.034375
0 0.70703125 0.359375 0.03125 0.034375
0 0.75703125 0.88671875 0.03125 0.034375