0 0.93125 0.0171875 0.015625 0.0140625
0 0.79453125 0.21796875 0.015625 0.015625
0 0.5046875 0.12265625 0.0140625 0.0140625
0 0.07421875 0.32734375 0.0296875 0.028125
0 0.1859375 0.43671875 0.0109375 0.0109375
0 0.29140625 0.35859375 0.0140625 0.0140625
0 0.40859375 0.6984375 0.0515625 0.05
0 0.415625 0.8953125 0.015625 0.015625
0 0.5484375 0.33984375 0.0328125 0.03125
0 0.4921875 0.83828125 0.0671875 0.065625
0 0.67109375 0.6859375 0.0171875 0.0171875
0 0.83671875 0.65 0.015625 0.015625
0 0.93984375 0.8265625 0.0265625 0.0265625
0 0.9 0.55390625 0.075 0.0734375
0 0.9296875 0.93046875 0.0125 0.0125
0 0.89140625 0.98359375 0.0203125 0.0203125
0 0.996875 0.359375 0.00625 0.009375
0 0.38359375 0.19453125 0.0140625 0.0140625
0 0.07578125 0.41328125 0.015625 0.015625
0 0.21875 0.13359375 0.0125 0.0125
0 0.31171875 0.20390625 0.009375 0.009375
0 0.9 0.27421875 0.0125 0.0125
0 0.553125 0.1703125 0.009375 0.009375
0 0.4859375 0.27109375 0.0140625 0.0125
0 0.21796875 0.459375 0.0125 0.0125
0 0.2078125 0.89296875 0.0125 0.0125
0 0.38125 0.9125 0.0109375 0.0109375