0 0.24609375 0.30859375 0.178125 0.1734375
0 0.4 0.27890625 0.0578125 0.05546875
0 0.39453125 0.12265625 0.34140625 0.2453125
0 0.6609375 0.88671875 0.0890625 0.08671875
0 0.578125 0.60546875 0.1203125 0.115625
0 0.56484375 0.75234375 0.53359375 0.4953125
0 0.9015625 0.17578125 0.18984375 0.18984375
0 0.10703125 0.953125 0.040625 0.03828125
0 0.22109375 0.67421875 0.0265625 0.0265625
0 0.4953125 0.525 0.03359375 0.03125
0 0.65625 0.62109375 0.03359375 0.03125
0 0.36171875 0.3890625 0.02421875 0.02421875