0 0.06875 0.0171875 0.015625 0.0140625
0 0.20546875 0.21796875 0.015625 0.015625
0 0.4953125 0.12265625 0.0140625 0.0140625
0 0.92578125 0.32734375 0.0296875 0.028125
0 0.8140625 0.43671875 0.0109375 0.0109375
0 0.70859375 0.35859375 0.0140625 0.0140625
0 0.59140625 0.6984375 0.0515625 0.05
0 0.584375 0.8953125 0.015625 0.015625
0 0.4515625 0.33984375 0.0328125 0.03125
0 0.5078125 0.83828125 0.0671875 0.065625
0 0.32890625 0.6859375 0.0171875 0.0171875
0 0.16328125 0.65 0.015625 0.015625
0 0.06015625 0.8265625 0.0265625 0.0265625
0 0.1 0.55390625 0.075 0.0734375
0 0.0703125 0.93046875 0.0125 0.0125
0 0.10859375 0.98359375 0.0203125 0.0203125
0 0.003125 0.359375 0.00625 0.009375
0 0.61640625 0.19453125 0.0140625 0.0140625
0 0.92421875 0.41328125 0.015625 0.015625
0 0.78125 0.13359375 0.0125 0.0125
0 0.68828125 0.20390625 0.009375 0.009375
0 0.1 0.27421875 0.0125 0.0125
0 0.446875 0.1703125 0.009375 0.009375
0 0.5140625 0.27109375 0.0140625 0.0125
0 0.78203125 0.459375 0.0125 0.0125
0 0.7921875 0.89296875 0.0125 0.0125
0 0.61875 0.9125 0.0109375 0.0109375