0 0.4078125 0.15 0.015625 0.01484375
0 0.68046875 0.196875 0.0234375 0.02265625
0 0.865625 0.06171875 0.015625 0.015625
0 0.96640625 0.021875 0.03828125 0.0375
0 0.92734375 0.53203125 0.021875 0.021875
0 0.590625 0.25078125 0.021875 0.0203125
0 0.715625 0.4640625 0.01484375 0.0140625
0 0.7203125 0.415625 0.0109375 0.009375
0 0.7515625 0.4046875 0.01171875 0.01171875
0 0.5515625 0.79921875 0.0140625 0.0125
0 0.4828125 0.61171875 0.0171875 0.01640625
0 0.39375 0.70078125 0.01875 0.0171875
0 0.421875 0.778125 0.01484375 0.01484375
0 0.809375 0.6328125 0.01171875 0.0109375
0 0.25703125 0.73515625 0.028125 0.02734375
0 0.40546875 0.3671875 0.0109375 0.009375
0 0.4390625 0.3171875 0.01171875 0.01171875
0 0.15625 0.65 0.0125 0.0125
0 0.0421875 0.8125 0.084375 0.11640625
0 0.3 0.25703125 0.01171875 0.01171875
0 0.05078125 0.7765625 0.05 0.04765625
0 0.8703125 0.828125 0.259375 0.34375
0 0.24765625 0.06953125 0.0140625 0.0140625
0 0.265625 0.13046875 0.01171875 0.0109375
0 0.9234375 0.2765625 0.0125 0.0125
0 0.33828125 0.66640625 0.009375 0.009375
0 0.121875 0.7359375 0.01171875 0.0109375
0 0.8328125 0.93671875 0.01171875 0.0109375