0 0.30078125 0.92421875 0.034375 0.034375
0 0.30859375 0.87578125 0.01875 0.01875
0 0.32109375 0.66875 0.01875 0.01875
0 0.34296875 0.33984375 0.0375 0.0375
0 0.5875 0.48359375 0.021875 0.021875
0 0.5484375 0.5375 0.015625 0.0171875
0 0.67265625 0.3890625 0.0140625 0.0140625
0 0.4515625 0.4734375 0.015625 0.015625
0 0.89375 0.44921875 0.0171875 0.0171875
0 0.603125 0.66328125 0.0125 0.0125
0 0.7265625 0.43671875 0.0109375 0.0109375
0 0.50859375 0.38984375 0.0140625 0.0140625
0 0.2046875 0.84765625 0.0140625 0.0140625
0 0.409375 0.98515625 0.0125 0.0125
0 0.35078125 0.2125 0.0125 0.0125
0 0.2609375 0.42265625 0.01875 0.01875
0 0.925 0.33828125 0.009375 0.009375
0 0.878125 0.11640625 0.009375 0.0109375
0 0.63359375 0.07265625 0.009375 0.009375
0 0.62578125 0.31875 0.009375 0.009375
0 0.4578125 0.4046875 0.0109375 0.0109375
0 0.384375 0.61640625 0.0125 0.0125
0 0.41171875 0.65703125 0.0125 0.0125
0 0.56875 0.99921875 0.009375 0.0015625
0 0.10234375 0.815625 0.0109375 0.0109375
0 0.20234375 0.66484375 0.0109375 0.0109375
0 0.021875 0.615625 0.0140625 0.0140625
0 0.2375 0.54609375 0.0125 0.0125
0 0.21796875 0.56328125 0.015625 0.015625
0 0.24765625 0.38046875 0.0140625 0.0140625
0 0.3375 0.05625 0.0125 0.0125
0 0.09296875 0.2875 0.0109375 0.0109375
0 0.0140625 0.2234375 0.00625 0.0109375
0 0.028125 0.1109375 0.0109375 0.0109375