0 0.21640625 0.8296875 0.034375 0.034375
0 0.30078125 0.8265625 0.01875 0.01875
0 0.16328125 0.65546875 0.0203125 0.0203125
0 0.45234375 0.71328125 0.0640625 0.0640625
0 0.5515625 0.80625 0.015625 0.015625
0 0.8421875 0.928125 0.01875 0.01875
0 0.9609375 0.5140625 0.0171875 0.0171875
0 0.7875 0.41875 0.01875 0.01875
0 0.74140625 0.18125 0.015625 0.015625
0 0.68046875 0.3890625 0.03125 0.03125
0 0.33671875 0.3609375 0.01875 0.01875
0 0.946875 0.34921875 0.0125 0.0125
0 0.8375 0.39140625 0.0125 0.0125
0 0.39453125 0.3140625 0.015625 0.015625
0 0.2078125 0.66328125 0.015625 0.015625
0 0.1875 0.5171875 0.015625 0.015625
0 0.20234375 0.0953125 0.0125 0.0125
0 0.0484375 0.3375 0.0125 0.0125
0 0.0515625 0.278125 0.0125 0.0125
0 0.4171875 0.35078125 0.0140625 0.0140625
0 0.80546875 0.85625 0.0125 0.0125
0 0.85546875 0.096875 0.0125 0.0109375
0 0.19375 0.2015625 0.0109375 0.0109375
0 0.04375 0.11640625 0.0125 0.0125
0 0.80234375 0.9828125 0.0109375 0.0125