0 0.69921875 0.07578125 0.034375 0.034375
0 0.69140625 0.12421875 0.01875 0.01875
0 0.67890625 0.33125 0.01875 0.01875
0 0.65703125 0.66015625 0.0375 0.0375
0 0.4125 0.51640625 0.021875 0.021875
0 0.4515625 0.4625 0.015625 0.0171875
0 0.32734375 0.6109375 0.0140625 0.0140625
0 0.5484375 0.5265625 0.015625 0.015625
0 0.10625 0.55078125 0.0171875 0.0171875
0 0.396875 0.33671875 0.0125 0.0125
0 0.2734375 0.56328125 0.0109375 0.0109375
0 0.49140625 0.61015625 0.0140625 0.0140625
0 0.7953125 0.15234375 0.0140625 0.0140625
0 0.590625 0.01484375 0.0125 0.0125
0 0.64921875 0.7875 0.0125 0.0125
0 0.7390625 0.57734375 0.01875 0.01875
0 0.075 0.66171875 0.009375 0.009375
0 0.121875 0.88359375 0.009375 0.0109375
0 0.36640625 0.92734375 0.009375 0.009375
0 0.37421875 0.68125 0.009375 0.009375
0 0.5421875 0.5953125 0.0109375 0.0109375
0 0.615625 0.38359375 0.0125 0.0125
0 0.58828125 0.34296875 0.0125 0.0125
0 0.43125 0.00078125 0.009375 0.0015625
0 0.89765625 0.184375 0.0109375 0.0109375
0 0.79765625 0.33515625 0.0109375 0.0109375
0 0.978125 0.384375 0.0140625 0.0140625
0 0.7625 0.45390625 0.0125 0.0125
0 0.78203125 0.43671875 0.015625 0.015625
0 0.75234375 0.61953125 0.0140625 0.0140625
0 0.6625 0.94375 0.0125 0.0125
0 0.90703125 0.7125 0.0109375 0.0109375
0 0.9859375 0.7765625 0.00625 0.0109375
0 0.971875 0.8890625 0.0109375 0.0109375