0 0.39375 0.9328125 0.165625 0.134375
0 0.15078125 0.6921875 0.3015625 0.3546875
0 0.184375 0.39140625 0.0265625 0.0234375
0 0.24765625 0.2796875 0.0859375 0.0765625
0 0.890625 0.690625 0.0640625 0.0578125
0 0.97578125 0.6859375 0.03515625 0.03125
0 0.884375 0.396875 0.0171875 0.015625
0 0.92109375 0.46171875 0.15703125 0.2296875
0 0.6375 0.92265625 0.13125 0.11640625
0 0.5359375 0.98359375 0.01640625 0.01484375
0 0.78828125 0.86640625 0.015625 0.0140625
0 0.22265625 0.621875 0.01171875 0.009375
0 0.9171875 0.6234375 0.01171875 0.009375
0 0.85625 0.65390625 0.0125 0.01171875
0 0.80078125 0.834375 0.01171875 0.009375
0 0.69609375 0.76171875 0.015625 0.0140625
0 0.5515625 0.79921875 0.0171875 0.015625
0 0.815625 0.14375 0.040625 0.0359375