0 0.95390625 0.55390625 0.03046875 0.0296875
0 0.809375 0.553125 0.021875 0.021875
0 0.78828125 0.6796875 0.0171875 0.0171875
0 0.67265625 0.9046875 0.0203125 0.01953125
0 0.434375 0.7984375 0.0203125 0.0203125
0 0.2546875 0.7953125 0.0171875 0.0171875
0 0.2046875 0.28828125 0.0328125 0.0328125
0 0.00703125 0.2359375 0.0140625 0.0203125
0 0.0734375 0.06328125 0.02265625 0.02265625
0 0.02421875 0.4421875 0.0203125 0.0203125
0 0.27890625 0.365625 0.0203125 0.0203125
0 0.828125 0.2015625 0.03046875 0.0296875
0 0.175 0.19453125 0.0171875 0.0171875
0 0.35546875 0.17734375 0.0125 0.0125
0 0.45 0.14140625 0.01875 0.01875
0 0.53671875 0.17265625 0.01171875 0.01171875
0 0.65546875 0.2015625 0.0140625 0.0140625
0 0.3625 0.72265625 0.01484375 0.01484375
0 0.45859375 0.69765625 0.015625 0.015625
0 0.9703125 0.3765625 0.01875 0.0171875
0 0.72265625 0.3484375 0.0140625 0.0140625
0 0.8859375 0.6734375 0.01171875 0.01171875
0 0.26796875 0.82734375 0.01171875 0.01171875
0 0.3765625 0.7953125 0.0140625 0.0140625
0 0.78359375 0.00390625 0.0125 0.0078125
0 0.44140625 0.27890625 0.0125 0.0125
0 0.72109375 0.34609375 0.01171875 0.01171875
0 0.5640625 0.79453125 0.0109375 0.0109375
0 0.18203125 0.8796875 0.0109375 0.0109375
0 0.428125 0.84765625 0.0109375 0.0109375
0 0.784375 0.846875 0.009375 0.009375