0 0.44609375 0.04609375 0.0296875 0.03125
0 0.446875 0.190625 0.021875 0.021875
0 0.3203125 0.21171875 0.0171875 0.0171875
0 0.0953125 0.32734375 0.01875 0.0203125
0 0.2015625 0.565625 0.0203125 0.0203125
0 0.2046875 0.7453125 0.0171875 0.0171875
0 0.71171875 0.7953125 0.0328125 0.0328125
0 0.7640625 0.99296875 0.0203125 0.0140625
0 0.93671875 0.9265625 0.021875 0.021875
0 0.5578125 0.97578125 0.0203125 0.0203125
0 0.634375 0.72109375 0.0203125 0.0203125
0 0.7984375 0.171875 0.0296875 0.03125
0 0.80546875 0.825 0.0171875 0.0171875
0 0.82265625 0.64453125 0.0125 0.0125
0 0.85859375 0.55 0.01875 0.01875
0 0.82734375 0.46328125 0.0125 0.0125
0 0.7984375 0.34453125 0.0140625 0.0140625
0 0.27734375 0.6375 0.015625 0.015625
0 0.30234375 0.54140625 0.015625 0.015625
0 0.6234375 0.0296875 0.0171875 0.01875
0 0.6515625 0.27734375 0.0140625 0.0140625
0 0.3265625 0.1140625 0.0125 0.0125
0 0.17265625 0.73203125 0.0125 0.0125
0 0.2046875 0.6234375 0.0140625 0.0140625
0 0.99609375 0.21640625 0.0078125 0.0125
0 0.72109375 0.55859375 0.0125 0.0125
0 0.65390625 0.27890625 0.0125 0.0125
0 0.20546875 0.4359375 0.0109375 0.0109375
0 0.1203125 0.81796875 0.0109375 0.0109375
0 0.15234375 0.571875 0.0109375 0.0109375
0 0.153125 0.215625 0.009375 0.009375