0 0.32265625 0.90703125 0.0375 0.034375
0 0.7390625 0.87734375 0.10859375 0.1
0 0.2703125 0.84296875 0.0875 0.0796875
0 0.04609375 0.44921875 0.0921875 0.0984375
0 0.23125 0.60078125 0.0296875 0.02734375
0 0.38671875 0.56171875 0.0484375 0.0453125
0 0.65078125 0.24375 0.02265625 0.0203125
0 0.8125 0.75390625 0.2890625 0.26484375
0 0.89140625 0.20390625 0.025 0.02265625
0 0.65 0.18125 0.0296875 0.0265625
0 0.603125 0.025 0.028125 0.025
0 0.98359375 0.071875 0.02265625 0.0203125
0 0.31484375 0.30078125 0.0203125 0.01875
0 0.8953125 0.57890625 0.0125 0.01171875
0 0.696875 0.56953125 0.01640625 0.015625
0 0.446875 0.06953125 0.01171875 0.0109375
0 0.46171875 0.1953125 0.0125 0.01171875
0 0.68359375 0.1953125 0.0125 0.01171875
0 0.97109375 0.2125 0.0578125 0.08125
0 0.80625 0.34921875 0.059375 0.0546875
0 0.8671875 0.3125 0.0625 0.05625
0 0.55625 0.0390625 0.0703125 0.06328125
0 0.75 0.3796875 0.059375 0.05390625
0 0.01875 0.29296875 0.01953125 0.0171875
0 0.1765625 0.8578125 0.0125 0.01171875
0 0.3265625 0.81796875 0.015625 0.01484375
0 0.86171875 0.7671875 0.02265625 0.0203125
0 0.8453125 0.78046875 0.0234375 0.021875
0 0.7765625 0.953125 0.03984375 0.0359375