0 0.87890625 0.65390625 0.1328125 0.1484375
0 0.89375 0.81328125 0.0765625 0.0859375
0 0.72421875 0.31484375 0.53125 0.596875
0 0.6234375 0.13359375 0.3625 0.2671875
0 0.68515625 0.4140625 0.04375 0.05
0 0.79375 0.97890625 0.05 0.0421875
0 0.55390625 0.74296875 0.3265625 0.365625
0 0.00703125 0.97578125 0.0140625 0.03125
0 0.146875 0.82109375 0.0984375 0.1109375
0 0.175 0.74296875 0.0625 0.0703125
0 0.03828125 0.228125 0.021875 0.025
0 0.20234375 0.375 0.4046875 0.75
0 0.378125 0.83046875 0.021875 0.0234375
0 0.42109375 0.0125 0.0125 0.015625
0 0.2359375 0.25078125 0.0171875 0.01875
0 0.603125 0.9390625 0.0203125 0.0234375
0 0.075 0.965625 0.009375 0.0109375
0 0.1390625 0.965625 0.0125 0.0140625
0 0.1390625 0.98125 0.0125 0.0140625
0 0.178125 0.9515625 0.0125 0.015625
0 0.28828125 0.76640625 0.0109375 0.0125
0 0.34453125 0.9703125 0.0125 0.0140625
0 0.4 0.990625 0.0109375 0.0125
0 0.99375 0.15 0.0125 0.0140625
0 0.7375 0.421875 0.0375 0.0421875
0 0.6828125 0.4734375 0.034375 0.0390625