0 0.7515625 0.4359375 0.06015625 0.0578125
0 0.37109375 0.8125 0.0625 0.0625
0 0.0046875 0.2859375 0.009375 0.0359375
0 0.30078125 0.77265625 0.071875 0.071875
0 0.16015625 0.60546875 0.0265625 0.0265625
0 0.103125 0.80859375 0.06953125 0.0671875
0 0.0359375 0.8328125 0.03828125 0.0359375
0 0.00390625 0.81953125 0.00703125 0.03125
0 0.16328125 0.78515625 0.040625 0.040625
0 0.19609375 0.80390625 0.040625 0.040625
0 0.24609375 0.8953125 0.03125 0.03125
0 0.2171875 0.91796875 0.03125 0.03125
0 0.50234375 0.3609375 0.03359375 0.03359375
0 0.40234375 0.3484375 0.02890625 0.0265625
0 0.5140625 0.3125 0.0265625 0.0265625
0 0.22734375 0.27734375 0.0453125 0.04296875
0 0.93984375 0.71640625 0.03359375 0.03125