0 0.0515625 0.0703125 0.025 0.028125
0 0.1125 0.596875 0.01875 0.0203125
0 0.2796875 0.11015625 0.06875 0.075
0 0.2703125 0.05078125 0.015625 0.0171875
0 0.27890625 0.93984375 0.025 0.028125
0 0.31640625 0.44140625 0.04375 0.046875
0 0.6375 0.921875 0.05625 0.0625
0 0.44375 0.63203125 0.0234375 0.0265625
0 0.90546875 0.175 0.0390625 0.04375
0 0.41015625 0.284375 0.0734375 0.08125
0 0.94453125 0.59375 0.0484375 0.0546875
0 0.6515625 0.5 0.696875 1
0 0.69140625 0.84140625 0.5125 0.3171875
0 0.11640625 0.4703125 0.0125 0.0125
0 0.0671875 0.07109375 0.0109375 0.0125
0 0.61875 0.0171875 0.0328125 0.034375