0 0.23671875 0.90859375 0.028125 0.02734375
0 0.06484375 0.5734375 0.028125 0.02734375
0 0.2515625 0.98984375 0.01953125 0.01875
0 0.9140625 0.72734375 0.03046875 0.0296875
0 0.9296875 0.3453125 0.02734375 0.0265625
0 0.98984375 0.47421875 0.0203125 0.0203125
0 0.940625 0.24609375 0.0265625 0.025
0 0.88046875 0.28203125 0.053125 0.05078125
0 0.75625 0.16640625 0.0390625 0.03828125
0 0.446875 0.42109375 0.03125 0.03125
0 0.1578125 0.4203125 0.03046875 0.0296875
0 0.25625 0.18984375 0.0203125 0.0203125
0 0.17265625 0.0140625 0.03828125 0.028125
0 0.1046875 0.3328125 0.02265625 0.021875
0 0.184375 0.35390625 0.015625 0.01484375
0 0.1578125 0.1125 0.0125 0.01171875
0 0.06875 0.5109375 0.0140625 0.0125
0 0.40546875 0.60078125 0.01484375 0.01484375
0 0.47890625 0.34765625 0.0125 0.0125
0 0.71171875 0.17265625 0.0140625 0.0140625
0 0.59921875 0.20234375 0.0140625 0.0140625
0 0.95078125 0.259375 0.0109375 0.0109375
0 0.78984375 0.79375 0.0140625 0.0125
0 0.31328125 0.8796875 0.0125 0.01171875
0 0.24375 0.42421875 0.4875 0.7546875
0 0.91796875 0.58515625 0.1640625 0.2
0 0.0171875 0.2453125 0.0140625 0.0125
0 0.1125 0.05703125 0.0125 0.01171875
0 0.24140625 0.153125 0.01171875 0.01171875
0 0.171875 0.165625 0.0109375 0.0109375
0 0.04375 0.03828125 0.01640625 0.01640625
0 0.93828125 0.034375 0.0109375 0.009375
0 0.6390625 0.584375 0.0109375 0.0109375
0 0.54453125 0.4703125 0.01171875 0.0109375
0 0.36484375 0.62890625 0.0109375 0.0109375
0 0.61875 0.9515625 0.01171875 0.0109375
0 0.134375 0.02109375 0.01875 0.01875