0 0.9296875 0.9484375 0.028125 0.025
0 0.403125 0.8875 0.0203125 0.01875
0 0.88984375 0.7203125 0.075 0.06875
0 0.94921875 0.7296875 0.0171875 0.015625
0 0.06015625 0.72109375 0.028125 0.025
0 0.55859375 0.68359375 0.046875 0.04375
0 0.078125 0.3625 0.0625 0.05625
0 0.36796875 0.55625 0.0265625 0.0234375
0 0.825 0.09453125 0.04375 0.0390625
0 0.715625 0.58984375 0.08125 0.0734375
0 0.40625 0.05546875 0.0546875 0.0484375
0 0.5 0.3484375 1 0.696875
0 0.15859375 0.30859375 0.3171875 0.5125
0 0.5296875 0.88359375 0.0125 0.0125
0 0.92890625 0.9328125 0.0125 0.0109375
0 0.9828125 0.38125 0.034375 0.0328125