0 0.76328125 0.09140625 0.028125 0.028125
0 0.93515625 0.4265625 0.028125 0.028125
0 0.7484375 0.01015625 0.01875 0.01875
0 0.0859375 0.27265625 0.03125 0.0296875
0 0.0703125 0.6546875 0.028125 0.0265625
0 0.01015625 0.52578125 0.0203125 0.0203125
0 0.059375 0.75390625 0.0265625 0.025
0 0.11953125 0.71796875 0.053125 0.05
0 0.24375 0.83359375 0.0390625 0.0375
0 0.553125 0.57890625 0.03125 0.03125
0 0.8421875 0.5796875 0.03125 0.0296875
0 0.74375 0.81015625 0.0203125 0.0203125
0 0.82734375 0.9859375 0.0375 0.028125
0 0.8953125 0.6671875 0.021875 0.021875
0 0.815625 0.64609375 0.015625 0.015625
0 0.8421875 0.8875 0.0125 0.0125
0 0.93125 0.4890625 0.0140625 0.0125
0 0.59453125 0.39921875 0.015625 0.015625
0 0.52109375 0.65234375 0.0125 0.0125
0 0.28828125 0.82734375 0.0140625 0.0140625
0 0.40078125 0.79765625 0.0140625 0.0140625
0 0.04921875 0.740625 0.0109375 0.0109375
0 0.21015625 0.20625 0.0140625 0.0125
0 0.68671875 0.1203125 0.0125 0.0125
0 0.75625 0.57578125 0.4875 0.7546875
0 0.08203125 0.41484375 0.1640625 0.2
0 0.9828125 0.7546875 0.0140625 0.0125
0 0.8875 0.94296875 0.0125 0.0125
0 0.75859375 0.846875 0.0125 0.0125
0 0.828125 0.834375 0.0109375 0.0109375
0 0.95625 0.96171875 0.015625 0.015625
0 0.06171875 0.965625 0.0109375 0.009375
0 0.3609375 0.415625 0.0109375 0.0109375
0 0.45546875 0.5296875 0.0125 0.0109375
0 0.63515625 0.37109375 0.0109375 0.0109375
0 0.38125 0.0484375 0.0125 0.0109375
0 0.865625 0.97890625 0.01875 0.01875