0 0.40390625 0.33515625 0.8078125 0.6703125
0 0.021875 0.290625 0.04375 0.078125
0 0.1375 0.01875 0.0390625 0.03515625
0 0.13046875 0.04609375 0.0359375 0.03515625
0 0.22578125 0.31640625 0.01875 0.0171875
0 0.4125 0.3515625 0.028125 0.02734375
0 0.0765625 0.63203125 0.0203125 0.0203125
0 0.0609375 0.65234375 0.01875 0.0171875
0 0.07109375 0.6984375 0.0921875 0.0890625
0 0.225 0.64765625 0.053125 0.05078125
0 0.25 0.6859375 0.015625 0.01484375
0 0.0953125 0.78203125 0.01484375 0.01484375
0 0.26328125 0.73515625 0.0109375 0.0109375
0 0.32109375 0.6234375 0.0515625 0.05078125
0 0.3875 0.60234375 0.03203125 0.03125
0 0.50078125 0.6671875 0.7671875 0.665625
0 0.634375 0.63359375 0.31640625 0.30546875
0 0.61171875 0.6984375 0.05546875 0.05390625
0 0.4734375 0.184375 0.0171875 0.0171875
0 0.79140625 0.1109375 0.021875 0.0203125
0 0.196875 0.47421875 0.09296875 0.08984375
0 0.7609375 0.36796875 0.0125 0.0125
0 0.6203125 0.9578125 0.0140625 0.0125
0 0.3171875 0.9765625 0.08671875 0.046875
0 0.2796875 0.82421875 0.02421875 0.0234375
0 0.175 0.8671875 0.0109375 0.0109375
0 0.00703125 0.8703125 0.0140625 0.0125
0 0.2375 0.02265625 0.0109375 0.0109375
0 0.5765625 0.040625 0.01171875 0.0109375
0 0.496875 0.46875 0.0125 0.01171875
0 0.47578125 0.27734375 0.0109375 0.0109375
0 0.2640625 0.134375 0.0109375 0.009375
0 0.83671875 0.690625 0.01171875 0.01171875
0 0.91328125 0.57265625 0.009375 0.009375
0 0.1953125 0.97734375 0.0109375 0.0109375
0 0.1109375 0.97578125 0.0109375 0.0109375
0 0.09765625 0.85390625 0.0109375 0.0109375