0 0.53515625 0.45546875 0.06953125 0.06484375
0 0.3578125 0.13125 0.040625 0.03828125
0 0.82421875 0.20703125 0.0453125 0.040625
0 0.915625 0.1515625 0.03359375 0.03125
0 0.53515625 0.415625 0.02890625 0.02890625
0 0.9265625 0.89765625 0.03125 0.03125
0 0.234375 0.53359375 0.0265625 0.02421875
0 0.65625 0.3859375 0.02890625 0.0265625
0 0.9203125 0.0890625 0.03125 0.02890625
0 0.6734375 0.8234375 0.05078125 0.0484375
0 0.50234375 0.83203125 0.05078125 0.0484375
0 0.415625 0.828125 0.02890625 0.0265625
0 0.7015625 0.02265625 0.09375 0.0453125