0 0.54453125 0.46484375 0.065625 0.06875
0 0.86875 0.6421875 0.0375 0.040625
0 0.79296875 0.17578125 0.040625 0.0453125
0 0.8484375 0.084375 0.03125 0.034375
0 0.584375 0.46484375 0.028125 0.028125
0 0.10234375 0.0734375 0.03125 0.03125
0 0.46640625 0.765625 0.025 0.0265625
0 0.6140625 0.34375 0.0265625 0.028125
0 0.9109375 0.0796875 0.028125 0.03125
0 0.1765625 0.3265625 0.0484375 0.05
0 0.16796875 0.49765625 0.0484375 0.05
0 0.171875 0.584375 0.0265625 0.028125
0 0.97734375 0.2984375 0.0453125 0.09375