0 0.53515625 0.54453125 0.06953125 0.06484375
0 0.3578125 0.86875 0.040625 0.03828125
0 0.82421875 0.79296875 0.0453125 0.040625
0 0.915625 0.8484375 0.03359375 0.03125
0 0.53515625 0.584375 0.02890625 0.02890625
0 0.9265625 0.10234375 0.03125 0.03125
0 0.234375 0.46640625 0.0265625 0.02421875
0 0.65625 0.6140625 0.02890625 0.0265625
0 0.9203125 0.9109375 0.03125 0.02890625
0 0.6734375 0.1765625 0.05078125 0.0484375
0 0.50234375 0.16796875 0.05078125 0.0484375
0 0.415625 0.171875 0.02890625 0.0265625
0 0.7015625 0.97734375 0.09375 0.0453125