0 0.28828125 0.7015625 0.10625 0.1078125
0 0.2140625 0.81484375 0.0484375 0.0484375
0 0.553125 0.17890625 0.0453125 0.0453125
0 0.74296875 0.9125 0.03125 0.03125
0 0.165625 0.74765625 0.0375 0.0375
0 0.1421875 0.8421875 0.040625 0.040625
0 0.11640625 0.76328125 0.0359375 0.0359375
0 0.29921875 0.9640625 0.028125 0.028125
0 0.98046875 0.46640625 0.0375 0.0375
0 0.89921875 0.10546875 0.028125 0.03125
0 0.1453125 0.97734375 0.028125 0.028125
0 0.9109375 0.678125 0.025 0.025
0 0.24296875 0.7765625 0.03125 0.03125