0 0.2984375 0.28828125 0.1078125 0.10625
0 0.18515625 0.2140625 0.0484375 0.0484375
0 0.82109375 0.553125 0.0453125 0.0453125
0 0.0875 0.74296875 0.03125 0.03125
0 0.25234375 0.165625 0.0375 0.0375
0 0.1578125 0.1421875 0.040625 0.040625
0 0.23671875 0.11640625 0.0359375 0.0359375
0 0.0359375 0.29921875 0.028125 0.028125
0 0.53359375 0.98046875 0.0375 0.0375
0 0.89453125 0.89921875 0.03125 0.028125
0 0.02265625 0.1453125 0.028125 0.028125
0 0.321875 0.9109375 0.025 0.025
0 0.2234375 0.24296875 0.03125 0.03125