0 0.7015625 0.71171875 0.1078125 0.10625
0 0.81484375 0.7859375 0.0484375 0.0484375
0 0.17890625 0.446875 0.0453125 0.0453125
0 0.9125 0.25703125 0.03125 0.03125
0 0.74765625 0.834375 0.0375 0.0375
0 0.8421875 0.8578125 0.040625 0.040625
0 0.76328125 0.88359375 0.0359375 0.0359375
0 0.9640625 0.70078125 0.028125 0.028125
0 0.46640625 0.01953125 0.0375 0.0375
0 0.10546875 0.10078125 0.03125 0.028125
0 0.97734375 0.8546875 0.028125 0.028125
0 0.678125 0.0890625 0.025 0.025
0 0.7765625 0.75703125 0.03125 0.03125