0 0.871875 0.0953125 0.015625 0.015625
0 0.9078125 0.22578125 0.05 0.0515625
0 0.7 0.18046875 0.04375 0.04375
0 0.72578125 0.134375 0.01875 0.01875
0 0.928125 0.3375 0.0421875 0.0421875
0 0.8859375 0.4359375 0.046875 0.046875
0 0.76640625 0.5421875 0.025 0.025
0 0.8265625 0.4484375 0.1765625 0.178125
0 0.6765625 0.8484375 0.0203125 0.0203125
0 0.39765625 0.98515625 0.03125 0.0296875
0 0.240625 0.9875 0.0171875 0.0171875
0 0.56328125 0.9015625 0.1578125 0.159375
0 0.36484375 0.34453125 0.7296875 0.6875
0 0.32421875 0.60078125 0.6484375 0.796875
0 0.59140625 0.39375 0.01875 0.01875
0 0.03828125 0.72421875 0.0125 0.0125
0 0.546875 0.56171875 0.015625 0.015625
0 0.2078125 0.56171875 0.015625 0.015625
0 0.27578125 0.24140625 0.0125 0.0125
0 0.0953125 0.08984375 0.015625 0.015625
0 0.35703125 0.3375 0.021875 0.021875
0 0.51484375 0.09296875 0.0125 0.0125
0 0.74921875 0.1578125 0.015625 0.015625
0 0.75625 0.12421875 0.015625 0.015625
0 0.76796875 0.1546875 0.015625 0.015625
0 0.6828125 0.08515625 0.0125 0.0125
0 0.24140625 0.21015625 0.0109375 0.0109375
0 0.25859375 0.0875 0.0125 0.0125
0 0.41484375 0.2765625 0.015625 0.015625
0 0.365625 0.278125 0.025 0.025
0 0.446875 0.4203125 0.0125 0.0125
0 0.55625 0.7234375 0.015625 0.015625
0 0.66484375 0.93046875 0.0125 0.0125
0 0.5359375 0.915625 0.0125 0.0125
0 0.00703125 0.946875 0.009375 0.009375
0 0.06484375 0.5703125 0.0125 0.0125
0 0.3703125 0.4125 0.0109375 0.0109375
0 0.0765625 0.30859375 0.0125 0.0125
0 0.38984375 0.30703125 0.009375 0.009375
0 0.38203125 0.2921875 0.009375 0.009375
0 0.76328125 0.071875 0.0125 0.0125
0 0.43515625 0.20078125 0.009375 0.009375
0 0.50859375 0.93984375 0.009375 0.009375
0 0.51171875 0.96171875 0.0109375 0.0109375
0 0.7140625 0.153125 0.0125 0.0125
0 0.96796875 0.096875 0.015625 0.015625