0 0.81015625 0.96875 0.0953125 0.0625
0 0.7234375 0.69609375 0.025 0.025
0 0.5359375 0.49140625 0.028125 0.028125
0 0.540625 0.97421875 0.03125 0.028125
0 0.34453125 0.940625 0.03125 0.0296875
0 0.0953125 0.67265625 0.028125 0.028125
0 0.2546875 0.60625 0.028125 0.0265625
0 0.1859375 0.225 0.09375 0.090625
0 0.246875 0.41015625 0.028125 0.028125
0 0.125 0.05390625 0.05625 0.0546875
0 0.97421875 0.284375 0.028125 0.0265625
0 0.91953125 0.340625 0.0359375 0.034375
0 0.9625 0.35234375 0.028125 0.0265625
0 0.28671875 0.446875 0.0171875 0.015625
0 0.27265625 0.684375 0.0171875 0.015625
0 0.89765625 0.97109375 0.015625 0.015625
0 0.4359375 0.2234375 0.015625 0.015625
0 0.0453125 0.41328125 0.0109375 0.0109375
0 0.7453125 0.909375 0.0125 0.0125
0 0.9421875 0.5703125 0.01875 0.0171875
0 0.35703125 0.58515625 0.0125 0.0125
0 0.3421875 0.45234375 0.0140625 0.0140625