0 0.9046875 0.871875 0.01640625 0.01640625
0 0.77421875 0.9078125 0.0515625 0.05078125
0 0.81953125 0.7 0.04375 0.04296875
0 0.865625 0.72578125 0.01953125 0.01953125
0 0.6625 0.928125 0.0421875 0.0421875
0 0.5640625 0.8859375 0.04609375 0.04609375
0 0.4578125 0.76640625 0.02421875 0.02421875
0 0.5515625 0.8265625 0.178125 0.1765625
0 0.1515625 0.6765625 0.0203125 0.0203125
0 0.01484375 0.39765625 0.0296875 0.03046875
0 0.0125 0.240625 0.0171875 0.0171875
0 0.0984375 0.56328125 0.159375 0.1578125
0 0.65546875 0.36484375 0.68828125 0.7296875
0 0.39921875 0.32421875 0.79765625 0.6484375
0 0.60625 0.59140625 0.01875 0.01875
0 0.27578125 0.03828125 0.0125 0.0125
0 0.43828125 0.546875 0.01484375 0.01484375
0 0.43828125 0.2078125 0.01484375 0.01484375
0 0.75859375 0.27578125 0.01171875 0.01171875
0 0.91015625 0.0953125 0.01640625 0.01640625
0 0.6625 0.35703125 0.02265625 0.02265625
0 0.90703125 0.51484375 0.0125 0.0125
0 0.8421875 0.74921875 0.015625 0.015625
0 0.87578125 0.75625 0.01640625 0.01640625
0 0.8453125 0.76796875 0.01484375 0.01484375
0 0.91484375 0.6828125 0.01171875 0.01171875
0 0.78984375 0.24140625 0.0109375 0.0109375
0 0.9125 0.25859375 0.0125 0.0125
0 0.7234375 0.41484375 0.015625 0.015625
0 0.721875 0.365625 0.02421875 0.02421875
0 0.5796875 0.446875 0.0125 0.01171875
0 0.2765625 0.55625 0.015625 0.015625
0 0.06953125 0.66484375 0.0125 0.0125
0 0.084375 0.5359375 0.01171875 0.01171875
0 0.053125 0.00703125 0.009375 0.009375
0 0.4296875 0.06484375 0.0125 0.0125
0 0.5875 0.3703125 0.0109375 0.0109375
0 0.69140625 0.0765625 0.0125 0.0125
0 0.69296875 0.38984375 0.009375 0.009375
0 0.7078125 0.38203125 0.009375 0.009375
0 0.928125 0.76328125 0.01171875 0.01171875
0 0.79921875 0.43515625 0.009375 0.009375
0 0.06015625 0.50859375 0.009375 0.009375
0 0.03828125 0.51171875 0.0109375 0.0109375
0 0.846875 0.7140625 0.0125 0.0125
0 0.903125 0.96796875 0.01484375 0.01484375