0 0.98125 0.82109375 0.0375 0.0421875
0 0.8796875 0.96171875 0.0890625 0.0765625
0 0.68203125 0.90390625 0.0375 0.0390625
0 0.56171875 0.96171875 0.134375 0.0765625
0 0.86875 0.4796875 0.0484375 0.05
0 0.90390625 0.64921875 0.034375 0.034375
0 0.5328125 0.04765625 0.1265625 0.0953125
0 0.128125 0.059375 0.05625 0.059375
0 0.25625 0.3875 0.0640625 0.065625
0 0.32578125 0.5515625 0.01875 0.01875
0 0.4625 0.8078125 0.028125 0.028125
0 0.1171875 0.72734375 0.0640625 0.065625
0 0.08515625 0.76640625 0.0171875 0.0171875
0 0.07265625 0.63984375 0.0375 0.0375
0 0.10078125 0.89375 0.01875 0.01875
0 0.059375 0.93671875 0.0625 0.0640625
0 0.0984375 0.965625 0.1171875 0.06875
0 0.76171875 0.4875 0.078125 0.0796875
0 0.42890625 0.12890625 0.021875 0.0234375
0 0.4328125 0.93125 0.015625 0.0171875
0 0.040625 0.76484375 0.015625 0.015625
0 0.36796875 0.10234375 0.025 0.025
0 0.82578125 0.36640625 0.0125 0.0125
0 0.0140625 0.4828125 0.0125 0.0125
0 0.0296875 0.27265625 0.015625 0.015625
0 0.4875 0.03515625 0.015625 0.015625
0 0.97890625 0.75703125 0.0125 0.0125
0 0.72421875 0.709375 0.0125 0.0140625
0 0.95625 0.3734375 0.0125 0.0125
0 0.7828125 0.0765625 0.0140625 0.0140625