0 0.17890625 0.98125 0.0421875 0.0375
0 0.03828125 0.8796875 0.0765625 0.0890625
0 0.09609375 0.68203125 0.0390625 0.03828125
0 0.03828125 0.56171875 0.0765625 0.134375
0 0.5203125 0.86875 0.05 0.0484375
0 0.35078125 0.90390625 0.034375 0.034375
0 0.95234375 0.5328125 0.0953125 0.1265625
0 0.940625 0.128125 0.05859375 0.05625
0 0.6125 0.25625 0.06640625 0.0640625
0 0.4484375 0.32578125 0.01875 0.01875
0 0.1921875 0.4625 0.02734375 0.02734375
0 0.27265625 0.1171875 0.065625 0.0640625
0 0.23359375 0.08515625 0.0171875 0.0171875
0 0.36015625 0.07265625 0.03828125 0.03828125
0 0.10625 0.10078125 0.01953125 0.01875
0 0.06328125 0.059375 0.0640625 0.0625
0 0.034375 0.0984375 0.06875 0.1171875
0 0.5125 0.76171875 0.0796875 0.07890625
0 0.87109375 0.42890625 0.0234375 0.02265625
0 0.06875 0.4328125 0.0171875 0.01640625
0 0.23515625 0.040625 0.01640625 0.01640625
0 0.89765625 0.36796875 0.025 0.025
0 0.63359375 0.82578125 0.0125 0.0125
0 0.5171875 0.0140625 0.0125 0.0125
0 0.72734375 0.0296875 0.015625 0.015625
0 0.96484375 0.4875 0.01484375 0.01484375
0 0.24296875 0.97890625 0.01171875 0.01171875
0 0.290625 0.72421875 0.0140625 0.0125
0 0.6265625 0.95625 0.0125 0.01171875
0 0.9234375 0.7828125 0.0140625 0.0140625