0 0.33984375 0.896875 0.10078125 0.0984375
0 0.125 0.8703125 0.0265625 0.0265625
0 0.2015625 0.8109375 0.1046875 0.1015625
0 0.0625 0.73125 0.02421875 0.0234375
0 0.22734375 0.51640625 0.03203125 0.03125
0 0.0390625 0.653125 0.0421875 0.040625
0 0.02421875 0.6359375 0.0328125 0.03203125
0 0.134375 0.48984375 0.26875 0.3015625
0 0.7 0.54453125 0.046875 0.04609375
0 0.7390625 0.4984375 0.0265625 0.025
0 0.67890625 0.7375 0.21953125 0.2140625
0 0.54375 0.784375 0.021875 0.021875
0 0.79375 0.81640625 0.046875 0.04609375
0 0.91328125 0.8484375 0.159375 0.15546875
0 0.834375 0.65 0.075 0.0734375
0 0.7453125 0.22890625 0.03515625 0.034375
0 0.921875 0.2078125 0.15625 0.22734375
0 0.36875 0.18046875 0.109375 0.10625
0 0.1625 0.2390625 0.0671875 0.065625
0 0.08984375 0.025 0.0671875 0.05
0 0.01328125 0.103125 0.01640625 0.01640625
0 0.359375 0.209375 0.01640625 0.01640625
0 0.99140625 0.9109375 0.0140625 0.0125
0 0.140625 0.559375 0.0140625 0.0125
0 0.128125 0.6421875 0.01484375 0.0140625
0 0.4734375 0.071875 0.01484375 0.01484375
0 0.47734375 0.446875 0.01171875 0.01171875
0 0.771875 0.98203125 0.0140625 0.0125
0 0.5609375 0.9578125 0.01171875 0.01171875
0 0.28984375 0.58046875 0.01171875 0.01171875
0 0.14765625 0.521875 0.009375 0.009375
0 0.5671875 0.9234375 0.021875 0.0203125