0 0.66015625 0.896875 0.1015625 0.0984375
0 0.875 0.8703125 0.0265625 0.0265625
0 0.7984375 0.8109375 0.1046875 0.1015625
0 0.9375 0.73125 0.025 0.0234375
0 0.77265625 0.51640625 0.03125 0.03125
0 0.9609375 0.653125 0.0421875 0.040625
0 0.97578125 0.6359375 0.0328125 0.03125
0 0.865625 0.48984375 0.26875 0.3015625
0 0.3 0.54453125 0.046875 0.046875
0 0.2609375 0.4984375 0.0265625 0.025
0 0.32109375 0.7375 0.21875 0.2140625
0 0.45625 0.784375 0.021875 0.021875
0 0.20625 0.81640625 0.046875 0.046875
0 0.08671875 0.8484375 0.159375 0.15625
0 0.165625 0.65 0.075 0.0734375
0 0.2546875 0.22890625 0.034375 0.034375
0 0.078125 0.2078125 0.15625 0.228125
0 0.63125 0.18046875 0.109375 0.10625
0 0.8375 0.2390625 0.0671875 0.065625
0 0.91015625 0.025 0.0671875 0.05
0 0.98671875 0.103125 0.015625 0.015625
0 0.640625 0.209375 0.015625 0.015625
0 0.00859375 0.9109375 0.0140625 0.0125
0 0.859375 0.559375 0.0140625 0.0125
0 0.871875 0.6421875 0.015625 0.0140625
0 0.5265625 0.071875 0.015625 0.015625
0 0.52265625 0.446875 0.0125 0.0125
0 0.228125 0.98203125 0.0140625 0.0125
0 0.4390625 0.9578125 0.0125 0.0125
0 0.71015625 0.58046875 0.0125 0.0125
0 0.85234375 0.521875 0.009375 0.009375
0 0.4328125 0.9234375 0.021875 0.0203125