0 0.12265625 0.91484375 0.040625 0.040625
0 0.728125 0.08671875 0.034375 0.034375
0 0.92578125 0.12265625 0.053125 0.053125
0 0.77421875 0.74765625 0.0359375 0.0375
0 0.4703125 0.08203125 0.0453125 0.0453125
0 0.58515625 0.3125 0.0375 0.0375
0 0.40390625 0.06953125 0.0359375 0.0359375
0 0.45546875 0.821875 0.0671875 0.0671875
0 0.8640625 0.475 0.04375 0.04375
0 0.296875 0.58046875 0.0265625 0.0265625
0 0.8546875 0.428125 0.0359375 0.0375
0 0.94609375 0.50625 0.04375 0.04375
0 0.9125 0.48828125 0.028125 0.028125
0 0.83671875 0.234375 0.021875 0.0265625
0 0.9828125 0.521875 0.034375 0.0375