0 0.73515625 0.85546875 0.05 0.05
0 0.71015625 0.75859375 0.028125 0.028125
0 0.6765625 0.728125 0.0234375 0.0234375
0 0.36640625 0.653125 0.0296875 0.0296875
0 0.42890625 0.41328125 0.03125 0.03125
0 0.540625 0.55078125 0.11875 0.1203125
0 0.35 0.24375 0.05 0.0515625
0 0.72734375 0.0984375 0.0625 0.0625
0 0.75703125 0.2875 0.0609375 0.0625
0 0.78125 0.2578125 0.090625 0.090625
0 0.52265625 0.07578125 0.159375 0.1515625
0 0.0125 0.29375 0.025 0.040625
0 0.175 0.775 0.0515625 0.053125
0 0.1125 0.865625 0.059375 0.0609375
0 0.08828125 0.7703125 0.01875 0.01875
0 0.2234375 0.9265625 0.0203125 0.0203125
0 0.16328125 0.10859375 0.015625 0.015625
0 0.15 0.475 0.015625 0.015625
0 0.53984375 0.890625 0.0125 0.0125
0 0.31796875 0.46640625 0.0125 0.0125
0 0.86171875 0.00703125 0.0171875 0.0140625
0 0.86015625 0.9578125 0.0375 0.0390625
0 0.175 0.53984375 0.0125 0.0125
0 0.22109375 0.43046875 0.0125 0.0125
0 0.2125 0.190625 0.0125 0.0125
0 0.46328125 0.2796875 0.0125 0.0125
0 0.41015625 0.203125 0.0109375 0.0109375
0 0.478125 0.74453125 0.0109375 0.0109375
0 0.459375 0.8171875 0.0109375 0.0109375
0 0.45234375 0.58515625 0.1125 0.1125
0 0.96171875 0.96484375 0.053125 0.0546875
0 0.76328125 0.75546875 0.0125 0.0125
0 0.940625 0.12109375 0.015625 0.015625
0 0.8546875 0.03828125 0.0125 0.0140625
0 0.03203125 0.1484375 0.015625 0.015625