0 0.97890625 0.92890625 0.0421875 0.04296875
0 0.94921875 0.84296875 0.1015625 0.1421875
0 0.5921875 0.98828125 0.02734375 0.0234375
0 0.4046875 0.71484375 0.06171875 0.059375
0 0.053125 0.6734375 0.021875 0.0203125
0 0.05390625 0.78046875 0.1078125 0.1515625
0 0.88671875 0.6796875 0.140625 0.1359375
0 0.015625 0.55625 0.03125 0.0328125
0 0.71171875 0.61015625 0.0765625 0.0734375
0 0.8046875 0.48359375 0.03046875 0.0296875
0 0.6515625 0.4109375 0.05078125 0.0484375
0 0.8484375 0.56328125 0.02421875 0.0234375
0 0.42421875 0.4078125 0.0234375 0.02265625
0 0.3734375 0.296875 0.02421875 0.0234375
0 0.87265625 0.2921875 0.01875 0.01875
0 0.48359375 0.00859375 0.02421875 0.0171875
0 0.27734375 0.4125 0.01484375 0.01484375
0 0.25078125 0.6453125 0.0171875 0.01640625
0 0.1828125 0.6828125 0.01875 0.0171875
0 0.49375 0.6859375 0.015625 0.015625
0 0.8453125 0.7296875 0.01875 0.0171875
0 0.29609375 0.5296875 0.0140625 0.0125
0 0.9625 0.5609375 0.0234375 0.02265625
0 0.7421875 0.021875 0.0109375 0.009375
0 0.81875 0.2875 0.0125 0.0125
0 0.78203125 0.1359375 0.0125 0.0125
0 0.53515625 0.22265625 0.0125 0.0125
0 0.1953125 0.253125 0.01953125 0.01875
0 0.31953125 0.72265625 0.0125 0.0125
0 0.571875 0.53125 0.0109375 0.0109375
0 0.5828125 0.42578125 0.01953125 0.01875
0 0.6671875 0.434375 0.0109375 0.0109375
0 0.7234375 0.46875 0.0125 0.01171875
0 0.7078125 0.83828125 0.0140625 0.0125
0 0.51640625 0.8953125 0.01484375 0.0140625
0 0.47734375 0.93828125 0.015625 0.01484375