0 0.14453125 0.73515625 0.05 0.0515625
0 0.24140625 0.71015625 0.028125 0.028125
0 0.271875 0.6765625 0.0234375 0.0234375
0 0.346875 0.36640625 0.0296875 0.0296875
0 0.58671875 0.42890625 0.03125 0.03125
0 0.44921875 0.540625 0.1203125 0.11875
0 0.75625 0.35 0.0515625 0.05
0 0.9015625 0.72734375 0.0625 0.0625
0 0.7125 0.75703125 0.0625 0.0609375
0 0.7421875 0.78125 0.090625 0.090625
0 0.92421875 0.52265625 0.1515625 0.159375
0 0.70625 0.0125 0.040625 0.025
0 0.225 0.175 0.053125 0.0515625
0 0.134375 0.1125 0.0609375 0.059375
0 0.2296875 0.08828125 0.01875 0.01875
0 0.0734375 0.2234375 0.0203125 0.0203125
0 0.89140625 0.16328125 0.015625 0.015625
0 0.525 0.15 0.015625 0.015625
0 0.109375 0.53984375 0.0125 0.0125
0 0.53359375 0.31796875 0.0125 0.0125
0 0.99296875 0.86171875 0.0140625 0.0171875
0 0.0421875 0.86015625 0.0390625 0.0375
0 0.46015625 0.175 0.0125 0.0125
0 0.56953125 0.22109375 0.0125 0.0125
0 0.809375 0.2125 0.0125 0.0125
0 0.7203125 0.46328125 0.0125 0.0125
0 0.796875 0.41015625 0.0109375 0.0109375
0 0.25546875 0.478125 0.0109375 0.0109375
0 0.1828125 0.459375 0.0109375 0.0109375
0 0.41484375 0.45234375 0.1125 0.1125
0 0.03515625 0.96171875 0.053125 0.053125
0 0.24453125 0.76328125 0.0125 0.0125
0 0.87890625 0.940625 0.015625 0.015625
0 0.96171875 0.8546875 0.0140625 0.0125
0 0.8515625 0.03203125 0.015625 0.015625