0 0.5 0.5 1 1
0 0.015625 0.48671875 0.03125 0.0359375
0 0.3109375 0.60234375 0.084375 0.07421875
0 0.071875 0.14140625 0.14375 0.2140625
0 0.49375 0.10234375 0.04296875 0.03828125
0 0.140625 0.01328125 0.03125 0.0265625
0 0.71484375 0.97578125 0.03359375 0.03125
0 0.6078125 0.83515625 0.0359375 0.03359375
0 0.05390625 0.5484375 0.03828125 0.0359375
0 0.8375 0.62890625 0.040625 0.0359375
0 0.296875 0.97265625 0.04296875 0.03828125
0 0.50859375 0.59375 0.03828125 0.03359375
0 0.8640625 0.609375 0.040625 0.03828125
0 0.35703125 0.29921875 0.0484375 0.04296875