0 0.9390625 0.975 0.040625 0.0375
0 0.809375 0.9515625 0.140625 0.096875
0 0.25 0.43359375 0.08125 0.075
0 0.2328125 0.60859375 0.0296875 0.0265625
0 0.3375 0.80703125 0.028125 0.0265625
0 0.3515625 0.49375 0.028125 0.0265625
0 0.4671875 0.321875 0.0453125 0.040625
0 0.80859375 0.5015625 0.0703125 0.0640625
0 0.67109375 0.34453125 0.0625 0.0578125
0 0.60078125 0.69921875 0.11875 0.109375
0 0.63125 0.753125 0.075 0.06875
0 0.9171875 0.19453125 0.078125 0.071875
0 0.63984375 0.2046875 0.03125 0.028125
0 0.49921875 0.059375 0.0453125 0.040625
0 0.34921875 0.02265625 0.03125 0.028125
0 0.18125 0.11640625 0.0625 0.05625
0 0.97421875 0.834375 0.015625 0.015625
0 0.3828125 0.3203125 0.025 0.0234375
0 0.4703125 0.278125 0.03125 0.0296875
0 0.3953125 0.18671875 0.0125 0.0125
0 0.50234375 0.0890625 0.0125 0.0125
0 0.86640625 0.0046875 0.0125 0.009375
0 0.64296875 0.38125 0.0109375 0.009375
0 0.28203125 0.56640625 0.0109375 0.009375
0 0.0671875 0.5109375 0.0140625 0.0125
0 0.48359375 0.73828125 0.0125 0.0125
0 0.63984375 0.6453125 0.0109375 0.009375