0 0.4296875 0.70234375 0.034375 0.03203125
0 0.20234375 0.86875 0.096875 0.08984375
0 0.053125 0.79296875 0.05390625 0.05
0 0.07578125 0.86953125 0.08515625 0.078125
0 0.27890625 0.44765625 0.103125 0.0953125
0 0.26875 0.5796875 0.021875 0.0203125
0 0.63359375 0.946875 0.06640625 0.06171875
0 0.74921875 0.846875 0.09375 0.0875
0 0.965625 0.8640625 0.02421875 0.02265625
0 0.90078125 0.73984375 0.06875 0.06328125
0 0.7828125 0.93984375 0.065625 0.0609375
0 0.80625 0.96484375 0.05859375 0.0546875
0 0.4734375 0.3859375 0.11015625 0.1015625
0 0.65390625 0.41484375 0.12421875 0.1140625
0 0.30390625 0.2046875 0.08984375 0.08203125
0 0.33984375 0.13984375 0.0296875 0.02734375
0 0.26640625 0.24375 0.053125 0.0484375
0 0.025 0.28046875 0.02265625 0.0203125
0 0.26875 0.13046875 0.0140625 0.0125
0 0.54296875 0.7046875 0.05625 0.053125
0 0.7640625 0.76875 0.028125 0.0265625
0 0.715625 0.3875 0.0125 0.01171875
0 0.61875 0.14765625 0.0109375 0.009375
0 0.6 0.1203125 0.01171875 0.0109375
0 0.27734375 0.428125 0.015625 0.01484375
0 0.34296875 0.42890625 0.0484375 0.0453125
0 0.4828125 0.72578125 0.01484375 0.0140625
0 0.46171875 0.81640625 0.0125 0.0125
0 0.46953125 0.65390625 0.0203125 0.01875
0 0.99140625 0.58203125 0.01484375 0.0140625
0 0.72578125 0.83671875 0.01171875 0.0109375
0 0.62734375 0.8359375 0.01171875 0.0109375
0 0.52578125 0.91171875 0.0109375 0.0109375
0 0.45859375 0.99375 0.0171875 0.0125
0 0.20625 0.85625 0.01875 0.0171875
0 0.14765625 0.93203125 0.01171875 0.0109375