0 0.4515625 0.05078125 0.021875 0.025
0 0.48984375 0.03203125 0.01875 0.021875
0 0.31328125 0.03671875 0.01875 0.0203125
0 0.29765625 0.18203125 0.0453125 0.05
0 0.34765625 0.2171875 0.015625 0.01875
0 0.22109375 0.5296875 0.0171875 0.01875
0 0.57421875 0.471875 0.04375 0.0484375
0 0.55859375 0.81875 0.0265625 0.03125
0 0.3015625 0.2296875 0.015625 0.015625
0 0.759375 0.95 0.06875 0.078125
0 0.6578125 0.95703125 0.140625 0.0859375
0 0.88984375 0.74609375 0.01875 0.021875
0 0.73359375 0.38671875 0.0265625 0.03125
0 0.71015625 0.31328125 0.0265625 0.03125
0 0.82421875 0.27109375 0.021875 0.025
0 0.978125 0.0765625 0.028125 0.03125
0 0.7546875 0.21171875 0.04375 0.05
0 0.7546875 0.13046875 0.0484375 0.05625
0 0.7046875 0.44453125 0.0984375 0.1125
0 0.8171875 0.490625 0.1453125 0.165625
0 0.76640625 0.40859375 0.1421875 0.1609375
0 0.090625 0.209375 0.1359375 0.1515625
0 0.40625 0.7265625 0.015625 0.015625
0 0.84765625 0.36796875 0.0140625 0.015625
0 0.4265625 0.446875 0.0125 0.0140625
0 0.8703125 0.19921875 0.0109375 0.0125
0 0.64140625 0.290625 0.034375 0.0390625
0 0.5359375 0.33671875 0.009375 0.0109375
0 0.60390625 0.03671875 0.0109375 0.0125
0 0.9828125 0.5515625 0.0125 0.0125
0 0.69375 0.646875 0.0109375 0.0125
0 0.38359375 0.49921875 0.0125 0.0140625
0 0.275 0.375 0.0140625 0.015625
0 0.24609375 0.665625 0.009375 0.0125
0 0.159375 0.790625 0.0109375 0.0125
0 0.028125 0.6015625 0.0515625 0.0578125
0 0.10078125 0.56796875 0.2 0.509375
0 0.95859375 0.83671875 0.08125 0.1875
0 0.4859375 0.965625 0.2 0.06875