0 0.85078125 0.0796875 0.0859375 0.0859375
0 0.32109375 0.08125 0.021875 0.021875
0 0.3390625 0.86953125 0.0890625 0.0890625
0 0.25078125 0.68046875 0.16875 0.1671875
0 0.69140625 0.74140625 0.046875 0.046875
0 0.3359375 0.5265625 0.29375 0.29375
0 0.49140625 0.5109375 0.2375 0.2359375
0 0.63359375 0.41328125 0.140625 0.140625
0 0.7234375 0.4953125 0.06875 0.06875
0 0.7859375 0.46796875 0.028125 0.028125
0 0.7734375 0.72734375 0.0265625 0.025
0 0.94296875 0.7671875 0.1140625 0.178125
0 0.425 0.92734375 0.0203125 0.0203125
0 0.12734375 0.79609375 0.021875 0.021875
0 0.534375 0.65234375 0.015625 0.015625
0 0.5828125 0.7859375 0.0140625 0.0140625
0 0.05859375 0.8421875 0.015625 0.015625
0 0.86015625 0.15625 0.015625 0.015625
0 0.45625 0.84296875 0.0109375 0.0109375
0 0.30390625 0.959375 0.0109375 0.0109375
0 0.95859375 0.61875 0.0109375 0.0109375
0 0.5046875 0.68828125 0.009375 0.009375
0 0.09296875 0.40625 0.0125 0.0125
0 0.14609375 0.4203125 0.009375 0.009375
0 0.02890625 0.43203125 0.009375 0.009375
0 0.0453125 0.2625 0.0140625 0.0125
0 0.58515625 0.046875 0.015625 0.015625
0 0.8078125 0.11171875 0.0109375 0.0109375
0 0.73515625 0.01484375 0.0125 0.0125
0 0.94140625 0.20703125 0.009375 0.009375
0 0.8609375 0.6 0.015625 0.015625
0 0.496875 0.80703125 0.0171875 0.0171875