0 0.7859375 0.62578125 0.046875 0.053125
0 0.771875 0.83671875 0.01875 0.021875
0 0.403125 0.78046875 0.140625 0.1578125
0 0.46484375 0.771875 0.265625 0.296875
0 0.4578125 0.38359375 0.025 0.028125
0 0.56171875 0.31484375 0.01875 0.021875
0 0.37421875 0.03671875 0.01875 0.021875
0 0.0265625 0.15859375 0.01875 0.021875
0 0.1515625 0.32265625 0.01875 0.021875
0 0.14921875 0.675 0.025 0.028125
0 0.2015625 0.69609375 0.025 0.0265625
0 0.2625 0.72265625 0.0203125 0.021875
0 0.2921875 0.790625 0.01875 0.021875
0 0.35078125 0.48359375 0.2125 0.2375
0 0.3015625 0.678125 0.015625 0.015625
0 0.6578125 0.3484375 0.284375 0.31875
0 0.25 0.0375 0.0140625 0.015625
0 0.35078125 0.02421875 0.0125 0.0125
0 0.0265625 0.3375 0.015625 0.015625
0 0.16484375 0.50546875 0.0109375 0.0125
0 0.325 0.60625 0.0125 0.0125
0 0.3875 0.93046875 0.0140625 0.015625
0 0.4203125 0.909375 0.0140625 0.015625
0 0.4484375 0.91875 0.0109375 0.0125
0 0.046875 0.68046875 0.0140625 0.015625
0 0.703125 0.9546875 0.0125 0.0125
0 0.621875 0.7375 0.0140625 0.015625
0 0.765625 0.54921875 0.015625 0.015625
0 0.5515625 0.525 0.009375 0.0109375
0 0.9796875 0.13125 0.0125 0.015625
0 0.83984375 0.040625 0.0109375 0.0125
0 0.93046875 0.04765625 0.0109375 0.0125
0 0.82890625 0.27265625 0.0125 0.0125
0 0.73359375 0.06328125 0.009375 0.0109375
0 0.87890625 0.2890625 0.0140625 0.015625
0 0.28125 0.17109375 0.0109375 0.0125
0 0.428125 0.1296875 0.0265625 0.0296875
0 0.621875 0.18046875 0.04375 0.05