0 0.85078125 0.9203125 0.0859375 0.0859375
0 0.32109375 0.91875 0.021875 0.021875
0 0.3390625 0.13046875 0.0890625 0.0890625
0 0.25078125 0.31953125 0.16796875 0.1671875
0 0.69140625 0.25859375 0.04765625 0.046875
0 0.3359375 0.4734375 0.29375 0.29296875
0 0.49140625 0.4890625 0.2375 0.2359375
0 0.63359375 0.58671875 0.13984375 0.13984375
0 0.7234375 0.5046875 0.06953125 0.06875
0 0.7859375 0.53203125 0.02734375 0.02734375
0 0.7734375 0.27265625 0.0265625 0.025
0 0.94296875 0.2328125 0.1140625 0.17890625
0 0.425 0.07265625 0.0203125 0.0203125
0 0.12734375 0.20390625 0.021875 0.021875
0 0.534375 0.34765625 0.01640625 0.01640625
0 0.5828125 0.2140625 0.0140625 0.0140625
0 0.05859375 0.1578125 0.015625 0.015625
0 0.86015625 0.84375 0.01640625 0.01640625
0 0.45625 0.15703125 0.0109375 0.0109375
0 0.30390625 0.040625 0.0109375 0.0109375
0 0.95859375 0.38125 0.0109375 0.0109375
0 0.5046875 0.31171875 0.009375 0.009375
0 0.09296875 0.59375 0.0125 0.0125
0 0.14609375 0.5796875 0.009375 0.009375
0 0.02890625 0.56796875 0.009375 0.009375
0 0.0453125 0.7375 0.0140625 0.0125
0 0.58515625 0.953125 0.015625 0.015625
0 0.8078125 0.88828125 0.0109375 0.0109375
0 0.73515625 0.98515625 0.01171875 0.01171875
0 0.94140625 0.79296875 0.009375 0.009375
0 0.8609375 0.4 0.01484375 0.01484375
0 0.496875 0.19296875 0.0171875 0.0171875