0 0.89765625 0.7703125 0.034375 0.034375
0 0.9203125 0.540625 0.021875 0.021875
0 0.9 0.61328125 0.01875 0.01875
0 0.69375 0.75625 0.0234375 0.0234375
0 0.2703125 0.7203125 0.028125 0.028125
0 0.2515625 0.67890625 0.015625 0.015625
0 0.1546875 0.540625 0.021875 0.021875
0 0.38046875 0.3265625 0.028125 0.028125
0 0.6359375 0.521875 0.028125 0.028125
0 0.60234375 0.4125 0.1171875 0.115625
0 0.72578125 0.3859375 0.1328125 0.13125
0 0.6515625 0.63828125 0.1875 0.1859375
0 0.97109375 0.27734375 0.0265625 0.0265625
0 0.86875 0.284375 0.1765625 0.1765625
0 0.87734375 0.175 0.028125 0.0265625
0 0.45078125 0.271875 0.1625 0.1609375
0 0.059375 0.71328125 0.0234375 0.0234375
0 0.075 0.04375 0.09375 0.0875
0 0.19609375 0.2078125 0.01875 0.01875
0 0.50234375 0.20234375 0.025 0.0234375
0 0.6234375 0.153125 0.021875 0.021875
0 0.4640625 0.18671875 0.01875 0.01875
0 0.896875 0.09140625 0.1328125 0.1328125
0 0.0828125 0.4 0.0125 0.0125
0 0.19375 0.36015625 0.0140625 0.0140625
0 0.565625 0.165625 0.015625 0.015625
0 0.52421875 0.18125 0.0125 0.0125
0 0.053125 0.3171875 0.0125 0.0125
0 0.990625 0.50078125 0.0125 0.0125
0 0.70703125 0.45703125 0.0125 0.0125
0 0.3390625 0.59296875 0.015625 0.015625
0 0.43828125 0.5765625 0.0125 0.0109375
0 0.48203125 0.63984375 0.0125 0.0109375
0 0.28984375 0.853125 0.0125 0.0125
0 0.2765625 0.9 0.0140625 0.0140625
0 0.3546875 0.9953125 0.0125 0.009375
0 0.128125 0.60703125 0.0125 0.0125
0 0.8125 0.32265625 0.0125 0.0125
0 0.73046875 0.175 0.0125 0.0125
0 0.65859375 0.26953125 0.0109375 0.0109375
0 0.0890625 0.26328125 0.0109375 0.0109375
0 0.1078125 0.4046875 0.0109375 0.0109375
0 0.17421875 0.63203125 0.009375 0.009375
0 0.0953125 0.78046875 0.0109375 0.0109375
0 0.40546875 0.60390625 0.009375 0.009375
0 0.6109375 0.76796875 0.0109375 0.009375
0 0.653125 0.6734375 0.0125 0.0125
0 0.61171875 0.53828125 0.0109375 0.0109375
0 0.95859375 0.834375 0.0125 0.0125
0 0.93203125 0.61484375 0.0125 0.0125
0 0.62265625 0.9234375 0.009375 0.009375