0 0.10234375 0.7703125 0.034375 0.034375
0 0.0796875 0.540625 0.021875 0.021875
0 0.1 0.61328125 0.01875 0.01875
0 0.30625 0.75625 0.0234375 0.0234375
0 0.7296875 0.7203125 0.02734375 0.02734375
0 0.7484375 0.67890625 0.015625 0.015625
0 0.8453125 0.540625 0.02265625 0.02265625
0 0.61953125 0.3265625 0.028125 0.028125
0 0.3640625 0.521875 0.02734375 0.02734375
0 0.39765625 0.4125 0.1171875 0.11640625
0 0.27421875 0.3859375 0.1328125 0.13203125
0 0.3484375 0.63828125 0.18671875 0.1859375
0 0.02890625 0.27734375 0.0265625 0.0265625
0 0.13125 0.284375 0.1765625 0.17578125
0 0.12265625 0.175 0.02734375 0.0265625
0 0.54921875 0.271875 0.1625 0.1609375
0 0.940625 0.71328125 0.0234375 0.0234375
0 0.925 0.04375 0.09296875 0.0875
0 0.80390625 0.2078125 0.01875 0.01875
0 0.49765625 0.20234375 0.02421875 0.0234375
0 0.3765625 0.153125 0.021875 0.021875
0 0.5359375 0.18671875 0.01875 0.01875
0 0.103125 0.09140625 0.1328125 0.13203125
0 0.9171875 0.4 0.0125 0.0125
0 0.80625 0.36015625 0.0140625 0.0140625
0 0.434375 0.165625 0.01640625 0.01640625
0 0.47578125 0.18125 0.01171875 0.01171875
0 0.946875 0.3171875 0.01171875 0.01171875
0 0.009375 0.50078125 0.0125 0.0125
0 0.29296875 0.45703125 0.01171875 0.01171875
0 0.6609375 0.59296875 0.01484375 0.01484375
0 0.56171875 0.5765625 0.01171875 0.0109375
0 0.51796875 0.63984375 0.01171875 0.0109375
0 0.71015625 0.853125 0.0125 0.0125
0 0.7234375 0.9 0.0140625 0.0140625
0 0.6453125 0.9953125 0.01171875 0.009375
0 0.871875 0.60703125 0.0125 0.0125
0 0.1875 0.32265625 0.01171875 0.01171875
0 0.26953125 0.175 0.0125 0.0125
0 0.34140625 0.26953125 0.0109375 0.0109375
0 0.9109375 0.26328125 0.0109375 0.0109375
0 0.8921875 0.4046875 0.0109375 0.0109375
0 0.82578125 0.63203125 0.009375 0.009375
0 0.9046875 0.78046875 0.0109375 0.0109375
0 0.59453125 0.60390625 0.009375 0.009375
0 0.3890625 0.76796875 0.0109375 0.009375
0 0.346875 0.6734375 0.01171875 0.01171875
0 0.38828125 0.53828125 0.0109375 0.0109375
0 0.04140625 0.834375 0.01171875 0.01171875
0 0.06796875 0.61484375 0.01171875 0.01171875
0 0.37734375 0.9234375 0.009375 0.009375