0 0.3421875 0.0296875 0.0125 0.0125
0 0.3140625 0.18984375 0.0265625 0.0265625
0 0.10078125 0.14765625 0.0234375 0.0234375
0 0.32890625 0.04609375 0.1203125 0.0921875
0 0.36640625 0.3453125 0.034375 0.034375
0 0.48046875 0.15625 0.015625 0.015625
0 0.55859375 0.096875 0.0140625 0.0140625
0 0.1296875 0.425 0.03125 0.03125
0 0.17109375 0.4265625 0.090625 0.090625
0 0.25546875 0.71640625 0.253125 0.2546875
0 0.21484375 0.83515625 0.2109375 0.2125
0 0.2890625 0.94609375 0.0171875 0.0171875
0 0.04140625 0.85234375 0.0828125 0.1109375
0 0.58046875 0.1125 0.0171875 0.0171875
0 0.4125 0.525 0.0203125 0.0203125
0 0.40546875 0.809375 0.015625 0.015625
0 0.615625 0.7703125 0.76875 0.459375
0 0.8125 0.44453125 0.090625 0.090625
0 0.68515625 0.14140625 0.03125 0.03125
0 0.75390625 0.1515625 0.021875 0.021875
0 0.84921875 0.1109375 0.01875 0.01875
0 0.17578125 0.346875 0.0140625 0.0140625
0 0.53828125 0.0515625 0.0125 0.0125
0 0.76640625 0.48671875 0.015625 0.015625
0 0.59921875 0.4765625 0.015625 0.015625
0 0.8765625 0.90234375 0.0125 0.0125
0 0.70859375 0.46953125 0.0109375 0.0109375
0 0.75546875 0.51640625 0.0140625 0.0140625
0 0.6609375 0.4984375 0.0125 0.0125
0 0.9359375 0.48125 0.028125 0.028125
0 0.95078125 0.378125 0.0125 0.0125
0 0.77890625 0.325 0.0125 0.0125
0 0.81640625 0.20859375 0.0125 0.0125
0 0.5890625 0.0046875 0.0109375 0.009375
0 0.4 0.03359375 0.015625 0.015625
0 0.31171875 0.24140625 0.0109375 0.0109375
0 0.06796875 0.99375 0.0125 0.0125
0 0.12734375 0.86953125 0.015625 0.015625
0 0.121875 0.0921875 0.0125 0.0125
0 0.1640625 0.0375 0.0125 0.0125
0 0.74765625 0.67890625 0.015625 0.015625
0 0.4875 0.4703125 0.0171875 0.0171875