0 0.5578125 0.884375 0.071875 0.06875
0 0.9671875 0.3609375 0.03046875 0.0296875
0 0.94609375 0.5328125 0.0328125 0.03203125
0 0.56875 0.76484375 0.053125 0.05078125
0 0.7984375 0.690625 0.146875 0.140625
0 0.7015625 0.77578125 0.16875 0.1609375
0 0.16640625 0.65078125 0.0375 0.03515625
0 0.646875 0.21328125 0.01875 0.0171875
0 0.21484375 0.37890625 0.034375 0.03203125
0 0.128125 0.3 0.025 0.02421875
0 0.0375 0.2953125 0.01875 0.0171875
0 0.1671875 0.39140625 0.19921875 0.19140625
0 0.14375 0.1921875 0.06875 0.06640625
0 0.11484375 0.025 0.02421875 0.0234375
0 0.57109375 0.08671875 0.03828125 0.0359375
0 0.6484375 0.09453125 0.01953125 0.01953125
0 0.690625 0.11875 0.0203125 0.01953125
0 0.77890625 0.02421875 0.0921875 0.04765625
0 0.97890625 0.08359375 0.0171875 0.0171875
0 0.5828125 0.00546875 0.015625 0.0109375
0 0.02578125 0.746875 0.0125 0.0125
0 0.0984375 0.315625 0.01953125 0.01953125
0 0.9 0.25078125 0.0140625 0.0140625
0 0.72734375 0.4 0.0125 0.01171875
0 0.896875 0.37890625 0.0125 0.01171875
0 0.9859375 0.7171875 0.00859375 0.0140625
0 0.9703125 0.87421875 0.01484375 0.0140625
0 0.61640625 0.88828125 0.0109375 0.0109375
0 0.64296875 0.04765625 0.0109375 0.0109375
0 0.2125 0.71796875 0.01171875 0.0109375
0 0.3875 0.85546875 0.16796875 0.1609375
0 0.24296875 0.7515625 0.01171875 0.0109375
0 0.92578125 0.021875 0.009375 0.009375
0 0.93125 0.2328125 0.0125 0.0125
0 0.88046875 0.21171875 0.015625 0.01484375
0 0.4203125 0.321875 0.0109375 0.0109375
0 0.37578125 0.35078125 0.01171875 0.01171875
0 0.26171875 0.546875 0.0109375 0.009375
0 0.61796875 0.79453125 0.0140625 0.0125
0 0.678125 0.6375 0.0109375 0.009375
0 0.95703125 0.55390625 0.009375 0.009375
0 0.559375 0.55 0.034375 0.03203125
0 0.5484375 0.5234375 0.04765625 0.04609375
0 0.46328125 0.9578125 0.0109375 0.009375