0 0.98984375 0.78046875 0.0203125 0.0203125
0 0.8625 0.71171875 0.01875 0.01875
0 0.609375 0.97578125 0.0203125 0.0203125
0 0.0609375 0.98828125 0.03984375 0.0234375
0 0.0140625 0.87578125 0.01875 0.01875
0 0.0875 0.76171875 0.0171875 0.0171875
0 0.0765625 0.6421875 0.071875 0.071875
0 0.09140625 0.47578125 0.01953125 0.01953125
0 0.10703125 0.4796875 0.01875 0.01875
0 0.109375 0.2484375 0.021875 0.021875
0 0.1578125 0.26484375 0.0203125 0.0203125
0 0.203125 0.659375 0.0140625 0.0140625
0 0.3 0.15703125 0.0296875 0.0296875
0 0.396875 0.1984375 0.0765625 0.075
0 0.0453125 0.28359375 0.0234375 0.0234375
0 0.46171875 0.31796875 0.01953125 0.01953125
0 0.55625 0.51875 0.01640625 0.01640625
0 0.66015625 0.4875 0.04765625 0.04765625
0 0.6359375 0.34453125 0.13203125 0.13125
0 0.75625 0.24375 0.025 0.025
0 0.85859375 0.046875 0.025 0.025
0 0.8765625 0.0671875 0.01875 0.01875
0 0.89921875 0.14609375 0.07421875 0.07421875
0 0.93984375 0.34453125 0.02421875 0.02421875
0 0.7203125 0.06875 0.01171875 0.01171875
0 0.5359375 0.1046875 0.0125 0.0125
0 0.5421875 0.1515625 0.01171875 0.0109375
0 0.36328125 0.2515625 0.0109375 0.0109375
0 0.1296875 0.18984375 0.0140625 0.0140625
0 0.06328125 0.3453125 0.0125 0.0125
0 0.3390625 0.41015625 0.0109375 0.0109375
0 0.6390625 0.46484375 0.01171875 0.01171875
0 0.02421875 0.21484375 0.01640625 0.01640625
0 0.18046875 0.971875 0.0109375 0.0109375
0 0.16015625 0.6359375 0.01171875 0.0109375
0 0.003125 0.584375 0.00625 0.009375
0 0.2859375 0.62421875 0.009375 0.009375
0 0.40390625 0.55390625 0.0109375 0.0109375
0 0.25625 0.86328125 0.084375 0.084375
0 0.1734375 0.85625 0.13671875 0.1359375
0 0.9734375 0.603125 0.01171875 0.01171875
0 0.2515625 0.228125 0.0109375 0.0109375
0 0.23515625 0.26875 0.0109375 0.0109375
0 0.06953125 0.42890625 0.01171875 0.01171875
0 0.1578125 0.4828125 0.0109375 0.0109375
0 0.69140625 0.384375 0.009375 0.009375
0 0.53984375 0.94375 0.009375 0.009375
0 0.38515625 0.36484375 0.01875 0.0171875