0 0.01015625 0.21953125 0.0203125 0.0203125
0 0.1375 0.28828125 0.01875 0.01875
0 0.390625 0.02421875 0.0203125 0.0203125
0 0.9390625 0.01171875 0.040625 0.0234375
0 0.9859375 0.12421875 0.01875 0.01875
0 0.9125 0.23828125 0.0171875 0.0171875
0 0.9234375 0.3578125 0.071875 0.071875
0 0.90859375 0.52421875 0.01875 0.01875
0 0.89296875 0.5203125 0.01875 0.01875
0 0.890625 0.7515625 0.021875 0.021875
0 0.8421875 0.73515625 0.0203125 0.0203125
0 0.796875 0.340625 0.0140625 0.0140625
0 0.7 0.84296875 0.0296875 0.0296875
0 0.603125 0.8015625 0.0765625 0.075
0 0.9546875 0.71640625 0.0234375 0.0234375
0 0.53828125 0.68203125 0.01875 0.01875
0 0.44375 0.48125 0.015625 0.015625
0 0.33984375 0.5125 0.046875 0.046875
0 0.3640625 0.65546875 0.13125 0.13125
0 0.24375 0.75625 0.025 0.025
0 0.14140625 0.953125 0.025 0.025
0 0.1234375 0.9328125 0.01875 0.01875
0 0.10078125 0.85390625 0.075 0.075
0 0.06015625 0.65546875 0.025 0.025
0 0.2796875 0.93125 0.0125 0.0125
0 0.4640625 0.8953125 0.0125 0.0125
0 0.4578125 0.8484375 0.0125 0.0109375
0 0.63671875 0.7484375 0.0109375 0.0109375
0 0.8703125 0.81015625 0.0140625 0.0140625
0 0.93671875 0.6546875 0.0125 0.0125
0 0.6609375 0.58984375 0.0109375 0.0109375
0 0.3609375 0.53515625 0.0125 0.0125
0 0.97578125 0.78515625 0.015625 0.015625
0 0.81953125 0.028125 0.0109375 0.0109375
0 0.83984375 0.3640625 0.0125 0.0109375
0 0.996875 0.415625 0.00625 0.009375
0 0.7140625 0.37578125 0.009375 0.009375
0 0.59609375 0.44609375 0.0109375 0.0109375
0 0.74375 0.13671875 0.084375 0.084375
0 0.8265625 0.14375 0.1375 0.1359375
0 0.0265625 0.396875 0.0125 0.0125
0 0.7484375 0.771875 0.0109375 0.0109375
0 0.76484375 0.73125 0.0109375 0.0109375
0 0.93046875 0.57109375 0.0125 0.0125
0 0.8421875 0.5171875 0.0109375 0.0109375
0 0.30859375 0.615625 0.009375 0.009375
0 0.46015625 0.05625 0.009375 0.009375
0 0.61484375 0.63515625 0.01875 0.0171875