0 0.83125 0.9265625 0.05 0.0484375
0 0.76796875 0.93125 0.125 0.1234375
0 0.8921875 0.97578125 0.01484375 0.01484375
0 0.41953125 0.79921875 0.01640625 0.01640625
0 0.08125 0.546875 0.0234375 0.0234375
0 0.109375 0.4421875 0.01953125 0.01953125
0 0.3890625 0.353125 0.03828125 0.03828125
0 0.5421875 0.4421875 0.0359375 0.03515625
0 0.83515625 0.575 0.02734375 0.02734375
0 0.3765625 0.38203125 0.034375 0.0328125
0 0.13984375 0.76875 0.0765625 0.075
0 0.6421875 0.34140625 0.715625 0.6828125
0 0.53984375 0.19453125 0.0921875 0.090625
0 0.5609375 0.834375 0.01875 0.0171875
0 0.10234375 0.221875 0.20390625 0.2984375
0 0.24140625 0.090625 0.028125 0.028125
0 0.5015625 0.13515625 0.0171875 0.0171875
0 0.13671875 0.15703125 0.0109375 0.009375
0 0.278125 0.20390625 0.0140625 0.0140625
0 0.35859375 0.171875 0.31171875 0.30859375
0 0.853125 0.2625 0.01484375 0.0140625
0 0.48984375 0.3640625 0.0125 0.01171875
0 0.99375 0.5015625 0.0125 0.01875
0 0.1140625 0.4015625 0.01171875 0.01171875
0 0.64921875 0.8875 0.01171875 0.01171875
0 0.74296875 0.971875 0.01171875 0.01171875
0 0.44453125 0.91796875 0.0109375 0.0109375
0 0.24296875 0.65546875 0.01171875 0.01171875
0 0.4046875 0.65 0.0109375 0.0109375
0 0.51640625 0.5984375 0.03125 0.03046875
0 0.86796875 0.53203125 0.0125 0.0125
0 0.9140625 0.7453125 0.01171875 0.01171875
0 0.959375 0.85078125 0.0109375 0.0109375
0 0.7296875 0.378125 0.059375 0.05859375
0 0.3109375 0.090625 0.0125 0.0125
0 0.31875 0.03046875 0.0140625 0.0140625
0 0.5890625 0.21484375 0.015625 0.015625
0 0.48125 0.17109375 0.0125 0.0125
0 0.63359375 0.8546875 0.0109375 0.0109375