0 0.16875 0.9265625 0.05 0.0484375
0 0.23203125 0.93125 0.125 0.1234375
0 0.1078125 0.97578125 0.015625 0.015625
0 0.58046875 0.79921875 0.015625 0.015625
0 0.91875 0.546875 0.0234375 0.0234375
0 0.890625 0.4421875 0.01875 0.01875
0 0.6109375 0.353125 0.0375 0.0375
0 0.4578125 0.4421875 0.0359375 0.034375
0 0.16484375 0.575 0.028125 0.028125
0 0.6234375 0.38203125 0.034375 0.0328125
0 0.86015625 0.76875 0.0765625 0.075
0 0.3578125 0.34140625 0.715625 0.6828125
0 0.46015625 0.19453125 0.0921875 0.090625
0 0.4390625 0.834375 0.01875 0.0171875
0 0.89765625 0.221875 0.2046875 0.2984375
0 0.75859375 0.090625 0.028125 0.028125
0 0.4984375 0.13515625 0.0171875 0.0171875
0 0.86328125 0.15703125 0.0109375 0.009375
0 0.721875 0.20390625 0.0140625 0.0140625
0 0.64140625 0.171875 0.3125 0.309375
0 0.146875 0.2625 0.015625 0.0140625
0 0.51015625 0.3640625 0.0125 0.0125
0 0.00625 0.5015625 0.0125 0.01875
0 0.8859375 0.4015625 0.0125 0.0125
0 0.35078125 0.8875 0.0125 0.0125
0 0.25703125 0.971875 0.0125 0.0125
0 0.55546875 0.91796875 0.0109375 0.0109375
0 0.75703125 0.65546875 0.0125 0.0125
0 0.5953125 0.65 0.0109375 0.0109375
0 0.48359375 0.5984375 0.03125 0.03125
0 0.13203125 0.53203125 0.0125 0.0125
0 0.0859375 0.7453125 0.0125 0.0125
0 0.040625 0.85078125 0.0109375 0.0109375
0 0.2703125 0.378125 0.059375 0.059375
0 0.6890625 0.090625 0.0125 0.0125
0 0.68125 0.03046875 0.0140625 0.0140625
0 0.4109375 0.21484375 0.015625 0.015625
0 0.51875 0.17109375 0.0125 0.0125
0 0.36640625 0.8546875 0.0109375 0.0109375