0 0.115625 0.4421875 0.06875 0.071875
0 0.6390625 0.0328125 0.0296875 0.03125
0 0.4671875 0.05390625 0.03125 0.0328125
0 0.23515625 0.43125 0.05 0.053125
0 0.309375 0.2015625 0.140625 0.146875
0 0.22421875 0.2984375 0.1609375 0.16875
0 0.34921875 0.83359375 0.034375 0.0375
0 0.78671875 0.353125 0.0171875 0.01875
0 0.62109375 0.78515625 0.03125 0.034375
0 0.7 0.871875 0.025 0.025
0 0.7046875 0.9625 0.0171875 0.01875
0 0.60859375 0.8328125 0.190625 0.2
0 0.8078125 0.85625 0.065625 0.06875
0 0.975 0.88515625 0.0234375 0.025
0 0.91328125 0.42890625 0.0359375 0.0375
0 0.90546875 0.3515625 0.01875 0.01875
0 0.88125 0.309375 0.01875 0.0203125
0 0.97578125 0.22109375 0.046875 0.0921875
0 0.91640625 0.02109375 0.0171875 0.0171875
0 0.99453125 0.4171875 0.0109375 0.015625
0 0.253125 0.97421875 0.0125 0.0125
0 0.684375 0.9015625 0.01875 0.0203125
0 0.74921875 0.1 0.0140625 0.0140625
0 0.6 0.27265625 0.0125 0.0125
0 0.62109375 0.103125 0.0125 0.0125
0 0.2828125 0.0140625 0.0140625 0.009375
0 0.12578125 0.0296875 0.0140625 0.015625
0 0.11171875 0.38359375 0.0109375 0.0109375
0 0.95234375 0.35703125 0.0109375 0.0109375
0 0.28203125 0.7875 0.0109375 0.0125
0 0.14453125 0.6125 0.1609375 0.16875
0 0.2484375 0.75703125 0.0109375 0.0125
0 0.978125 0.07421875 0.009375 0.009375
0 0.7671875 0.06875 0.0125 0.0125
0 0.78828125 0.11953125 0.015625 0.015625
0 0.678125 0.5796875 0.0109375 0.0109375
0 0.64921875 0.62421875 0.0125 0.0125
0 0.453125 0.73828125 0.009375 0.0109375
0 0.20546875 0.38203125 0.0125 0.0140625
0 0.3625 0.321875 0.009375 0.0109375
0 0.44609375 0.04296875 0.009375 0.009375
0 0.45 0.440625 0.03125 0.034375
0 0.4765625 0.4515625 0.046875 0.046875
0 0.0421875 0.53671875 0.009375 0.0109375