0 0.1046875 0.93046875 0.0203125 0.0203125
0 0.2390625 0.74765625 0.025 0.025
0 0.3140625 0.6453125 0.01875 0.01875
0 0.31875 0.68046875 0.01875 0.01875
0 0.409375 0.9734375 0.0765625 0.053125
0 0.32578125 0.1359375 0.0203125 0.0203125
0 0.69921875 0.04765625 0.0171875 0.01875
0 0.553125 0.31484375 0.025 0.025
0 0.728125 0.39609375 0.04375 0.04375
0 0.9296875 0.3328125 0.034375 0.0359375
0 0.98125 0.334375 0.0375 0.053125
0 0.9765625 0.4140625 0.01875 0.01875
0 0.68046875 0.25703125 0.1953125 0.1984375
0 0.9734375 0.80546875 0.046875 0.046875
0 0.8203125 0.56484375 0.0140625 0.015625
0 0.7765625 0.7328125 0.0140625 0.015625
0 0.7640625 0.1515625 0.0171875 0.01875
0 0.74296875 0.5953125 0.0109375 0.0109375
0 0.228125 0.9671875 0.0109375 0.0125
0 0.52265625 0.7484375 0.015625 0.015625
0 0.34375 0.56171875 0.0109375 0.0125
0 0.4453125 0.42109375 0.015625 0.015625
0 0.30625 0.23359375 0.0125 0.0125
0 0.2296875 0.15703125 0.0125 0.0140625
0 0.5515625 0.0796875 0.0171875 0.0171875
0 0.6 0.38359375 0.0140625 0.015625
0 0.0546875 0.584375 0.015625 0.015625
0 0.97578125 0.05859375 0.0109375 0.0109375
0 0.96875 0.9765625 0.015625 0.015625
0 0.6078125 0.9375 0.0125 0.0125
0 0.57109375 0.55 0.0109375 0.0125
0 0.6796875 0.934375 0.0109375 0.0109375
0 0.03046875 0.7 0.015625 0.0171875
0 0.17578125 0.340625 0.0125 0.0125
0 0.16328125 0.12421875 0.015625 0.015625
0 0.1578125 0.01875 0.0125 0.0125
0 0.31328125 0.0796875 0.01875 0.01875
0 0.259375 0.2421875 0.009375 0.0109375
0 0.2359375 0.3046875 0.0109375 0.0109375
0 0.803125 0.809375 0.009375 0.009375
0 0.74765625 0.61484375 0.0125 0.0125
0 0.75390625 0.6453125 0.0546875 0.05625
0 0.93828125 0.246875 0.009375 0.009375
0 0.54765625 0.02578125 0.0109375 0.0109375
0 0.675 0.31171875 0.009375 0.009375
0 0.45390625 0.553125 0.0109375 0.0109375
0 0.628125 0.76953125 0.009375 0.0109375
0 0.65 0.7515625 0.0125 0.0125
0 0.07890625 0.42578125 0.0109375 0.0109375
0 0.1578125 0.0421875 0.0125 0.0125
0 0.23515625 0.73984375 0.0203125 0.0203125
0 0.0484375 0.57578125 0.0625 0.065625