0 0.83125 0.0734375 0.05 0.0484375
0 0.76796875 0.06875 0.125 0.1234375
0 0.8921875 0.02421875 0.015625 0.015625
0 0.41953125 0.20078125 0.015625 0.015625
0 0.08125 0.453125 0.0234375 0.0234375
0 0.109375 0.5578125 0.01875 0.01875
0 0.3890625 0.646875 0.0375 0.0375
0 0.5421875 0.5578125 0.0359375 0.034375
0 0.83515625 0.425 0.028125 0.028125
0 0.3765625 0.61796875 0.034375 0.0328125
0 0.13984375 0.23125 0.0765625 0.075
0 0.6421875 0.65859375 0.715625 0.6828125
0 0.53984375 0.80546875 0.0921875 0.090625
0 0.5609375 0.165625 0.01875 0.0171875
0 0.10234375 0.778125 0.203125 0.2984375
0 0.24140625 0.909375 0.028125 0.028125
0 0.5015625 0.86484375 0.0171875 0.0171875
0 0.13671875 0.84296875 0.0109375 0.009375
0 0.278125 0.79609375 0.0140625 0.0140625
0 0.35859375 0.828125 0.3125 0.309375
0 0.853125 0.7375 0.015625 0.0140625
0 0.48984375 0.6359375 0.0125 0.0125
0 0.99375 0.4984375 0.0125 0.01875
0 0.1140625 0.5984375 0.0125 0.0125
0 0.64921875 0.1125 0.0125 0.0125
0 0.74296875 0.028125 0.0125 0.0125
0 0.44453125 0.08203125 0.0109375 0.0109375
0 0.24296875 0.34453125 0.0125 0.0125
0 0.4046875 0.35 0.0109375 0.0109375
0 0.51640625 0.4015625 0.03125 0.03125
0 0.86796875 0.46796875 0.0125 0.0125
0 0.9140625 0.2546875 0.0125 0.0125
0 0.959375 0.14921875 0.0109375 0.0109375
0 0.7296875 0.621875 0.059375 0.059375
0 0.3109375 0.909375 0.0125 0.0125
0 0.31875 0.96953125 0.0140625 0.0140625
0 0.5890625 0.78515625 0.015625 0.015625
0 0.48125 0.82890625 0.0125 0.0125
0 0.63359375 0.1453125 0.0109375 0.0109375