0 0.93046875 0.8953125 0.0203125 0.0203125
0 0.74765625 0.7609375 0.025 0.025
0 0.6453125 0.6859375 0.01953125 0.01953125
0 0.68046875 0.68125 0.01953125 0.01953125
0 0.9734375 0.590625 0.053125 0.0765625
0 0.1359375 0.67421875 0.0203125 0.0203125
0 0.04765625 0.30078125 0.01875 0.0171875
0 0.31484375 0.446875 0.02421875 0.02421875
0 0.39609375 0.271875 0.04375 0.04296875
0 0.3328125 0.0703125 0.0359375 0.03515625
0 0.334375 0.01875 0.053125 0.0375
0 0.4140625 0.0234375 0.01875 0.01875
0 0.25703125 0.31953125 0.1984375 0.1953125
0 0.80546875 0.0265625 0.046875 0.046875
0 0.56484375 0.1796875 0.01484375 0.0140625
0 0.7328125 0.2234375 0.01484375 0.0140625
0 0.1515625 0.2359375 0.01875 0.0171875
0 0.5953125 0.25703125 0.0109375 0.0109375
0 0.9671875 0.771875 0.01171875 0.0109375
0 0.7484375 0.47734375 0.01484375 0.01484375
0 0.56171875 0.65625 0.01171875 0.0109375
0 0.42109375 0.5546875 0.015625 0.015625
0 0.23359375 0.69375 0.01171875 0.01171875
0 0.15703125 0.7703125 0.0140625 0.0125
0 0.0796875 0.4484375 0.0171875 0.0171875
0 0.38359375 0.4 0.01484375 0.0140625
0 0.584375 0.9453125 0.01640625 0.015625
0 0.05859375 0.02421875 0.0109375 0.0109375
0 0.9765625 0.03125 0.01640625 0.015625
0 0.9375 0.3921875 0.01171875 0.01171875
0 0.55 0.42890625 0.01171875 0.0109375
0 0.934375 0.3203125 0.0109375 0.0109375
0 0.7 0.96953125 0.0171875 0.01640625
0 0.340625 0.82421875 0.01171875 0.01171875
0 0.12421875 0.83671875 0.015625 0.015625
0 0.01875 0.8421875 0.0125 0.0125
0 0.0796875 0.68671875 0.01875 0.01875
0 0.2421875 0.740625 0.0109375 0.009375
0 0.3046875 0.7640625 0.0109375 0.0109375
0 0.809375 0.196875 0.009375 0.009375
0 0.61484375 0.25234375 0.01171875 0.01171875
0 0.6453125 0.24609375 0.05546875 0.0546875
0 0.246875 0.06171875 0.009375 0.009375
0 0.02578125 0.45234375 0.0109375 0.0109375
0 0.31171875 0.325 0.009375 0.009375
0 0.553125 0.54609375 0.0109375 0.0109375
0 0.76953125 0.371875 0.0109375 0.009375
0 0.7515625 0.35 0.01171875 0.01171875
0 0.42578125 0.92109375 0.0109375 0.0109375
0 0.0421875 0.8421875 0.0125 0.01171875
0 0.73984375 0.76484375 0.0203125 0.0203125
0 0.57578125 0.9515625 0.065625 0.06328125