0 0.15 0.16015625 0.02734375 0.0265625
0 0.16015625 0.19921875 0.02421875 0.0234375
0 0.18515625 0.1703125 0.01484375 0.01484375
0 0.084375 0.08671875 0.16796875 0.17265625
0 0.28203125 0.1875 0.01875 0.0171875
0 0.28046875 0.21484375 0.01875 0.0171875
0 0.42109375 0.26484375 0.02734375 0.0265625
0 0.3453125 0.0875 0.0234375 0.0234375
0 0.34609375 0.02265625 0.01640625 0.01640625
0 0.48515625 0.13203125 0.0265625 0.025
0 0.6359375 0.1828125 0.015625 0.015625
0 0.65234375 0.103125 0.01484375 0.01484375
0 0.596875 0.03203125 0.01484375 0.0140625
0 0.70546875 0.25625 0.01640625 0.01640625
0 0.6 0.12421875 0.01640625 0.01640625
0 0.9859375 0.00625 0.01875 0.0125
0 0.98515625 0.14453125 0.01484375 0.01484375
0 0.7875 0.209375 0.0328125 0.03203125
0 0.80625 0.20625 0.0390625 0.03828125
0 0.8265625 0.2734375 0.08515625 0.0828125
0 0.8828125 0.33671875 0.02421875 0.0234375
0 0.87265625 0.721875 0.02421875 0.02421875
0 0.915625 0.71875 0.015625 0.015625
0 0.878125 0.48125 0.015625 0.01484375
0 0.9015625 0.634375 0.05546875 0.05390625
0 0.834375 0.440625 0.0140625 0.0140625
0 0.665625 0.38984375 0.01953125 0.01875
0 0.58828125 0.65390625 0.02265625 0.021875
0 0.64453125 0.771875 0.02421875 0.02421875
0 0.6203125 0.76953125 0.025 0.025
0 0.646875 0.92734375 0.0109375 0.0109375
0 0.5453125 0.7625 0.0234375 0.02265625
0 0.50546875 0.746875 0.0140625 0.0140625
0 0.48515625 0.79296875 0.0328125 0.03203125
0 0.478125 0.82421875 0.015625 0.015625
0 0.41796875 0.74140625 0.02734375 0.02734375
0 0.453125 0.6734375 0.01484375 0.01484375
0 0.3578125 0.8375 0.0109375 0.0109375
0 0.453125 0.43125 0.01171875 0.01171875
0 0.41640625 0.50859375 0.01171875 0.01171875
0 0.440625 0.33359375 0.0265625 0.0265625
0 0.275 0.7265625 0.184375 0.17890625
0 0.1640625 0.83828125 0.0125 0.01171875
0 0.053125 0.81875 0.01171875 0.01171875
0 0.14609375 0.7484375 0.01171875 0.01171875
0 0.128125 0.6140625 0.028125 0.028125
0 0.171875 0.59921875 0.0109375 0.0109375
0 0.1890625 0.56484375 0.01171875 0.01171875
0 0.165625 0.55859375 0.0140625 0.0140625
0 0.20625 0.38359375 0.1609375 0.15703125
0 0.01171875 0.425 0.0109375 0.009375
0 0.39609375 0.96328125 0.01640625 0.015625
0 0.7125 0.659375 0.209375 0.203125
0 0.940625 0.4140625 0.0171875 0.0171875
0 0.9046875 0.42421875 0.01171875 0.0109375
0 0.125 0.8296875 0.0109375 0.009375
0 0.515625 0.6984375 0.01171875 0.01171875