0 0.8734375 0.4171875 0.009375 0.009375
0 0.703125 0.478125 0.00625 0.0078125
0 0.834375 0.446875 0.009375 0.009375
0 0.003125 0.6 0.00625 0.009375
0 0.72421875 0.5390625 0.009375 0.0078125
0 0.8859375 0.7984375 0.009375 0.0109375
0 0.99375 0.52265625 0.0078125 0.0078125
0 0.8921875 0.3671875 0.00625 0.00625
0 0.8890625 0.396875 0.0078125 0.00625
0 0.98984375 0.5203125 0.009375 0.009375
0 0.7015625 0.8796875 0.009375 0.009375
0 0.884375 0.809375 0.0078125 0.0078125
0 0.8578125 0.0984375 0.00625 0.00625
0 0.17890625 0.15703125 0.0078125 0.00625
0 0.7875 0.4828125 0.015625 0.015625
0 0.9984375 0.034375 0.003125 0.00625
0 0.821875 0.6953125 0.0078125 0.0078125
0 0.34296875 0.303125 0.015625 0.015625
0 0.46796875 0.16484375 0.0078125 0.0078125
0 0.865625 0.6453125 0.00625 0.00625
0 0.7328125 0.83671875 0.00625 0.0046875
0 0.15390625 0.06171875 0.009375 0.009375
0 0.5375 0.975 0.00625 0.00625
0 0.821875 0.3953125 0.00625 0.00625
0 0.190625 0.1046875 0.0109375 0.0109375
0 0.95078125 0.621875 0.0046875 0.0046875
0 0.2421875 0.9046875 0.00625 0.00625
0 0.8546875 0.04765625 0.0078125 0.00625
0 0.578125 0.30625 0.00625 0.0046875
0 0.75625 0.46484375 0.0125 0.009375
0 0.8296875 0.4484375 0.009375 0.00625
0 0.9984375 0.38984375 0.003125 0.0109375
0 0.0125 0.58515625 0.0078125 0.00625
0 0.90546875 0.10859375 0.00625 0.00625
0 0.99765625 0.52421875 0.0046875 0.00625
0 0.87578125 0.5671875 0.00625 0.00625
0 0.96015625 0.69609375 0.0046875 0.00625
0 0.8109375 0.98828125 0.009375 0.0078125
0 0.7359375 0.67265625 0.00625 0.00625
0 0.8796875 0.43515625 0.00625 0.00625
0 0.2046875 0.4765625 0.015625 0.015625
0 0.28515625 0.98515625 0.00625 0.00625
0 0.89375 0.70859375 0.009375 0.0109375
0 0.69453125 0.5296875 0.009375 0.00625
0 0.6703125 0.6515625 0.00625 0.0046875
0 0.6828125 0.475 0.0078125 0.00625
0 0.925 0.6953125 0.009375 0.0078125
0 0.82734375 0.1171875 0.00625 0.00625
0 0.57734375 0.403125 0.0109375 0.009375
0 0.99765625 0.61953125 0.0046875 0.00625
0 0.803125 0.20703125 0.009375 0.0078125
0 0.92421875 0.19609375 0.009375 0.0078125
0 0.42734375 0.30546875 0.009375 0.0078125
0 0.17890625 0.96015625 0.00625 0.00625
0 0.7875 0.56796875 0.0046875 0.0046875
0 0.06640625 0.9453125 0.0078125 0.0078125
0 0.02265625 0.13125 0.009375 0.009375
0 0.97578125 0.809375 0.00625 0.00625
0 0.03046875 0.059375 0.00625 0.00625
0 0.18671875 0.11796875 0.009375 0.009375
0 0.78203125 0.51953125 0.00625 0.00625
0 0.94765625 0.7828125 0.009375 0.0078125
0 0.965625 0.715625 0.00625 0.0046875
0 0.815625 0.2875 0.0078125 0.0078125
0 0.71875 0.3609375 0.00625 0.0046875
0 0.7484375 0.5375 0.00625 0.00625
0 0.815625 0.48515625 0.009375 0.0078125
0 0.8828125 0.396875 0.00625 0.00625
0 0.89296875 0.365625 0.00625 0.00625
0 0.72734375 0.99765625 0.0078125 0.0046875
0 0.86875 0.23984375 0.00625 0.00625
0 0.8296875 0.40078125 0.0078125 0.00625
0 0.0890625 0.92734375 0.00625 0.00625
0 0.7890625 0.47421875 0.0125 0.0109375
0 0.9984375 0.8078125 0.003125 0.00625
0 0.71875 0.9078125 0.009375 0.009375
0 0.9984375 0.146875 0.003125 0.00625
0 0.8375 0.40703125 0.0078125 0.0078125
0 0.92578125 0.615625 0.00625 0.0046875
0 0.36796875 0.003125 0.009375 0.00625
0 0.59296875 0.62421875 0.009375 0.009375
0 0.971875 0.8859375 0.00625 0.00625
0 0.40703125 0.6984375 0.00625 0.00625
0 0.921875 0.69765625 0.0078125 0.00625
0 0.775 0.1375 0.0078125 0.00625
0 0.928125 0.82890625 0.00625 0.00625
0 0.8984375 0.98359375 0.00625 0.00625
0 0.70625 0.45234375 0.00625 0.0078125
0 0.97734375 0.6625 0.0046875 0.00625
0 0.7234375 0.465625 0.0078125 0.0078125
0 0.7203125 0.84296875 0.00625 0.00625
0 0.5046875 0.715625 0.0125 0.009375
0 0.7078125 0.3953125 0.00625 0.00625
0 0.946875 0.25859375 0.0125 0.009375
0 0.8546875 0.39375 0.00625 0.00625
0 0.9984375 0.6875 0.003125 0.00625
0 0.3 0.04296875 0.009375 0.0078125
0 0.44375 0.11875 0.009375 0.009375
0 0.0171875 0.28671875 0.0078125 0.00625
0 0.74296875 0.93828125 0.00625 0.00625
0 0.69140625 0.3390625 0.00625 0.00625
0 0.59921875 0.88125 0.00625 0.00625
0 0.71796875 0.6828125 0.009375 0.0078125
0 0.80625 0.715625 0.00625 0.00625
0 0.92578125 0.128125 0.00625 0.00625
0 0.765625 0.56484375 0.00625 0.0046875
0 0.84453125 0.50390625 0.00625 0.00625
0 0.73359375 0.01953125 0.00625 0.00625
0 0.7265625 0.68984375 0.0078125 0.00625
0 0.75625 0.3640625 0.0125 0.0125
0 0.3703125 0.11015625 0.00625 0.00625
0 0.5234375 0.61015625 0.00625 0.00625
0 0.5953125 0.534375 0.015625 0.015625
0 0.60078125 0.94375 0.009375 0.009375
0 0.78203125 0.4828125 0.0125 0.0125
0 0.896875 0.2921875 0.00625 0.00625
0 0.31875 0.74921875 0.0171875 0.015625
0 0.434375 0.0625 0.00625 0.00625
0 0.2765625 0.1265625 0.009375 0.009375
0 0.646875 0.55546875 0.01875 0.0140625
0 0.9640625 0.7921875 0.00625 0.00625
0 0.49921875 0.584375 0.009375 0.009375
0 0.92890625 0.4265625 0.009375 0.009375
0 0.8234375 0.48671875 0.009375 0.009375
0 0.9703125 0.00625 0.00625 0.00625
0 0.0734375 0.92734375 0.025 0.025
0 0.0296875 0.66171875 0.0078125 0.00625
0 0.8234375 0.575 0.00625 0.00625
0 0.9203125 0.69921875 0.0078125 0.0078125
0 0.553125 0.7984375 0.00625 0.00625
0 0.571875 0.7296875 0.0078125 0.00625
0 0.49375 0.49765625 0.00625 0.00625
0 0.915625 0.27265625 0.00625 0.00625
0 0.7359375 0.296875 0.00625 0.00625
0 0.03828125 0.7078125 0.00625 0.00625
0 0.6984375 0.871875 0.0125 0.0125
0 0.1265625 0.58671875 0.0140625 0.0140625
0 0.12578125 0.40546875 0.0078125 0.00625
0 0.6 0.771875 0.00625 0.00625
0 0.78203125 0.5859375 0.009375 0.0078125
0 0.9515625 0.4125 0.00625 0.00625
0 0.5984375 0.4265625 0.015625 0.015625
0 0.76953125 0.9625 0.00625 0.00625
0 0.8203125 0.7515625 0.00625 0.00625
0 0.89140625 0.396875 0.0078125 0.00625
0 0.20859375 0.00625 0.015625 0.0125
0 0.85234375 0.40703125 0.00625 0.00625
0 0.2140625 0.8296875 0.00625 0.00625
0 0.99140625 0.159375 0.00625 0.0078125
0 0.475 0.68359375 0.0171875 0.015625
0 0.8296875 0.5640625 0.00625 0.00625
0 0.56015625 0.81484375 0.009375 0.009375
0 0.61640625 0.35 0.00625 0.00625
0 0.83359375 0.25078125 0.009375 0.009375
0 0.71328125 0.9046875 0.0109375 0.009375
0 0.965625 0.2109375 0.00625 0.00625
0 0.6984375 0.4 0.00625 0.00625
0 0.55703125 0.5984375 0.00625 0.00625
0 0.79375 0.82734375 0.00625 0.00625
0 0.03828125 0.8640625 0.0078125 0.0078125
0 0.90390625 0.8546875 0.00625 0.00625
0 0.228125 0.94921875 0.0078125 0.0078125
0 0.82890625 0.5046875 0.009375 0.009375
0 0.0453125 0.31328125 0.0078125 0.00625
0 0.2484375 0.265625 0.009375 0.0078125
0 0.91484375 0.87890625 0.00625 0.00625
0 0.8015625 0.63125 0.00625 0.00625
0 0.85234375 0.1484375 0.0078125 0.0078125
0 0.6890625 0.39140625 0.009375 0.009375
0 0.825 0.725 0.00625 0.00625
0 0.8890625 0.50625 0.00625 0.00625
0 0.79140625 0.484375 0.0109375 0.009375
0 0.89765625 0.03828125 0.00625 0.00625
0 0.14140625 0.16640625 0.0078125 0.00625
0 0.11328125 0.98515625 0.0078125 0.0078125
0 0.35625 0.31953125 0.0125 0.0125
0 0.81328125 0.9359375 0.00625 0.00625
0 0.89375 0.7 0.009375 0.009375
0 0.7875 0.94375 0.00625 0.00625
0 0.57578125 0.81328125 0.00625 0.00625
0 0.17421875 0.0671875 0.00625 0.00625
0 0.69375 0.62421875 0.015625 0.015625
0 0.82578125 0.18125 0.0046875 0.00625
0 0.9046875 0.5421875 0.00625 0.00625
0 0.9328125 0.92734375 0.0078125 0.00625
0 0.921875 0.57421875 0.00625 0.00625
0 0.6203125 0.5984375 0.00625 0.00625
0 0.9921875 0.17265625 0.00625 0.00625
0 0.8140625 0.51796875 0.0078125 0.00625
0 0.75703125 0.7375 0.00625 0.00625
0 0.7234375 0.8109375 0.00625 0.00625
0 0.515625 0.6984375 0.009375 0.009375
0 0.88359375 0.6375 0.00625 0.00625
0 0.8109375 0.4984375 0.009375 0.009375
0 0.490625 0.6609375 0.00625 0.00625
0 0.640625 0.70625 0.00625 0.00625
0 0.24609375 0.128125 0.0078125 0.00625
0 0.3890625 0.08125 0.00625 0.00625
0 0.87421875 0.83125 0.00625 0.00625
0 0.76875 0.49375 0.00625 0.00625
0 0.33515625 0.06953125 0.00625 0.00625
0 0.8375 0.5734375 0.0078125 0.00625
0 0.990625 0.86484375 0.00625 0.00625
0 0.89296875 0.7125 0.009375 0.0078125
0 0.6203125 0.91640625 0.009375 0.009375
0 0.97734375 0.8484375 0.0078125 0.0078125
0 0.49375 0.18671875 0.00625 0.00625
0 0.66875 0.78828125 0.0078125 0.00625
0 0.8546875 0.95703125 0.009375 0.0078125
0 0.8546875 0.5671875 0.009375 0.0078125
0 0.74296875 0.3640625 0.0140625 0.0125
0 0.60703125 0.82734375 0.00625 0.00625
0 0.07109375 0.85078125 0.0109375 0.009375
0 0.60859375 0.87734375 0.009375 0.009375
0 0.33828125 0.15703125 0.00625 0.00625
0 0.9484375 0.1515625 0.00625 0.00625
0 0.58828125 0.4015625 0.009375 0.0078125
0 0.20703125 0.453125 0.4140625 0.390625
0 0.9203125 0.665625 0.00625 0.00625
0 0.93125 0.7453125 0.00625 0.00625
0 0.975 0.2203125 0.009375 0.009375
0 0.778125 0.78203125 0.00625 0.00625
0 0.7109375 0.753125 0.00625 0.00625
0 0.9859375 0.91328125 0.00625 0.00625
0 0.7890625 0.375 0.009375 0.009375
0 0.0953125 0.0953125 0.0078125 0.00625
0 0.6421875 0.8796875 0.0078125 0.00625
0 0.95546875 0.5296875 0.00625 0.00625
0 0.896875 0.7546875 0.0078125 0.0078125
0 0.70859375 0.41640625 0.00625 0.00625
0 0.61875 0.89765625 0.0125 0.0125
0 0.54453125 0.38515625 0.00625 0.00625
0 0.9640625 0.159375 0.0078125 0.0078125
0 0.62734375 0.56328125 0.00625 0.00625
0 0.84453125 0.89765625 0.0078125 0.0078125
0 0.9765625 0.20390625 0.0078125 0.0078125
0 0.59296875 0.946875 0.0109375 0.009375
0 0.865625 0.4953125 0.0078125 0.0078125
0 0.85078125 0.37421875 0.00625 0.00625
0 0.63984375 0.40078125 0.021875 0.0203125
0 0.33515625 0.25625 0.0078125 0.0078125
0 0.78203125 0.0828125 0.0125 0.0109375
0 0.303125 0.6609375 0.0078125 0.0078125
0 0.146875 0.7625 0.0125 0.0125
0 0.3453125 0.94375 0.0109375 0.009375
0 0.49921875 0.8421875 0.0078125 0.009375
0 0.93125 0.30703125 0.009375 0.009375
0 0.8296875 0.52421875 0.009375 0.009375
0 0.88125 0.58203125 0.0078125 0.0078125
0 0.91328125 0.725 0.00625 0.0046875
0 0.89921875 0.2484375 0.0078125 0.0078125
0 0.96171875 0.8234375 0.0078125 0.00625
0 0.8109375 0.58671875 0.0078125 0.00625
0 0.6890625 0.85390625 0.00625 0.00625
0 0.93203125 0.48671875 0.00625 0.00625
0 0.73671875 0.38359375 0.009375 0.009375
0 0.315625 0.89765625 0.0125 0.0125
0 0.17265625 0.80859375 0.0125 0.0125
0 0.93671875 0.97890625 0.009375 0.009375
0 0.371875 0.20859375 0.009375 0.009375
0 0.1359375 0.01328125 0.009375 0.009375
0 0.7703125 0.46484375 0.0125 0.0125
0 0.90703125 0.79921875 0.0078125 0.0078125
0 0.7921875 0.3953125 0.009375 0.009375
0 0.8078125 0.34140625 0.0078125 0.009375
0 0.8890625 0.84453125 0.009375 0.0078125
0 0.67421875 0.96796875 0.00625 0.00625
0 0.74375 0.5125 0.009375 0.009375
0 0.378125 0.15546875 0.0109375 0.009375
0 0.43671875 0.58671875 0.0078125 0.00625
0 0.83515625 0.88515625 0.0109375 0.0109375
0 0.88046875 0.884375 0.009375 0.009375
0 0.7203125 0.96171875 0.00625 0.00625
0 0.88203125 0.91171875 0.009375 0.009375
0 0.79375 0.76484375 0.009375 0.009375
0 0.26953125 0.15390625 0.0078125 0.009375
0 0.5640625 0.43671875 0.009375 0.009375
0 0.60078125 0.75703125 0.009375 0.009375
0 0.9015625 0.675 0.009375 0.009375
0 0.43828125 0.63203125 0.009375 0.009375
0 0.55625 0.2078125 0.0125 0.0109375
0 0.88359375 0.365625 0.046875 0.04375
0 0.93984375 0.365625 0.009375 0.0078125
0 0.73828125 0.88515625 0.0125 0.0109375
0 0.84296875 0.4765625 0.015625 0.015625
0 0.56640625 0.87421875 0.009375 0.009375
0 0.36796875 0.1734375 0.009375 0.009375
0 0.60859375 0.74453125 0.0109375 0.0109375
0 0.8265625 0.353125 0.009375 0.009375
0 0.38671875 0.23828125 0.009375 0.009375
0 0.99296875 0.8796875 0.0109375 0.0109375
0 0.76796875 0.43046875 0.0109375 0.009375
0 0.49296875 0.35703125 0.0109375 0.0109375
0 0.7625 0.6796875 0.0125 0.0125
0 0.91875 0.43671875 0.0125 0.0125
0 0.08515625 0.7421875 0.034375 0.03125
0 0.7796875 0.653125 0.0125 0.0109375
0 0.9671875 0.64765625 0.0125 0.0109375
0 0.06484375 0.00625 0.01875 0.0125
0 0.9015625 0.4375 0.015625 0.015625
0 0.8796875 0.690625 0.0125 0.0125
0 0.1515625 0.078125 0.0125 0.0125
0 0.4734375 0.14609375 0.015625 0.015625
0 0.96953125 0.4796875 0.015625 0.0140625
0 0.51953125 0.3421875 0.0125 0.0125
0 0.803125 0.45703125 0.015625 0.015625
0 0.90234375 0.82890625 0.0140625 0.0140625
0 0.9234375 0.32421875 0.140625 0.1296875
0 0.959375 0.01796875 0.015625 0.015625
0 0.6828125 0.9 0.0171875 0.015625
0 0.61953125 0.0671875 0.140625 0.13125
0 0.95625 0.5046875 0.021875 0.021875
0 0.9203125 0.0921875 0.015625 0.015625
0 0.4046875 0.43125 0.0171875 0.015625
0 0.6671875 0.2359375 0.0171875 0.015625
0 0.5 0.39765625 0.0171875 0.015625
0 0.72578125 0.4859375 0.034375 0.03125
0 0.7171875 0.3453125 0.01875 0.015625
0 0.4734375 0.7703125 0.109375 0.090625