0 0.1265625 0.4171875 0.009375 0.009375
0 0.296875 0.478125 0.00625 0.0078125
0 0.165625 0.446875 0.009375 0.00859375
0 0.996875 0.6 0.00625 0.009375
0 0.27578125 0.5390625 0.00859375 0.0078125
0 0.1140625 0.7984375 0.009375 0.0109375
0 0.00625 0.52265625 0.0078125 0.0078125
0 0.1078125 0.3671875 0.00703125 0.00625
0 0.1109375 0.396875 0.0078125 0.00625
0 0.01015625 0.5203125 0.00859375 0.00859375
0 0.2984375 0.8796875 0.009375 0.009375
0 0.115625 0.809375 0.0078125 0.0078125
0 0.1421875 0.0984375 0.00703125 0.00625
0 0.82109375 0.15703125 0.0078125 0.00703125
0 0.2125 0.4828125 0.01484375 0.01484375
0 0.0015625 0.034375 0.003125 0.00625
0 0.178125 0.6953125 0.0078125 0.0078125
0 0.65703125 0.303125 0.01640625 0.015625
0 0.53203125 0.16484375 0.0078125 0.0078125
0 0.134375 0.6453125 0.00625 0.00625
0 0.2671875 0.83671875 0.00625 0.0046875
0 0.84609375 0.06171875 0.00859375 0.00859375
0 0.4625 0.975 0.00625 0.00625
0 0.178125 0.3953125 0.00703125 0.00703125
0 0.809375 0.1046875 0.0109375 0.0109375
0 0.04921875 0.621875 0.0046875 0.0046875
0 0.7578125 0.9046875 0.00625 0.00625
0 0.1453125 0.04765625 0.0078125 0.00703125
0 0.421875 0.30625 0.00625 0.0046875
0 0.24375 0.46484375 0.01171875 0.009375
0 0.1703125 0.4484375 0.00859375 0.00703125
0 0.0015625 0.38984375 0.003125 0.0109375
0 0.9875 0.58515625 0.00703125 0.00625
0 0.09453125 0.10859375 0.00625 0.00625
0 0.00234375 0.52421875 0.0046875 0.00625
0 0.12421875 0.5671875 0.00625 0.00625
0 0.03984375 0.69609375 0.0046875 0.00625
0 0.1890625 0.98828125 0.00859375 0.0078125
0 0.2640625 0.67265625 0.00625 0.00625
0 0.1203125 0.43515625 0.00703125 0.00703125
0 0.7953125 0.4765625 0.015625 0.015625
0 0.71484375 0.98515625 0.00625 0.00625
0 0.10625 0.70859375 0.00859375 0.0109375
0 0.30546875 0.5296875 0.00859375 0.00703125
0 0.3296875 0.6515625 0.00625 0.0046875
0 0.3171875 0.475 0.0078125 0.00703125
0 0.075 0.6953125 0.00859375 0.0078125
0 0.17265625 0.1171875 0.00625 0.00625
0 0.42265625 0.403125 0.0109375 0.009375
0 0.00234375 0.61953125 0.0046875 0.00703125
0 0.196875 0.20703125 0.00859375 0.0078125
0 0.07578125 0.19609375 0.00859375 0.0078125
0 0.57265625 0.30546875 0.00859375 0.0078125
0 0.82109375 0.96015625 0.00703125 0.00625
0 0.2125 0.56796875 0.0046875 0.0046875
0 0.93359375 0.9453125 0.0078125 0.0078125
0 0.97734375 0.13125 0.009375 0.00859375
0 0.02421875 0.809375 0.00625 0.00625
0 0.96953125 0.059375 0.00625 0.00625
0 0.81328125 0.11796875 0.00859375 0.009375
0 0.21796875 0.51953125 0.00625 0.00625
0 0.05234375 0.7828125 0.00859375 0.0078125
0 0.034375 0.715625 0.00625 0.0046875
0 0.184375 0.2875 0.0078125 0.0078125
0 0.28125 0.3609375 0.00625 0.0046875
0 0.2515625 0.5375 0.00703125 0.00703125
0 0.184375 0.48515625 0.00859375 0.0078125
0 0.1171875 0.396875 0.00625 0.00625
0 0.10703125 0.365625 0.00703125 0.00703125
0 0.27265625 0.99765625 0.0078125 0.0046875
0 0.13125 0.23984375 0.00703125 0.00703125
0 0.1703125 0.40078125 0.0078125 0.00703125
0 0.9109375 0.92734375 0.00703125 0.00703125
0 0.2109375 0.47421875 0.01171875 0.0109375
0 0.0015625 0.8078125 0.003125 0.00625
0 0.28125 0.9078125 0.009375 0.00859375
0 0.0015625 0.146875 0.003125 0.00625
0 0.1625 0.40703125 0.0078125 0.0078125
0 0.07421875 0.615625 0.00625 0.0046875
0 0.63203125 0.003125 0.009375 0.00625
0 0.40703125 0.62421875 0.00859375 0.00859375
0 0.028125 0.8859375 0.00625 0.00625
0 0.59296875 0.6984375 0.00703125 0.00703125
0 0.078125 0.69765625 0.0078125 0.00703125
0 0.225 0.1375 0.00703125 0.00625
0 0.071875 0.82890625 0.00625 0.00625
0 0.1015625 0.98359375 0.00625 0.00625
0 0.29375 0.45234375 0.00703125 0.0078125
0 0.02265625 0.6625 0.0046875 0.00625
0 0.2765625 0.465625 0.0078125 0.0078125
0 0.2796875 0.84296875 0.00625 0.00703125
0 0.4953125 0.715625 0.01171875 0.009375
0 0.2921875 0.3953125 0.00625 0.00625
0 0.053125 0.25859375 0.01171875 0.009375
0 0.1453125 0.39375 0.00625 0.00625
0 0.0015625 0.6875 0.003125 0.00625
0 0.7 0.04296875 0.00859375 0.0078125
0 0.55625 0.11875 0.00859375 0.00859375
0 0.9828125 0.28671875 0.00703125 0.00703125
0 0.25703125 0.93828125 0.00625 0.00625
0 0.30859375 0.3390625 0.00625 0.00703125
0 0.40078125 0.88125 0.00703125 0.00703125
0 0.28203125 0.6828125 0.00859375 0.0078125
0 0.19375 0.715625 0.00625 0.00625
0 0.07421875 0.128125 0.00625 0.00625
0 0.234375 0.56484375 0.00625 0.0046875
0 0.15546875 0.50390625 0.00703125 0.00625
0 0.26640625 0.01953125 0.00703125 0.00625
0 0.2734375 0.68984375 0.0078125 0.00703125
0 0.24375 0.3640625 0.01171875 0.01171875
0 0.6296875 0.11015625 0.00703125 0.00625
0 0.4765625 0.61015625 0.00625 0.00625
0 0.4046875 0.534375 0.01640625 0.01484375
0 0.39921875 0.94375 0.009375 0.009375
0 0.21796875 0.4828125 0.0125 0.01171875
0 0.103125 0.2921875 0.00703125 0.00625
0 0.68125 0.74921875 0.0171875 0.015625
0 0.565625 0.0625 0.00625 0.00625
0 0.7234375 0.1265625 0.009375 0.00859375
0 0.353125 0.55546875 0.01953125 0.0140625
0 0.0359375 0.7921875 0.00703125 0.00625
0 0.50078125 0.584375 0.009375 0.00859375
0 0.07109375 0.4265625 0.00859375 0.009375
0 0.1765625 0.48671875 0.00859375 0.00859375
0 0.0296875 0.00625 0.00625 0.00625
0 0.9265625 0.92734375 0.02421875 0.02421875
0 0.9703125 0.66171875 0.0078125 0.00703125
0 0.1765625 0.575 0.00625 0.00625
0 0.0796875 0.69921875 0.0078125 0.0078125
0 0.446875 0.7984375 0.00625 0.00625
0 0.428125 0.7296875 0.0078125 0.00625
0 0.50625 0.49765625 0.00703125 0.00703125
0 0.084375 0.27265625 0.00625 0.00625
0 0.2640625 0.296875 0.00625 0.00625
0 0.96171875 0.7078125 0.00703125 0.00703125
0 0.3015625 0.871875 0.01171875 0.01171875
0 0.8734375 0.58671875 0.0140625 0.0140625
0 0.87421875 0.40546875 0.0078125 0.00703125
0 0.4 0.771875 0.00625 0.00703125
0 0.21796875 0.5859375 0.00859375 0.0078125
0 0.0484375 0.4125 0.00625 0.00625
0 0.4015625 0.4265625 0.01640625 0.01484375
0 0.23046875 0.9625 0.00625 0.00625
0 0.1796875 0.7515625 0.00625 0.00625
0 0.10859375 0.396875 0.0078125 0.00703125
0 0.79140625 0.00625 0.01640625 0.0125
0 0.14765625 0.40703125 0.00703125 0.00625
0 0.7859375 0.8296875 0.00703125 0.00625
0 0.00859375 0.159375 0.00703125 0.0078125
0 0.525 0.68359375 0.0171875 0.015625
0 0.1703125 0.5640625 0.00703125 0.00625
0 0.43984375 0.81484375 0.00859375 0.00859375
0 0.38359375 0.35 0.00625 0.00625
0 0.16640625 0.25078125 0.00859375 0.00859375
0 0.28671875 0.9046875 0.0109375 0.009375
0 0.034375 0.2109375 0.00625 0.00625
0 0.3015625 0.4 0.00625 0.00625
0 0.44296875 0.5984375 0.00703125 0.00625
0 0.20625 0.82734375 0.00703125 0.00625
0 0.96171875 0.8640625 0.0078125 0.0078125
0 0.09609375 0.8546875 0.00703125 0.00625
0 0.771875 0.94921875 0.0078125 0.0078125
0 0.17109375 0.5046875 0.00859375 0.00859375
0 0.9546875 0.31328125 0.0078125 0.00703125
0 0.7515625 0.265625 0.00859375 0.0078125
0 0.08515625 0.87890625 0.00625 0.00625
0 0.1984375 0.63125 0.00625 0.00625
0 0.14765625 0.1484375 0.0078125 0.0078125
0 0.3109375 0.39140625 0.009375 0.009375
0 0.175 0.725 0.00625 0.00703125
0 0.1109375 0.50625 0.00703125 0.00703125
0 0.20859375 0.484375 0.0109375 0.009375
0 0.10234375 0.03828125 0.00703125 0.00703125
0 0.85859375 0.16640625 0.0078125 0.00703125
0 0.88671875 0.98515625 0.0078125 0.0078125
0 0.64375 0.31953125 0.0125 0.0125
0 0.18671875 0.9359375 0.00703125 0.00703125
0 0.10625 0.7 0.00859375 0.00859375
0 0.2125 0.94375 0.00625 0.00625
0 0.42421875 0.81328125 0.00703125 0.00625
0 0.82578125 0.0671875 0.00703125 0.00703125
0 0.30625 0.62421875 0.015625 0.015625
0 0.17421875 0.18125 0.0046875 0.00625
0 0.0953125 0.5421875 0.00703125 0.00625
0 0.0671875 0.92734375 0.0078125 0.00703125
0 0.078125 0.57421875 0.00625 0.00625
0 0.3796875 0.5984375 0.00703125 0.00703125
0 0.0078125 0.17265625 0.00625 0.00625
0 0.1859375 0.51796875 0.0078125 0.00703125
0 0.24296875 0.7375 0.00703125 0.00703125
0 0.2765625 0.8109375 0.00703125 0.00625
0 0.484375 0.6984375 0.009375 0.009375
0 0.11640625 0.6375 0.00625 0.00625
0 0.1890625 0.4984375 0.009375 0.009375
0 0.509375 0.6609375 0.00703125 0.00703125
0 0.359375 0.70625 0.00625 0.00625
0 0.75390625 0.128125 0.0078125 0.00703125
0 0.6109375 0.08125 0.00703125 0.00703125
0 0.12578125 0.83125 0.00703125 0.00703125
0 0.23125 0.49375 0.00703125 0.00703125
0 0.66484375 0.06953125 0.00703125 0.00625
0 0.1625 0.5734375 0.0078125 0.00703125
0 0.009375 0.86484375 0.00703125 0.00703125
0 0.10703125 0.7125 0.00859375 0.0078125
0 0.3796875 0.91640625 0.00859375 0.00859375
0 0.02265625 0.8484375 0.0078125 0.0078125
0 0.50625 0.18671875 0.00625 0.00625
0 0.33125 0.78828125 0.0078125 0.00703125
0 0.1453125 0.95703125 0.00859375 0.0078125
0 0.1453125 0.5671875 0.00859375 0.0078125
0 0.25703125 0.3640625 0.0140625 0.0125
0 0.39296875 0.82734375 0.00703125 0.00625
0 0.92890625 0.85078125 0.0109375 0.009375
0 0.39140625 0.87734375 0.009375 0.00859375
0 0.66171875 0.15703125 0.00703125 0.00625
0 0.0515625 0.1515625 0.00703125 0.00703125
0 0.41171875 0.4015625 0.00859375 0.0078125
0 0.79296875 0.453125 0.4140625 0.390625
0 0.0796875 0.665625 0.00625 0.00703125
0 0.06875 0.7453125 0.00703125 0.00703125
0 0.025 0.2203125 0.009375 0.00859375
0 0.221875 0.78203125 0.00625 0.00625
0 0.2890625 0.753125 0.00625 0.00703125
0 0.0140625 0.91328125 0.00625 0.00625
0 0.2109375 0.375 0.009375 0.009375
0 0.9046875 0.0953125 0.0078125 0.00703125
0 0.3578125 0.8796875 0.0078125 0.00703125
0 0.04453125 0.5296875 0.00703125 0.00625
0 0.103125 0.7546875 0.0078125 0.0078125
0 0.29140625 0.41640625 0.00703125 0.00703125
0 0.38125 0.89765625 0.01171875 0.0125
0 0.45546875 0.38515625 0.00703125 0.00703125
0 0.0359375 0.159375 0.0078125 0.0078125
0 0.37265625 0.56328125 0.00703125 0.00625
0 0.15546875 0.89765625 0.0078125 0.0078125
0 0.0234375 0.20390625 0.0078125 0.0078125
0 0.40703125 0.946875 0.0109375 0.009375
0 0.134375 0.4953125 0.0078125 0.0078125
0 0.14921875 0.37421875 0.00703125 0.00625
0 0.36015625 0.40078125 0.021875 0.0203125
0 0.66484375 0.25625 0.0078125 0.0078125
0 0.21796875 0.0828125 0.01171875 0.0109375
0 0.696875 0.6609375 0.0078125 0.0078125
0 0.853125 0.7625 0.01171875 0.01171875
0 0.6546875 0.94375 0.0109375 0.009375
0 0.50078125 0.8421875 0.0078125 0.00859375
0 0.06875 0.30703125 0.00859375 0.00859375
0 0.1703125 0.52421875 0.00859375 0.00859375
0 0.11875 0.58203125 0.0078125 0.0078125
0 0.08671875 0.725 0.00625 0.0046875
0 0.10078125 0.2484375 0.0078125 0.0078125
0 0.03828125 0.8234375 0.0078125 0.00703125
0 0.1890625 0.58671875 0.0078125 0.00703125
0 0.3109375 0.85390625 0.00703125 0.00703125
0 0.06796875 0.48671875 0.00703125 0.00703125
0 0.26328125 0.38359375 0.00859375 0.00859375
0 0.684375 0.89765625 0.0125 0.01171875
0 0.82734375 0.80859375 0.0125 0.01171875
0 0.06328125 0.97890625 0.009375 0.00859375
0 0.628125 0.20859375 0.00859375 0.00859375
0 0.8640625 0.01328125 0.00859375 0.00859375
0 0.2296875 0.46484375 0.0125 0.01171875
0 0.09296875 0.79921875 0.0078125 0.00703125
0 0.2078125 0.3953125 0.00859375 0.009375
0 0.1921875 0.34140625 0.0078125 0.00859375
0 0.1109375 0.84453125 0.00859375 0.0078125
0 0.32578125 0.96796875 0.00703125 0.00703125
0 0.25625 0.5125 0.009375 0.009375
0 0.621875 0.15546875 0.0109375 0.009375
0 0.56328125 0.58671875 0.0078125 0.00703125
0 0.16484375 0.88515625 0.0109375 0.0109375
0 0.11953125 0.884375 0.00859375 0.00859375
0 0.2796875 0.96171875 0.00703125 0.00625
0 0.11796875 0.91171875 0.00859375 0.00859375
0 0.20625 0.76484375 0.009375 0.00859375
0 0.73046875 0.15390625 0.0078125 0.00859375
0 0.4359375 0.43671875 0.009375 0.00859375
0 0.39921875 0.75703125 0.009375 0.00859375
0 0.0984375 0.675 0.009375 0.009375
0 0.56171875 0.63203125 0.00859375 0.00859375
0 0.44375 0.2078125 0.01171875 0.0109375
0 0.11640625 0.365625 0.04609375 0.04296875
0 0.06015625 0.365625 0.00859375 0.0078125
0 0.26171875 0.88515625 0.01171875 0.0109375
0 0.15703125 0.4765625 0.015625 0.015625
0 0.43359375 0.87421875 0.009375 0.00859375
0 0.63203125 0.1734375 0.009375 0.00859375
0 0.39140625 0.74453125 0.0109375 0.0109375
0 0.1734375 0.353125 0.009375 0.009375
0 0.61328125 0.23828125 0.009375 0.009375
0 0.00703125 0.8796875 0.0109375 0.0109375
0 0.23203125 0.43046875 0.0109375 0.009375
0 0.50703125 0.35703125 0.0109375 0.0109375
0 0.2375 0.6796875 0.0125 0.01171875
0 0.08125 0.43671875 0.0125 0.0125
0 0.91484375 0.7421875 0.03515625 0.03125
0 0.2203125 0.653125 0.01171875 0.0109375
0 0.0328125 0.64765625 0.0125 0.0109375
0 0.93515625 0.00625 0.01875 0.0125
0 0.0984375 0.4375 0.01640625 0.015625
0 0.1203125 0.690625 0.01171875 0.01171875
0 0.8484375 0.078125 0.01171875 0.01171875
0 0.5265625 0.14609375 0.01484375 0.01484375
0 0.03046875 0.4796875 0.01484375 0.0140625
0 0.48046875 0.3421875 0.01171875 0.01171875
0 0.196875 0.45703125 0.01640625 0.015625
0 0.09765625 0.82890625 0.0140625 0.0140625
0 0.0765625 0.32421875 0.14140625 0.12890625
0 0.040625 0.01796875 0.01484375 0.01484375
0 0.3171875 0.9 0.0171875 0.015625
0 0.38046875 0.0671875 0.13984375 0.13125
0 0.04375 0.5046875 0.021875 0.021875
0 0.0796875 0.0921875 0.015625 0.015625
0 0.5953125 0.43125 0.0171875 0.01640625
0 0.3328125 0.2359375 0.0171875 0.01640625
0 0.5 0.39765625 0.0171875 0.01640625
0 0.27421875 0.4859375 0.03515625 0.03125
0 0.2828125 0.3453125 0.01875 0.01640625
0 0.5265625 0.7703125 0.10859375 0.08984375