0 0.934375 0.00703125 0.01875 0.0140625
0 0.8484375 0.07734375 0.0125 0.0109375
0 0.52890625 0.14765625 0.015625 0.0140625
0 0.48046875 0.3421875 0.0125 0.009375
0 0.49921875 0.39765625 0.0171875 0.015625
0 0.59375 0.43515625 0.0203125 0.0171875
0 0.790625 0.44921875 0.41875 0.3734375
0 0.39140625 0.0671875 0.153125 0.134375
0 0.4453125 0.20546875 0.0125 0.0109375
0 0.28359375 0.34453125 0.01875 0.015625
0 0.19609375 0.45625 0.0171875 0.015625
0 0.15546875 0.4765625 0.015625 0.0140625
0 0.275 0.10078125 0.0765625 0.0671875
0 0.05 0.02265625 0.0140625 0.0125
0 0.090625 0.0984375 0.0171875 0.015625
0 0.0859375 0.32578125 0.1421875 0.1265625
0 0.12578125 0.36953125 0.053125 0.046875
0 0.0984375 0.43984375 0.01875 0.015625
0 0.08203125 0.4375 0.0140625 0.0125
0 0.0328125 0.47734375 0.015625 0.0140625
0 0.04453125 0.50625 0.021875 0.01875
0 0.334375 0.2375 0.01875 0.0171875
0 0.2765625 0.4890625 0.034375 0.03125
0 0.35 0.55390625 0.015625 0.0140625
0 0.096875 0.82890625 0.015625 0.0125
0 0.1625 0.8875 0.0125 0.0109375
0 0.5359375 0.77578125 0.103125 0.090625
0 0.6828125 0.74765625 0.0171875 0.015625
0 0.82734375 0.8078125 0.0125 0.009375
0 0.8546875 0.7625 0.0125 0.0109375
0 0.93125 0.93203125 0.0234375 0.0203125
0 0.6859375 0.89765625 0.0125 0.0125
0 0.91484375 0.7453125 0.034375 0.03125
0 0.8453125 0.184375 0.0234375 0.0203125
0 0.2140625 0.0734375 0.0109375 0.009375
0 0.2359375 0.678125 0.0125 0.0109375
0 0.2390625 0.46796875 0.0125 0.0125
0 0.25390625 0.371875 0.0125 0.0109375
0 0.359375 0.40234375 0.021875 0.0203125
0 0.11953125 0.6921875 0.0140625 0.0125
0 0.78984375 0.47734375 0.015625 0.015625
0 0.871875 0.5859375 0.0125 0.0125
0 0.928125 0.853125 0.0125 0.009375
0 0.31796875 0.9015625 0.015625 0.015625
0 0.38046875 0.89765625 0.0125 0.0125
0 0.7328125 0.89453125 0.53125 0.2109375