0 0.85 0.16015625 0.028125 0.0265625
0 0.83984375 0.19921875 0.025 0.0234375
0 0.81484375 0.1703125 0.015625 0.015625
0 0.915625 0.08671875 0.16875 0.171875
0 0.71796875 0.1875 0.01875 0.0171875
0 0.71953125 0.21484375 0.01875 0.0171875
0 0.57890625 0.26484375 0.028125 0.0265625
0 0.6546875 0.0875 0.0234375 0.0234375
0 0.65390625 0.02265625 0.015625 0.015625
0 0.51484375 0.13203125 0.0265625 0.025
0 0.3640625 0.1828125 0.015625 0.015625
0 0.34765625 0.103125 0.015625 0.015625
0 0.403125 0.03203125 0.015625 0.0140625
0 0.29453125 0.25625 0.015625 0.015625
0 0.4 0.12421875 0.015625 0.015625
0 0.0140625 0.00625 0.01875 0.0125
0 0.01484375 0.14453125 0.015625 0.015625
0 0.2125 0.209375 0.0328125 0.03125
0 0.19375 0.20625 0.0390625 0.0375
0 0.1734375 0.2734375 0.084375 0.0828125
0 0.1171875 0.33671875 0.025 0.0234375
0 0.12734375 0.721875 0.025 0.025
0 0.084375 0.71875 0.015625 0.015625
0 0.121875 0.48125 0.015625 0.015625
0 0.0984375 0.634375 0.05625 0.053125
0 0.165625 0.440625 0.0140625 0.0140625
0 0.334375 0.38984375 0.01875 0.01875
0 0.41171875 0.65390625 0.021875 0.021875
0 0.35546875 0.771875 0.025 0.025
0 0.3796875 0.76953125 0.025 0.025
0 0.353125 0.92734375 0.0109375 0.0109375
0 0.4546875 0.7625 0.0234375 0.021875
0 0.49453125 0.746875 0.0140625 0.0140625
0 0.51484375 0.79296875 0.0328125 0.03125
0 0.521875 0.82421875 0.015625 0.015625
0 0.58203125 0.74140625 0.028125 0.028125
0 0.546875 0.6734375 0.015625 0.015625
0 0.6421875 0.8375 0.0109375 0.0109375
0 0.546875 0.43125 0.0125 0.0125
0 0.58359375 0.50859375 0.0125 0.0125
0 0.559375 0.33359375 0.0265625 0.0265625
0 0.725 0.7265625 0.184375 0.178125
0 0.8359375 0.83828125 0.0125 0.0125
0 0.946875 0.81875 0.0125 0.0125
0 0.85390625 0.7484375 0.0125 0.0125
0 0.871875 0.6140625 0.028125 0.028125
0 0.828125 0.59921875 0.0109375 0.0109375
0 0.8109375 0.56484375 0.0125 0.0125
0 0.834375 0.55859375 0.0140625 0.0140625
0 0.79375 0.38359375 0.1609375 0.15625
0 0.98828125 0.425 0.0109375 0.009375
0 0.60390625 0.96328125 0.015625 0.015625
0 0.2875 0.659375 0.209375 0.203125
0 0.059375 0.4140625 0.0171875 0.0171875
0 0.0953125 0.42421875 0.0125 0.0109375
0 0.875 0.8296875 0.0109375 0.009375
0 0.484375 0.6984375 0.0125 0.0125