0 0.99296875 0.065625 0.0140625 0.01875
0 0.92265625 0.1515625 0.0109375 0.0125
0 0.85234375 0.47109375 0.0140625 0.015625
0 0.6578125 0.51953125 0.009375 0.0125
0 0.60234375 0.50078125 0.015625 0.0171875
0 0.56484375 0.40625 0.0171875 0.0203125
0 0.55078125 0.209375 0.371875 0.41875
0 0.9328125 0.60859375 0.134375 0.153125
0 0.79453125 0.5546875 0.0109375 0.0125
0 0.65546875 0.71640625 0.015625 0.01875
0 0.54375 0.80390625 0.015625 0.0171875
0 0.5234375 0.84453125 0.0140625 0.015625
0 0.89921875 0.725 0.0671875 0.0765625
0 0.97734375 0.95 0.0125 0.0140625
0 0.9015625 0.909375 0.015625 0.0171875
0 0.67421875 0.9140625 0.125 0.1421875
0 0.63046875 0.87421875 0.046875 0.053125
0 0.56015625 0.9015625 0.015625 0.01875
0 0.5625 0.91796875 0.0125 0.0140625
0 0.52265625 0.9671875 0.0140625 0.015625
0 0.49375 0.95546875 0.01875 0.021875
0 0.7625 0.665625 0.0171875 0.01875
0 0.5109375 0.7234375 0.03125 0.034375
0 0.44609375 0.65 0.0140625 0.015625
0 0.17109375 0.903125 0.0125 0.015625
0 0.1125 0.8375 0.0109375 0.0125
0 0.22421875 0.4640625 0.090625 0.103125
0 0.25234375 0.3171875 0.015625 0.0171875
0 0.1921875 0.17265625 0.009375 0.0125
0 0.2375 0.1453125 0.0109375 0.0125
0 0.06796875 0.06875 0.0203125 0.0234375
0 0.10234375 0.3140625 0.0125 0.0125
0 0.2546875 0.08515625 0.03125 0.034375
0 0.815625 0.1546875 0.0203125 0.0234375
0 0.9265625 0.7859375 0.009375 0.0109375
0 0.321875 0.7640625 0.0109375 0.0125
0 0.53203125 0.7609375 0.0125 0.0125
0 0.628125 0.74609375 0.0109375 0.0125
0 0.59765625 0.640625 0.0203125 0.021875
0 0.3078125 0.88046875 0.0125 0.0140625
0 0.52265625 0.21015625 0.015625 0.015625
0 0.4140625 0.128125 0.0125 0.0125
0 0.146875 0.071875 0.009375 0.0125
0 0.0984375 0.68203125 0.015625 0.015625
0 0.10234375 0.61953125 0.0125 0.0125
0 0.10546875 0.2671875 0.2109375 0.53125