0 0.50546875 0.8859375 0.01875 0.01875
0 0.759375 0.740625 0.015625 0.015625
0 0.8078125 0.65546875 0.0171875 0.0171875
0 0.42109375 0.56875 0.08984375 0.0890625
0 0.1296875 0.8640625 0.01953125 0.01953125
0 0.1109375 0.9390625 0.221875 0.121875
0 0.6234375 0.9328125 0.25859375 0.134375
0 0.52265625 0.5609375 0.2125 0.209375
0 0.58671875 0.51015625 0.021875 0.0203125
0 0.90546875 0.40234375 0.01875 0.01875
0 0.765625 0.65546875 0.46875 0.6125
0 0.27421875 0.43828125 0.07734375 0.0765625
0 0.25859375 0.50078125 0.03203125 0.03125
0 0.615625 0.309375 0.075 0.0734375
0 0.571875 0.08671875 0.0203125 0.0203125
0 0.89609375 0.3078125 0.0203125 0.0203125
0 0.5640625 0.1671875 0.01640625 0.01640625
0 0.24296875 0.2375 0.01171875 0.0109375
0 0.6625 0.06953125 0.16328125 0.1390625
0 0.8640625 0.49375 0.0140625 0.0140625
0 0.5078125 0.69375 0.01171875 0.01171875
0 0.3921875 0.3890625 0.0125 0.0125
0 0.365625 0.47578125 0.015625 0.015625
0 0.184375 0.5796875 0.0125 0.0125
0 0.171875 0.76484375 0.01484375 0.0140625
0 0.28671875 0.9109375 0.01171875 0.01171875
0 0.95859375 0.94609375 0.015625 0.015625
0 0.209375 0.57734375 0.0109375 0.0109375
0 0.47421875 0.6640625 0.0140625 0.0125
0 0.540625 0.8203125 0.0109375 0.0109375
0 0.5875 0.8796875 0.01953125 0.01953125
0 0.9265625 0.11796875 0.0109375 0.009375
0 0.6828125 0.2265625 0.009375 0.009375
0 0.028125 0.04765625 0.0109375 0.009375
0 0.50390625 0.5171875 0.0125 0.0125
0 0.9625 0.4171875 0.01171875 0.01171875
0 0.83828125 0.43828125 0.0140625 0.0140625
0 0.83203125 0.396875 0.01484375 0.01484375
0 0.821875 0.3828125 0.0140625 0.0140625
0 0.7828125 0.39453125 0.0109375 0.0109375