0 0.70390625 0.52421875 0.0390625 0.0375
0 0.59453125 0.5203125 0.02734375 0.025
0 0.503125 0.3703125 0.02734375 0.025
0 0.759375 0.95 0.0234375 0.02265625
0 0.1 0.25859375 0.0515625 0.0484375
0 0.18125 0.2125 0.0328125 0.03203125
0 0.30546875 0.08359375 0.0234375 0.02265625
0 0.38359375 0.25703125 0.5453125 0.5140625
0 0.459375 0.2875 0.028125 0.02734375
0 0.97734375 0.12578125 0.028125 0.02734375
0 0.81328125 0.25390625 0.0125 0.01171875
0 0.909375 0.0203125 0.01171875 0.0109375
0 0.64140625 0.03046875 0.07734375 0.0609375
0 0.54296875 0.0671875 0.0125 0.01171875
0 0.3765625 0.2296875 0.0125 0.01171875
0 0.30625 0.66484375 0.01484375 0.01484375
0 0.33203125 0.5140625 0.01484375 0.0140625
0 0.46328125 0.45703125 0.01484375 0.01484375
0 0.4265625 0.634375 0.0109375 0.009375
0 0.709375 0.38359375 0.01875 0.01875
0 0.5953125 0.9015625 0.0203125 0.01875
0 0.77890625 0.909375 0.01640625 0.015625
0 0.96953125 0.7859375 0.01171875 0.0109375
0 0.69609375 0.30859375 0.015625 0.01484375
0 0.696875 0.35 0.0109375 0.0109375
0 0.6375 0.33828125 0.0171875 0.01640625
0 0.55390625 0.3453125 0.015625 0.015625
0 0.58203125 0.12734375 0.015625 0.01484375
0 0.2296875 0.16875 0.015625 0.01484375
0 0.3328125 0.271875 0.0109375 0.0109375
0 0.128125 0.24296875 0.0125 0.01171875
0 0.11875 0.07421875 0.0140625 0.0125
0 0.7515625 0.2203125 0.0140625 0.0125
0 0.78359375 0.146875 0.0171875 0.01640625
0 0.08125 0.4515625 0.0125 0.01171875
0 0.03203125 0.578125 0.0140625 0.0125
0 0.1515625 0.51875 0.0125 0.01171875
0 0.35859375 0.33359375 0.02265625 0.021875
0 0.0328125 0.76171875 0.065625 0.06875
0 0.69921875 0.8265625 0.0125 0.0125
0 0.02890625 0.55390625 0.0109375 0.009375
0 0.021875 0.40859375 0.0109375 0.009375
0 0.778125 0.521875 0.0109375 0.009375
0 0.46796875 0.71171875 0.0125 0.0125
0 0.13125 0.68671875 0.01171875 0.0109375
0 0.7265625 0.0265625 0.02265625 0.021875
0 0.7921875 0.0203125 0.0171875 0.01640625
0 0.20859375 0.8796875 0.41328125 0.240625