0 0.11796875 0.33984375 0.0203125 0.0203125
0 0.14609375 0.29453125 0.2546875 0.25390625
0 0.6171875 0.71484375 0.021875 0.021875
0 0.5296875 0.66875 0.3984375 0.396875
0 0.81953125 0.81328125 0.02421875 0.0234375
0 0.7578125 0.4984375 0.025 0.025
0 0.8296875 0.3 0.0234375 0.02265625
0 0.8828125 0.78671875 0.096875 0.0953125
0 0.56328125 0.20234375 0.325 0.3234375
0 0.70703125 0.22890625 0.03515625 0.034375
0 0.72734375 0.20390625 0.01484375 0.01484375
0 0.50078125 0.2109375 0.0453125 0.0453125
0 0.26875 0.0171875 0.040625 0.034375
0 0.1640625 0.08359375 0.18125 0.1671875
0 0.0953125 0.08671875 0.01484375 0.01484375
0 0.92265625 0.3484375 0.0109375 0.0109375
0 0.7140625 0.39765625 0.015625 0.015625
0 0.60078125 0.00703125 0.0125 0.0125
0 0.58984375 0.23203125 0.0140625 0.0140625
0 0.17578125 0.378125 0.0109375 0.0109375
0 0.24375 0.021875 0.01484375 0.01484375
0 0.27578125 0.32890625 0.0109375 0.0109375
0 0.06640625 0.79765625 0.0140625 0.0140625
0 0.26953125 0.7703125 0.02421875 0.0234375
0 0.61875 0.9359375 0.0125 0.0125
0 0.840625 0.490625 0.0125 0.0125
0 0.446875 0.65390625 0.0125 0.0125
0 0.94453125 0.73125 0.01640625 0.01640625
0 0.78046875 0.78984375 0.0109375 0.0109375
0 0.81328125 0.84296875 0.01171875 0.01171875
0 0.13125 0.88203125 0.0109375 0.0109375
0 0.303125 0.915625 0.0125 0.0125
0 0.84296875 0.05 0.0109375 0.0109375
0 0.340625 0.1390625 0.0125 0.0125
0 0.03828125 0.05625 0.01640625 0.01640625
0 0.0171875 0.24140625 0.01875 0.0171875
0 0.334375 0.13984375 0.0109375 0.0109375
0 0.46171875 0.3953125 0.0109375 0.0109375
0 0.71015625 0.35 0.01171875 0.01171875
0 0.73984375 0.73671875 0.01171875 0.01171875
0 0.1859375 0.9078125 0.009375 0.009375