0 0.1140625 0.50546875 0.01875 0.01875
0 0.259375 0.759375 0.015625 0.015625
0 0.34453125 0.8078125 0.0171875 0.0171875
0 0.43125 0.42109375 0.0890625 0.090625
0 0.1359375 0.1296875 0.01875 0.01875
0 0.0609375 0.1109375 0.121875 0.221875
0 0.0671875 0.6234375 0.134375 0.259375
0 0.4390625 0.52265625 0.209375 0.2125
0 0.48984375 0.58671875 0.0203125 0.021875
0 0.59765625 0.90546875 0.01875 0.01875
0 0.34453125 0.765625 0.6125 0.46875
0 0.56171875 0.27421875 0.0765625 0.078125
0 0.49921875 0.25859375 0.03125 0.03125
0 0.690625 0.615625 0.0734375 0.075
0 0.91328125 0.571875 0.0203125 0.0203125
0 0.6921875 0.89609375 0.0203125 0.0203125
0 0.8328125 0.5640625 0.015625 0.015625
0 0.7625 0.24296875 0.0109375 0.0125
0 0.93046875 0.6625 0.1390625 0.1625
0 0.50625 0.8640625 0.0140625 0.0140625
0 0.30625 0.5078125 0.0125 0.0125
0 0.6109375 0.3921875 0.0125 0.0125
0 0.52421875 0.365625 0.015625 0.015625
0 0.4203125 0.184375 0.0125 0.0125
0 0.23515625 0.171875 0.0140625 0.015625
0 0.0890625 0.28671875 0.0125 0.0125
0 0.05390625 0.95859375 0.015625 0.015625
0 0.42265625 0.209375 0.0109375 0.0109375
0 0.3359375 0.47421875 0.0125 0.0140625
0 0.1796875 0.540625 0.0109375 0.0109375
0 0.1203125 0.5875 0.01875 0.01875
0 0.88203125 0.9265625 0.009375 0.0109375
0 0.7734375 0.6828125 0.009375 0.009375
0 0.95234375 0.028125 0.009375 0.0109375
0 0.4828125 0.50390625 0.0125 0.0125
0 0.5828125 0.9625 0.0125 0.0125
0 0.56171875 0.83828125 0.0140625 0.0140625
0 0.603125 0.83203125 0.015625 0.015625
0 0.6171875 0.821875 0.0140625 0.0140625
0 0.60546875 0.7828125 0.0109375 0.0109375