0 0.33984375 0.88203125 0.0203125 0.0203125
0 0.29453125 0.85390625 0.253125 0.2546875
0 0.71484375 0.3828125 0.021875 0.021875
0 0.66875 0.4703125 0.396875 0.3984375
0 0.81328125 0.18046875 0.0234375 0.025
0 0.4984375 0.2421875 0.025 0.025
0 0.3 0.1703125 0.021875 0.0234375
0 0.78671875 0.1171875 0.0953125 0.096875
0 0.20234375 0.43671875 0.3234375 0.325
0 0.22890625 0.29296875 0.034375 0.034375
0 0.20390625 0.27265625 0.015625 0.015625
0 0.2109375 0.49921875 0.0453125 0.0453125
0 0.0171875 0.73125 0.034375 0.040625
0 0.08359375 0.8359375 0.1671875 0.18125
0 0.08671875 0.9046875 0.015625 0.015625
0 0.3484375 0.07734375 0.0109375 0.0109375
0 0.39765625 0.2859375 0.015625 0.015625
0 0.00703125 0.39921875 0.0125 0.0125
0 0.23203125 0.41015625 0.0140625 0.0140625
0 0.378125 0.82421875 0.0109375 0.0109375
0 0.021875 0.75625 0.015625 0.015625
0 0.32890625 0.72421875 0.0109375 0.0109375
0 0.79765625 0.93359375 0.0140625 0.0140625
0 0.7703125 0.73046875 0.0234375 0.025
0 0.9359375 0.38125 0.0125 0.0125
0 0.490625 0.159375 0.0125 0.0125
0 0.65390625 0.553125 0.0125 0.0125
0 0.73125 0.05546875 0.015625 0.015625
0 0.78984375 0.21953125 0.0109375 0.0109375
0 0.84296875 0.18671875 0.0125 0.0125
0 0.88203125 0.86875 0.0109375 0.0109375
0 0.915625 0.696875 0.0125 0.0125
0 0.05 0.15703125 0.0109375 0.0109375
0 0.1390625 0.659375 0.0125 0.0125
0 0.05625 0.96171875 0.015625 0.015625
0 0.24140625 0.9828125 0.0171875 0.01875
0 0.13984375 0.665625 0.0109375 0.0109375
0 0.3953125 0.53828125 0.0109375 0.0109375
0 0.35 0.28984375 0.0125 0.0125
0 0.73671875 0.26015625 0.0125 0.0125
0 0.9078125 0.8140625 0.009375 0.009375