0 0.47578125 0.70390625 0.0375 0.0390625
0 0.4796875 0.59453125 0.025 0.028125
0 0.6296875 0.503125 0.025 0.028125
0 0.05 0.759375 0.021875 0.0234375
0 0.74140625 0.1 0.0484375 0.0515625
0 0.7875 0.18125 0.03125 0.0328125
0 0.91640625 0.30546875 0.021875 0.0234375
0 0.74296875 0.38359375 0.5140625 0.5453125
0 0.7125 0.459375 0.028125 0.028125
0 0.87421875 0.97734375 0.028125 0.028125
0 0.74609375 0.81328125 0.0125 0.0125
0 0.9796875 0.909375 0.0109375 0.0125
0 0.96953125 0.64140625 0.0609375 0.078125
0 0.9328125 0.54296875 0.0125 0.0125
0 0.7703125 0.3765625 0.0125 0.0125
0 0.33515625 0.30625 0.015625 0.015625
0 0.4859375 0.33203125 0.0140625 0.015625
0 0.54296875 0.46328125 0.015625 0.015625
0 0.365625 0.4265625 0.009375 0.0109375
0 0.61640625 0.709375 0.01875 0.01875
0 0.0984375 0.5953125 0.01875 0.0203125
0 0.090625 0.77890625 0.015625 0.015625
0 0.2140625 0.96953125 0.0109375 0.0125
0 0.69140625 0.69609375 0.015625 0.015625
0 0.65 0.696875 0.0109375 0.0109375
0 0.66171875 0.6375 0.015625 0.0171875
0 0.6546875 0.55390625 0.015625 0.015625
0 0.87265625 0.58203125 0.015625 0.015625
0 0.83125 0.2296875 0.015625 0.015625
0 0.728125 0.3328125 0.0109375 0.0109375
0 0.75703125 0.128125 0.0125 0.0125
0 0.92578125 0.11875 0.0125 0.0140625
0 0.7796875 0.7515625 0.0125 0.0140625
0 0.853125 0.78359375 0.015625 0.0171875
0 0.5484375 0.08125 0.0125 0.0125
0 0.421875 0.03203125 0.0125 0.0140625
0 0.48125 0.1515625 0.0125 0.0125
0 0.66640625 0.35859375 0.021875 0.021875
0 0.23828125 0.0328125 0.06875 0.065625
0 0.1734375 0.69921875 0.0125 0.0125
0 0.44609375 0.02890625 0.009375 0.0109375
0 0.59140625 0.021875 0.009375 0.0109375
0 0.478125 0.778125 0.009375 0.0109375
0 0.28828125 0.46796875 0.0125 0.0125
0 0.31328125 0.13125 0.0109375 0.0125
0 0.9734375 0.7265625 0.021875 0.021875
0 0.9796875 0.7921875 0.015625 0.0171875
0 0.1203125 0.20859375 0.240625 0.4125