0 0.66015625 0.11796875 0.0203125 0.0203125
0 0.70546875 0.14609375 0.253125 0.2546875
0 0.28515625 0.6171875 0.021875 0.021875
0 0.33125 0.5296875 0.396875 0.3984375
0 0.18671875 0.81953125 0.0234375 0.025
0 0.5015625 0.7578125 0.025 0.025
0 0.7 0.8296875 0.021875 0.0234375
0 0.21328125 0.8828125 0.0953125 0.096875
0 0.79765625 0.56328125 0.3234375 0.325
0 0.77109375 0.70703125 0.034375 0.034375
0 0.79609375 0.72734375 0.015625 0.015625
0 0.7890625 0.50078125 0.0453125 0.0453125
0 0.9828125 0.26875 0.034375 0.040625
0 0.91640625 0.1640625 0.1671875 0.18125
0 0.91328125 0.0953125 0.015625 0.015625
0 0.6515625 0.92265625 0.0109375 0.0109375
0 0.60234375 0.7140625 0.015625 0.015625
0 0.99296875 0.60078125 0.0125 0.0125
0 0.76796875 0.58984375 0.0140625 0.0140625
0 0.621875 0.17578125 0.0109375 0.0109375
0 0.978125 0.24375 0.015625 0.015625
0 0.67109375 0.27578125 0.0109375 0.0109375
0 0.20234375 0.06640625 0.0140625 0.0140625
0 0.2296875 0.26953125 0.0234375 0.025
0 0.0640625 0.61875 0.0125 0.0125
0 0.509375 0.840625 0.0125 0.0125
0 0.34609375 0.446875 0.0125 0.0125
0 0.26875 0.94453125 0.015625 0.0171875
0 0.21015625 0.78046875 0.0109375 0.0109375
0 0.15703125 0.81328125 0.0125 0.0125
0 0.11796875 0.13125 0.0109375 0.0109375
0 0.084375 0.303125 0.0125 0.0125
0 0.95 0.84296875 0.0109375 0.0109375
0 0.8609375 0.340625 0.0125 0.0125
0 0.94375 0.03828125 0.015625 0.015625
0 0.75859375 0.0171875 0.0171875 0.01875
0 0.86015625 0.334375 0.0109375 0.0109375
0 0.6046875 0.46171875 0.0109375 0.0109375
0 0.65 0.71015625 0.0125 0.0125
0 0.26328125 0.73984375 0.0125 0.0125
0 0.0921875 0.1859375 0.009375 0.009375