0 0.3578125 0.16328125 0.0296875 0.028125
0 0.17734375 0.17890625 0.084375 0.0796875
0 0.44375 0.36875 0.275 0.2640625
0 0.83984375 0.19609375 0.3203125 0.3921875
0 0.871875 0.14453125 0.01875 0.0171875
0 0.51640625 0.43671875 0.028125 0.0265625
0 0.4875 0.5046875 0.04375 0.040625
0 0.64609375 0.68359375 0.021875 0.021875
0 0.53046875 0.715625 0.1328125 0.128125
0 0.284375 0.47734375 0.084375 0.08125
0 0.1828125 0.3265625 0.090625 0.0859375
0 0.046875 0.34296875 0.05625 0.053125
0 0.14921875 0.6921875 0.03125 0.0296875
0 0.259375 0.42421875 0.51875 0.5203125
0 0.53125 0.89765625 0.065625 0.0625
0 0.178125 0.86875 0.021875 0.021875
0 0.1 0.7359375 0.01875 0.01875
0 0.26875 0.87265625 0.1078125 0.103125
0 0.634375 0.79921875 0.021875 0.0203125
0 0.0765625 0.94375 0.153125 0.1125
0 0.08125 0.92421875 0.0140625 0.0125
0 0.01328125 0.6359375 0.01875 0.0171875
0 0.3 0.678125 0.0125 0.0125
0 0.58515625 0.4875 0.015625 0.015625
0 0.43828125 0.3453125 0.0125 0.0109375
0 0.17734375 0.4625 0.0140625 0.0125
0 0.6453125 0.27890625 0.0125 0.0109375
0 0.8140625 0.60546875 0.015625 0.015625
0 0.746875 0.73359375 0.0140625 0.0140625
0 0.50390625 0.78203125 0.0171875 0.015625
0 0.90078125 0.08046875 0.0125 0.0125
0 0.66015625 0.1046875 0.0125 0.0109375
0 0.175 0.07734375 0.0125 0.0109375
0 0.0515625 0.15 0.0171875 0.015625
0 0.1125 0.02890625 0.015625 0.015625
0 0.32734375 0.10859375 0.0109375 0.009375
0 0.27421875 0.1390625 0.015625 0.015625
0 0.31953125 0.221875 0.0125 0.0109375
0 0.88046875 0.74140625 0.009375 0.009375
0 0.42265625 0.70625 0.0125 0.0125
0 0.1546875 0.93984375 0.0140625 0.0125
0 0.559375 0.9671875 0.0109375 0.0109375
0 0.265625 0.7640625 0.0125 0.0109375
0 0.334375 0.70234375 0.0109375 0.009375
0 0.2546875 0.9265625 0.046875 0.0453125
0 0.0921875 0.59296875 0.0109375 0.0109375
0 0.05078125 0.63359375 0.0125 0.0125
0 0.39140625 0.30390625 0.0140625 0.0125
0 0.325 0.48046875 0.0125 0.0125
0 0.584375 0.53203125 0.0125 0.0125
0 0.62109375 0.42265625 0.0125 0.0125
0 0.99375 0.50078125 0.0125 0.015625
0 0.278125 0.13125 0.0109375 0.009375
0 0.2828125 0.00625 0.0125 0.0125
0 0.03828125 0.4375 0.028125 0.028125
0 0.01875 0.4171875 0.0375 0.0375