0 0.1203125 0.7546875 0.01640625 0.01640625
0 0.365625 0.8078125 0.03984375 0.03984375
0 0.1984375 0.89609375 0.01875 0.01875
0 0.553125 0.734375 0.0265625 0.0265625
0 0.58046875 0.7828125 0.015625 0.015625
0 0.69609375 0.7484375 0.01484375 0.01484375
0 0.74453125 0.76875 0.015625 0.015625
0 0.97421875 0.475 0.015625 0.015625
0 0.8203125 0.49921875 0.0375 0.03671875
0 0.80625 0.58984375 0.06640625 0.06640625
0 0.653125 0.49765625 0.03515625 0.03515625
0 0.7125 0.43515625 0.0890625 0.0890625
0 0.83203125 0.12890625 0.1171875 0.1171875
0 0.2109375 0.34609375 0.0203125 0.0203125
0 0.1609375 0.1890625 0.0234375 0.0234375
0 0.9046875 0.675 0.021875 0.021875
0 0.45390625 0.18203125 0.02265625 0.02265625
0 0.7359375 0.2625 0.01171875 0.01171875
0 0.696875 0.940625 0.01484375 0.01484375
0 0.08125 0.93515625 0.01171875 0.01171875
0 0.471875 0.2109375 0.01953125 0.01953125
0 0.94921875 0.15078125 0.0125 0.0125
0 0.39921875 0.37421875 0.0140625 0.0140625
0 0.48828125 0.528125 0.009375 0.009375
0 0.68984375 0.37734375 0.01171875 0.01171875
0 0.94921875 0.2796875 0.0125 0.0125
0 0.94609375 0.7015625 0.0109375 0.0109375
0 0.884375 0.5875 0.0109375 0.0109375
0 0.92265625 0.68203125 0.01171875 0.01171875
0 0.675 0.9640625 0.0109375 0.0109375
0 0.43828125 0.853125 0.0125 0.0125
0 0.4046875 0.946875 0.0125 0.0125
0 0.3921875 0.7171875 0.01484375 0.01484375
0 0.24453125 0.6125 0.009375 0.009375
0 0.053125 0.734375 0.0109375 0.0109375
0 0.04296875 0.90859375 0.0109375 0.0109375
0 0.11953125 0.4453125 0.01484375 0.01484375
0 0.95 0.4546875 0.09921875 0.2140625
0 0.9609375 0.9890625 0.0328125 0.02109375
0 0.2421875 0.31640625 0.48125 0.62890625