0 0.80859375 0.10078125 0.0296875 0.0265625
0 0.96171875 0.13359375 0.0765625 0.1015625
0 0.8453125 0.11796875 0.278125 0.2359375
0 0.2796875 0.02890625 0.0375 0.034375
0 0.06328125 0.02421875 0.04375 0.040625
0 0.2375 0.17265625 0.021875 0.0203125
0 0.0609375 0.3359375 0.0234375 0.021875
0 0.071875 0.38984375 0.025 0.021875
0 0.02109375 0.928125 0.0421875 0.071875
0 0.021875 0.88359375 0.028125 0.025
0 0.0625 0.7859375 0.103125 0.0953125
0 0.1421875 0.95625 0.0203125 0.01875
0 0.1078125 0.5640625 0.03125 0.028125
0 0.01953125 0.471875 0.0390625 0.0390625
0 0.7859375 0.8296875 0.0453125 0.040625
0 0.290625 0.64140625 0.03125 0.028125
0 0.63125 0.18515625 0.09375 0.084375
0 0.61015625 0.92890625 0.015625 0.015625
0 0.721875 0.8421875 0.0140625 0.0125
0 0.8015625 0.971875 0.021875 0.0203125
0 0.1609375 0.909375 0.01875 0.0171875
0 0.05 0.57265625 0.0171875 0.015625
0 0.4734375 0.621875 0.0140625 0.0125
0 0.225 0.76328125 0.2 0.184375
0 0.309375 0.53828125 0.0125 0.0109375
0 0.64375 0.28203125 0.0125 0.0125
0 0.89921875 0.53515625 0.0125 0.0109375
0 0.6875 0.1296875 0.015625 0.015625
0 0.79609375 0.18671875 0.0109375 0.009375
0 0.85390625 0.075 0.0125 0.0109375
0 0.88984375 0.2140625 0.0125 0.0125
0 0.66484375 0.98828125 0.0125 0.0125
0 0.46015625 0.7953125 0.0109375 0.009375
0 0.7828125 0.9015625 0.0109375 0.009375
0 0.8890625 0.65 0.0265625 0.025
0 0.571875 0.815625 0.0265625 0.025
0 0.596875 0.69765625 0.03125 0.028125
0 0.353125 0.95234375 0.0109375 0.009375
0 0.78125 0.43359375 0.0109375 0.009375
0 0.6 0.465625 0.015625 0.0140625
0 0.66171875 0.4953125 0.015625 0.0125
0 0.53046875 0.33671875 0.021875 0.0203125
0 0.45625 0.5203125 0.0125 0.0109375
0 0.5015625 0.51328125 0.0265625 0.025
0 0.04921875 0.46796875 0.0140625 0.0125
0 0.87421875 0.509375 0.0203125 0.01875