0 0.89921875 0.80859375 0.0265625 0.0296875
0 0.86640625 0.96171875 0.1015625 0.0765625
0 0.88203125 0.8453125 0.2359375 0.278125
0 0.97109375 0.2796875 0.034375 0.0375
0 0.97578125 0.06328125 0.040625 0.04375
0 0.82734375 0.2375 0.0203125 0.021875
0 0.6640625 0.0609375 0.021875 0.0234375
0 0.61015625 0.071875 0.021875 0.025
0 0.071875 0.02109375 0.071875 0.0421875
0 0.11640625 0.021875 0.025 0.028125
0 0.2140625 0.0625 0.0953125 0.103125
0 0.04375 0.1421875 0.01875 0.0203125
0 0.4359375 0.1078125 0.028125 0.03125
0 0.528125 0.01953125 0.0390625 0.0390625
0 0.1703125 0.7859375 0.040625 0.0453125
0 0.35859375 0.290625 0.028125 0.03125
0 0.81484375 0.63125 0.084375 0.09375
0 0.07109375 0.61015625 0.015625 0.015625
0 0.1578125 0.721875 0.0125 0.0140625
0 0.028125 0.8015625 0.0203125 0.021875
0 0.090625 0.1609375 0.0171875 0.01875
0 0.42734375 0.05 0.015625 0.015625
0 0.378125 0.4734375 0.0125 0.0140625
0 0.23671875 0.225 0.184375 0.2
0 0.46171875 0.309375 0.0109375 0.0125
0 0.71796875 0.64375 0.0125 0.0125
0 0.46484375 0.89921875 0.0109375 0.0125
0 0.8703125 0.6875 0.015625 0.015625
0 0.81328125 0.79609375 0.009375 0.0109375
0 0.925 0.85390625 0.0109375 0.0125
0 0.7859375 0.88984375 0.0125 0.0125
0 0.01171875 0.66484375 0.0125 0.0125
0 0.2046875 0.46015625 0.009375 0.0109375
0 0.0984375 0.7828125 0.009375 0.0109375
0 0.35 0.8890625 0.025 0.0265625
0 0.184375 0.571875 0.025 0.0265625
0 0.30234375 0.596875 0.028125 0.03125
0 0.04765625 0.353125 0.009375 0.0109375
0 0.56640625 0.78125 0.009375 0.0109375
0 0.534375 0.6 0.0140625 0.015625
0 0.5046875 0.66171875 0.0125 0.015625
0 0.66328125 0.53046875 0.0203125 0.021875
0 0.4796875 0.45625 0.0109375 0.0125
0 0.48671875 0.5015625 0.025 0.0265625
0 0.53203125 0.04921875 0.0125 0.0140625
0 0.490625 0.87421875 0.01875 0.0203125