0 0.7546875 0.8796875 0.015625 0.015625
0 0.8078125 0.634375 0.040625 0.040625
0 0.89609375 0.8015625 0.01875 0.01875
0 0.734375 0.446875 0.0265625 0.0265625
0 0.7828125 0.41953125 0.015625 0.015625
0 0.7484375 0.30390625 0.015625 0.015625
0 0.76875 0.25546875 0.015625 0.015625
0 0.475 0.02578125 0.015625 0.015625
0 0.49921875 0.1796875 0.0375 0.0375
0 0.58984375 0.19375 0.065625 0.065625
0 0.49765625 0.346875 0.034375 0.034375
0 0.43515625 0.2875 0.0890625 0.0890625
0 0.12890625 0.16796875 0.1171875 0.1171875
0 0.34609375 0.7890625 0.0203125 0.0203125
0 0.1890625 0.8390625 0.0234375 0.0234375
0 0.675 0.0953125 0.021875 0.021875
0 0.18203125 0.54609375 0.021875 0.021875
0 0.2625 0.2640625 0.0125 0.0125
0 0.940625 0.303125 0.015625 0.015625
0 0.93515625 0.91875 0.0125 0.0125
0 0.2109375 0.528125 0.01875 0.01875
0 0.15078125 0.05078125 0.0125 0.0125
0 0.37421875 0.60078125 0.0140625 0.0140625
0 0.528125 0.51171875 0.009375 0.009375
0 0.37734375 0.31015625 0.0125 0.0125
0 0.2796875 0.05078125 0.0125 0.0125
0 0.7015625 0.05390625 0.0109375 0.0109375
0 0.5875 0.115625 0.0109375 0.0109375
0 0.68203125 0.07734375 0.0125 0.0125
0 0.9640625 0.325 0.0109375 0.0109375
0 0.853125 0.56171875 0.0125 0.0125
0 0.946875 0.5953125 0.0125 0.0125
0 0.7171875 0.6078125 0.015625 0.015625
0 0.6125 0.75546875 0.009375 0.009375
0 0.734375 0.946875 0.0109375 0.0109375
0 0.90859375 0.95703125 0.0109375 0.0109375
0 0.4453125 0.88046875 0.015625 0.015625
0 0.4546875 0.05 0.2140625 0.1
0 0.9890625 0.0390625 0.021875 0.0328125
0 0.31640625 0.7578125 0.628125 0.48125