0 0.13203125 0.7578125 0.015625 0.015625
0 0.3765625 0.8078125 0.040625 0.040625
0 0.20859375 0.89921875 0.01875 0.01875
0 0.5625 0.7359375 0.0265625 0.0265625
0 0.5921875 0.784375 0.015625 0.015625
0 0.70625 0.753125 0.015625 0.015625
0 0.75546875 0.77265625 0.015625 0.015625
0 0.98359375 0.4796875 0.015625 0.015625
0 0.8296875 0.50234375 0.0375 0.0375
0 0.815625 0.59296875 0.065625 0.065625
0 0.665625 0.5 0.034375 0.034375
0 0.7234375 0.4359375 0.0890625 0.0890625
0 0.84375 0.12890625 0.1171875 0.1171875
0 0.2234375 0.3484375 0.0203125 0.0203125
0 0.1734375 0.18984375 0.0234375 0.0234375
0 0.9140625 0.68203125 0.021875 0.021875
0 0.4625 0.18203125 0.021875 0.021875
0 0.7390625 0.259375 0.0125 0.0125
0 0.7078125 0.946875 0.015625 0.015625
0 0.09375 0.9390625 0.0125 0.0125
0 0.4875 0.2109375 0.01875 0.01875
0 0.94921875 0.15078125 0.0125 0.0125
0 0.39921875 0.37421875 0.0140625 0.0140625
0 0.48828125 0.528125 0.009375 0.009375
0 0.7 0.38125 0.0125 0.0125
0 0.95625 0.2859375 0.0125 0.0125
0 0.94453125 0.69453125 0.0109375 0.0109375
0 0.88203125 0.5796875 0.0109375 0.0109375
0 0.93125 0.6859375 0.0125 0.0125
0 0.675 0.9578125 0.0109375 0.0109375
0 0.45 0.85546875 0.0125 0.0125
0 0.41484375 0.9515625 0.0125 0.0125
0 0.4015625 0.7203125 0.015625 0.015625
0 0.2453125 0.60546875 0.009375 0.009375
0 0.053125 0.72734375 0.0109375 0.0109375
0 0.0421875 0.89921875 0.0109375 0.0109375
0 0.909375 0.565625 0.015625 0.015625
0 0.13125 0.44609375 0.015625 0.015625