0 0.7578125 0.86796875 0.015625 0.015625
0 0.8078125 0.6234375 0.040625 0.040625
0 0.89921875 0.79140625 0.01875 0.01875
0 0.7359375 0.4375 0.0265625 0.0265625
0 0.784375 0.4078125 0.015625 0.015625
0 0.753125 0.29375 0.015625 0.015625
0 0.77265625 0.24453125 0.015625 0.015625
0 0.4796875 0.01640625 0.015625 0.015625
0 0.50234375 0.1703125 0.0375 0.0375
0 0.59296875 0.184375 0.065625 0.065625
0 0.5 0.334375 0.034375 0.034375
0 0.4359375 0.2765625 0.0890625 0.0890625
0 0.12890625 0.15625 0.1171875 0.1171875
0 0.3484375 0.7765625 0.0203125 0.0203125
0 0.18984375 0.8265625 0.0234375 0.0234375
0 0.68203125 0.0859375 0.021875 0.021875
0 0.18203125 0.5375 0.021875 0.021875
0 0.259375 0.2609375 0.0125 0.0125
0 0.946875 0.2921875 0.015625 0.015625
0 0.9390625 0.90625 0.0125 0.0125
0 0.2109375 0.5125 0.01875 0.01875
0 0.15078125 0.05078125 0.0125 0.0125
0 0.37421875 0.60078125 0.0140625 0.0140625
0 0.528125 0.51171875 0.009375 0.009375
0 0.38125 0.3 0.0125 0.0125
0 0.2859375 0.04375 0.0125 0.0125
0 0.69453125 0.05546875 0.0109375 0.0109375
0 0.5796875 0.11796875 0.0109375 0.0109375
0 0.6859375 0.06875 0.0125 0.0125
0 0.9578125 0.325 0.0109375 0.0109375
0 0.85546875 0.55 0.0125 0.0125
0 0.9515625 0.58515625 0.0125 0.0125
0 0.7203125 0.5984375 0.015625 0.015625
0 0.60546875 0.7546875 0.009375 0.009375
0 0.72734375 0.946875 0.0109375 0.0109375
0 0.89921875 0.9578125 0.0109375 0.0109375
0 0.565625 0.090625 0.015625 0.015625
0 0.44609375 0.86875 0.015625 0.015625