0 0.3578125 0.83671875 0.0296875 0.028125
0 0.17734375 0.82109375 0.084375 0.0796875
0 0.44375 0.63125 0.275 0.2640625
0 0.83984375 0.80390625 0.3203125 0.3921875
0 0.871875 0.85546875 0.01875 0.0171875
0 0.51640625 0.56328125 0.02734375 0.0265625
0 0.4875 0.4953125 0.04296875 0.040625
0 0.64609375 0.31640625 0.02265625 0.021875
0 0.53046875 0.284375 0.1328125 0.128125
0 0.284375 0.52265625 0.08515625 0.08125
0 0.1828125 0.6734375 0.08984375 0.0859375
0 0.046875 0.65703125 0.05546875 0.053125
0 0.14921875 0.3078125 0.03046875 0.0296875
0 0.259375 0.57578125 0.51875 0.5203125
0 0.53125 0.10234375 0.06640625 0.06328125
0 0.178125 0.13125 0.02265625 0.021875
0 0.1 0.2640625 0.01875 0.01875
0 0.26875 0.12734375 0.1078125 0.103125
0 0.634375 0.20078125 0.021875 0.0203125
0 0.0765625 0.05625 0.153125 0.1125
0 0.08125 0.07578125 0.0140625 0.0125
0 0.01328125 0.3640625 0.01875 0.0171875
0 0.3 0.321875 0.0125 0.0125
0 0.58515625 0.5125 0.01484375 0.01484375
0 0.43828125 0.6546875 0.01171875 0.0109375
0 0.17734375 0.5375 0.0140625 0.0125
0 0.6453125 0.72109375 0.01171875 0.0109375
0 0.8140625 0.39453125 0.01640625 0.015625
0 0.746875 0.26640625 0.0140625 0.0140625
0 0.50390625 0.21796875 0.0171875 0.01640625
0 0.90078125 0.91953125 0.0125 0.01171875
0 0.66015625 0.8953125 0.01171875 0.0109375
0 0.175 0.92265625 0.01171875 0.0109375
0 0.0515625 0.85 0.0171875 0.01640625
0 0.1125 0.97109375 0.01484375 0.01484375
0 0.32734375 0.89140625 0.0109375 0.009375
0 0.27421875 0.8609375 0.015625 0.015625
0 0.31953125 0.778125 0.01171875 0.0109375
0 0.88046875 0.25859375 0.009375 0.009375
0 0.42265625 0.29375 0.0125 0.0125
0 0.1546875 0.06015625 0.0140625 0.0125
0 0.559375 0.0328125 0.0109375 0.0109375
0 0.265625 0.2359375 0.01171875 0.0109375
0 0.334375 0.29765625 0.0109375 0.009375
0 0.2546875 0.0734375 0.04609375 0.0453125
0 0.0921875 0.40703125 0.0109375 0.0109375
0 0.05078125 0.36640625 0.0125 0.01171875
0 0.39140625 0.69609375 0.0140625 0.0125
0 0.325 0.51953125 0.0125 0.01171875
0 0.584375 0.46796875 0.0125 0.0125
0 0.62109375 0.57734375 0.01171875 0.01171875
0 0.99375 0.49921875 0.0125 0.01640625
0 0.278125 0.86875 0.0109375 0.009375
0 0.2828125 0.99375 0.0125 0.0125
0 0.03828125 0.5625 0.028125 0.02734375
0 0.01875 0.5828125 0.0375 0.0375