0 0.053125 0.0828125 0.040625 0.040625
0 0.07109375 0.0875 0.034375 0.0359375
0 0.078125 0.44453125 0.1125 0.115625
0 0.10859375 0.40546875 0.046875 0.0484375
0 0.10625 0.9046875 0.01875 0.01875
0 0.1046875 0.64765625 0.209375 0.259375
0 0.23203125 0.80390625 0.4640625 0.3921875
0 0.6421875 0.77890625 0.015625 0.015625
0 0.4015625 0.98828125 0.015625 0.0171875
0 0.290625 0.7578125 0.046875 0.05
0 0.3953125 0.7859375 0.015625 0.0171875
0 0.47421875 0.62734375 0.0828125 0.084375
0 0.290625 0.53359375 0.01875 0.01875
0 0.2921875 0.4125 0.0265625 0.028125
0 0.24140625 0.2140625 0.04375 0.04375
0 0.2890625 0.24921875 0.0171875 0.01875
0 0.5375 0.24296875 0.0328125 0.034375
0 0.56328125 0.10234375 0.05 0.05
0 0.61015625 0.06953125 0.028125 0.028125
0 0.78515625 0.384375 0.0171875 0.01875
0 0.93046875 0.096875 0.025 0.0265625
0 0.8609375 0.159375 0.0234375 0.025
0 0.85859375 0.29921875 0.015625 0.0171875
0 0.81875 0.89296875 0.075 0.078125
0 0.71171875 0.69921875 0.015625 0.015625
0 0.80703125 0.30625 0.0125 0.0125
0 0.5375 0.16484375 0.0125 0.0140625
0 0.4421875 0.16328125 0.015625 0.015625
0 0.8984375 0.521875 0.0125 0.0125
0 0.309375 0.3703125 0.0125 0.0125
0 0.2765625 0.43828125 0.0125 0.0125
0 0.49921875 0.7828125 0.0125 0.0140625
0 0.42734375 0.93828125 0.0125 0.0140625
0 0.771875 0.946875 0.009375 0.0109375
0 0.146875 0.22734375 0.0125 0.0125
0 0.815625 0.70625 0.0125 0.0125
0 0.78203125 0.64921875 0.0109375 0.0109375
0 0.728125 0.5921875 0.009375 0.009375
0 0.73203125 0.36015625 0.0125 0.0125
0 0.8578125 0.2078125 0.009375 0.009375
0 0.6 0.10546875 0.0109375 0.0109375
0 0.37890625 0.259375 0.009375 0.0109375
0 0.45703125 0.3171875 0.0109375 0.0109375
0 0.4625 0.3796875 0.0109375 0.0109375
0 0.06953125 0.68203125 0.009375 0.0109375
0 0.1375 0.740625 0.009375 0.009375
0 0.978125 0.5609375 0.0265625 0.0265625
0 0.3375 0.74921875 0.0109375 0.0109375