0 0.9171875 0.946875 0.040625 0.040625
0 0.9125 0.92890625 0.0359375 0.034375
0 0.55546875 0.921875 0.115625 0.1125
0 0.59453125 0.89140625 0.0484375 0.046875
0 0.0953125 0.89375 0.01875 0.01875
0 0.35234375 0.8953125 0.259375 0.209375
0 0.19609375 0.76796875 0.3921875 0.4640625
0 0.22109375 0.3578125 0.015625 0.015625
0 0.01171875 0.5984375 0.0171875 0.015625
0 0.2421875 0.709375 0.05 0.046875
0 0.2140625 0.6046875 0.0171875 0.015625
0 0.37265625 0.52578125 0.084375 0.0828125
0 0.46640625 0.709375 0.01875 0.01875
0 0.5875 0.7078125 0.028125 0.0265625
0 0.7859375 0.75859375 0.04375 0.04375
0 0.75078125 0.7109375 0.01875 0.0171875
0 0.75703125 0.4625 0.034375 0.0328125
0 0.89765625 0.43671875 0.05 0.05
0 0.93046875 0.38984375 0.028125 0.028125
0 0.615625 0.21484375 0.01875 0.0171875
0 0.903125 0.06953125 0.0265625 0.025
0 0.840625 0.1390625 0.025 0.0234375
0 0.70078125 0.14140625 0.0171875 0.015625
0 0.10703125 0.18125 0.078125 0.075
0 0.30078125 0.28828125 0.015625 0.015625
0 0.69375 0.19296875 0.0125 0.0125
0 0.83515625 0.4625 0.0140625 0.0125
0 0.83671875 0.5578125 0.015625 0.015625
0 0.478125 0.1015625 0.0125 0.0125
0 0.6296875 0.690625 0.0125 0.0125
0 0.56171875 0.7234375 0.0125 0.0125
0 0.2171875 0.50078125 0.0140625 0.0125
0 0.06171875 0.57265625 0.0140625 0.0125
0 0.053125 0.228125 0.0109375 0.009375
0 0.77265625 0.853125 0.0125 0.0125
0 0.29375 0.184375 0.0125 0.0125
0 0.35078125 0.21796875 0.0109375 0.0109375
0 0.4078125 0.271875 0.009375 0.009375
0 0.63984375 0.26796875 0.0125 0.0125
0 0.7921875 0.1421875 0.009375 0.009375
0 0.89453125 0.4 0.0109375 0.0109375
0 0.740625 0.62109375 0.0109375 0.009375
0 0.6828125 0.54296875 0.0109375 0.0109375
0 0.6203125 0.5375 0.0109375 0.0109375
0 0.31796875 0.93046875 0.0109375 0.009375
0 0.259375 0.8625 0.009375 0.009375
0 0.4390625 0.021875 0.0265625 0.0265625
0 0.25078125 0.6625 0.0109375 0.0109375