0 0.7375 0.90390625 0.0234375 0.0234375
0 0.99375 0.44921875 0.0125 0.015625
0 0.77265625 0.3875 0.0515625 0.0515625
0 0.7375 0.3921875 0.0234375 0.0234375
0 0.74296875 0.3703125 0.025 0.025
0 0.9859375 0.2703125 0.028125 0.0375
0 0.78984375 0.83671875 0.0234375 0.0234375
0 0.7953125 0.534375 0.015625 0.015625
0 0.76171875 0.53125 0.0984375 0.0984375
0 0.46953125 0.02265625 0.040625 0.034375
0 0.66640625 0.38125 0.0296875 0.0296875
0 0.41796875 0.3765625 0.1125 0.1125
0 0.253125 0.18828125 0.0171875 0.0171875
0 0.21484375 0.4234375 0.0234375 0.0234375
0 0.3984375 0.5125 0.0453125 0.0453125
0 0.17890625 0.94921875 0.084375 0.084375
0 0.309375 0.92578125 0.0203125 0.0203125
0 0.31484375 0.88203125 0.078125 0.0796875
0 0.05859375 0.83515625 0.015625 0.015625
0 0.06953125 0.44453125 0.0328125 0.034375
0 0.70625 0.74375 0.015625 0.015625
0 0.6546875 0.70078125 0.0171875 0.0171875
0 0.96875 0.02109375 0.0125 0.0125
0 0.12734375 0.2078125 0.009375 0.009375
0 0.38125 0.9171875 0.0125 0.0125
0 0.35 0.85390625 0.009375 0.009375
0 0.5015625 0.85234375 0.0125 0.0125
0 0.3859375 0.63359375 0.009375 0.009375
0 0.46328125 0.2125 0.015625 0.015625
0 0.55703125 0.215625 0.0171875 0.0171875
0 0.553125 0.021875 0.015625 0.015625
0 0.55859375 0.03984375 0.015625 0.015625
0 0.29140625 0.19609375 0.009375 0.009375
0 0.24921875 0.19921875 0.0109375 0.0109375
0 0.75703125 0.09609375 0.0109375 0.0109375
0 0.73515625 0.2203125 0.0125 0.0125
0 0.70390625 0.55 0.0125 0.0125
0 0.9671875 0.8796875 0.0125 0.0125