0 0.0796875 0.2703125 0.034375 0.034375
0 0.0421875 0.4015625 0.0609375 0.0625
0 0.13203125 0.3734375 0.028125 0.028125
0 0.5109375 0.98359375 0.034375 0.0328125
0 0.2609375 0.915625 0.0203125 0.021875
0 0.53125 0.8765625 0.015625 0.015625
0 0.4171875 0.45078125 0.03125 0.03125
0 0.5359375 0.48125 0.01875 0.01875
0 0.19453125 0.39921875 0.0421875 0.04375
0 0.40859375 0.18125 0.025 0.025
0 0.775 0.00625 0.025 0.0125
0 0.96640625 0.56796875 0.0171875 0.0171875
0 0.840625 0.57421875 0.025 0.025
0 0.9671875 0.803125 0.0515625 0.053125
0 0.99296875 0.8484375 0.0140625 0.0234375
0 0.86875 0.86953125 0.2625 0.2609375
0 0.5875 0.37265625 0.0140625 0.0140625
0 0.03515625 0.31953125 0.015625 0.015625
0 0.5921875 0.3 0.015625 0.015625
0 0.6734375 0.36796875 0.0125 0.0125
0 0.5875 0.278125 0.021875 0.021875
0 0.5171875 0.7671875 0.0109375 0.0125
0 0.075 0.9125 0.0125 0.0125
0 0.7484375 0.79765625 0.009375 0.009375
0 0.571875 0.83671875 0.009375 0.009375
0 0.56796875 0.7765625 0.009375 0.009375
0 0.4984375 0.103125 0.0140625 0.0140625
0 0.28203125 0.18671875 0.0109375 0.0109375
0 0.2546875 0.240625 0.0109375 0.0125
0 0.446875 0.66875 0.0125 0.0125
0 0.08359375 0.090625 0.0109375 0.0109375
0 0.04375 0.5328125 0.0125 0.0125