0 0.0796875 0.7296875 0.034375 0.034375
0 0.0421875 0.5984375 0.0609375 0.0609375
0 0.13203125 0.6265625 0.028125 0.028125
0 0.5109375 0.01640625 0.034375 0.0328125
0 0.2609375 0.084375 0.0203125 0.021875
0 0.53125 0.1234375 0.015625 0.015625
0 0.4171875 0.54921875 0.03125 0.03125
0 0.5359375 0.51875 0.01875 0.01875
0 0.19453125 0.60078125 0.0421875 0.04375
0 0.40859375 0.81875 0.025 0.025
0 0.775 0.99375 0.025 0.0125
0 0.96640625 0.43203125 0.0171875 0.0171875
0 0.840625 0.42578125 0.025 0.025
0 0.9671875 0.196875 0.0515625 0.053125
0 0.99296875 0.1515625 0.0140625 0.0234375
0 0.86875 0.13046875 0.2625 0.2609375
0 0.5875 0.62734375 0.0140625 0.0140625
0 0.03515625 0.68046875 0.015625 0.015625
0 0.5921875 0.7 0.015625 0.015625
0 0.6734375 0.63203125 0.0125 0.0125
0 0.5875 0.721875 0.021875 0.021875
0 0.5171875 0.2328125 0.0109375 0.0125
0 0.075 0.0875 0.0125 0.0125
0 0.7484375 0.20234375 0.009375 0.009375
0 0.571875 0.16328125 0.009375 0.009375
0 0.56796875 0.2234375 0.009375 0.009375
0 0.4984375 0.896875 0.0140625 0.0140625
0 0.28203125 0.81328125 0.0109375 0.0109375
0 0.2546875 0.759375 0.0109375 0.0125
0 0.446875 0.33125 0.0125 0.0125
0 0.08359375 0.909375 0.0109375 0.0109375
0 0.04375 0.4671875 0.0125 0.0125