0 0.7296875 0.7671875 0.02421875 0.02421875
0 0.96015625 0.55546875 0.0796875 0.1390625
0 0.096875 0.78984375 0.025 0.025
0 0.1296875 0.5640625 0.0171875 0.0171875
0 0.10859375 0.16875 0.078125 0.078125
0 0.1609375 0.07890625 0.3046875 0.15703125
0 0.5515625 0.41484375 0.040625 0.040625
0 0.47265625 0.22109375 0.02421875 0.02421875
0 0.640625 0.04140625 0.0296875 0.0296875
0 0.7953125 0.01171875 0.02734375 0.0234375
0 0.85859375 0.21875 0.2015625 0.2015625
0 0.75234375 0.34296875 0.0140625 0.0140625
0 0.75625 0.2828125 0.01171875 0.01171875
0 0.253125 0.25703125 0.06953125 0.06875
0 0.5359375 0.35625 0.015625 0.015625
0 0.746875 0.88515625 0.0125 0.0125
0 0.7046875 0.83515625 0.0140625 0.0140625
0 0.940625 0.93671875 0.0125 0.0125
0 0.2484375 0.95625 0.0140625 0.0140625
0 0.03046875 0.7703125 0.0125 0.0125
0 0.42109375 0.959375 0.01484375 0.01484375
0 0.4125 0.92890625 0.0125 0.0125
0 0.00703125 0.9328125 0.0109375 0.0109375
0 0.5375 0.32265625 0.015625 0.015625
0 0.3828125 0.38359375 0.0125 0.0125
0 0.24609375 0.50859375 0.01953125 0.01953125
0 0.36015625 0.715625 0.01640625 0.01640625
0 0.09296875 0.58671875 0.009375 0.009375
0 0.18359375 0.90546875 0.0140625 0.0140625
0 0.76875 0.01953125 0.009375 0.009375
0 0.8296875 0.45390625 0.009375 0.009375
0 0.59921875 0.4359375 0.015625 0.015625
0 0.39140625 0.28671875 0.009375 0.009375
0 0.47265625 0.68046875 0.009375 0.009375
0 0.96015625 0.93671875 0.0109375 0.0109375
0 0.9875 0.77734375 0.00859375 0.01171875
0 0.9703125 0.7140625 0.009375 0.009375
0 0.61640625 0.1140625 0.034375 0.034375
0 0.76484375 0.81015625 0.034375 0.0328125
0 0.40390625 0.59296875 0.0328125 0.0328125