0 0.09609375 0.7375 0.0234375 0.0234375
0 0.55078125 0.99375 0.015625 0.01171875
0 0.6125 0.77265625 0.0515625 0.0515625
0 0.6078125 0.7375 0.0234375 0.0234375
0 0.6296875 0.74296875 0.025 0.025
0 0.7296875 0.9859375 0.0375 0.028125
0 0.16328125 0.78984375 0.0234375 0.0234375
0 0.465625 0.7953125 0.01484375 0.01484375
0 0.46875 0.76171875 0.0984375 0.0984375
0 0.97734375 0.46953125 0.03515625 0.03984375
0 0.61875 0.66640625 0.0296875 0.0296875
0 0.6234375 0.41796875 0.11328125 0.11328125
0 0.81171875 0.253125 0.0171875 0.0171875
0 0.5765625 0.21484375 0.0234375 0.0234375
0 0.4875 0.3984375 0.0453125 0.0453125
0 0.05078125 0.17890625 0.08515625 0.08515625
0 0.07421875 0.309375 0.0203125 0.0203125
0 0.11796875 0.31484375 0.07890625 0.07890625
0 0.16484375 0.05859375 0.01640625 0.01640625
0 0.55546875 0.06953125 0.034375 0.0328125
0 0.25625 0.70625 0.01484375 0.01484375
0 0.29921875 0.6546875 0.0171875 0.0171875
0 0.97890625 0.96875 0.0125 0.0125
0 0.7921875 0.12734375 0.009375 0.009375
0 0.0828125 0.38125 0.01171875 0.01171875
0 0.14609375 0.35 0.009375 0.009375
0 0.14765625 0.5015625 0.01171875 0.01171875
0 0.36640625 0.3859375 0.009375 0.009375
0 0.7875 0.46328125 0.015625 0.015625
0 0.784375 0.55703125 0.0171875 0.0171875
0 0.978125 0.553125 0.015625 0.015625
0 0.96015625 0.55859375 0.015625 0.015625
0 0.80390625 0.29140625 0.009375 0.009375
0 0.80078125 0.24921875 0.0109375 0.0109375
0 0.90390625 0.75703125 0.0109375 0.0109375
0 0.7796875 0.73515625 0.0125 0.0125
0 0.45 0.70390625 0.01171875 0.01171875
0 0.1203125 0.9671875 0.01171875 0.01171875