0 0.2625 0.09609375 0.0234375 0.0234375
0 0.00625 0.55078125 0.0125 0.015625
0 0.22734375 0.6125 0.0515625 0.0515625
0 0.2625 0.6078125 0.0234375 0.0234375
0 0.25703125 0.6296875 0.025 0.025
0 0.0140625 0.7296875 0.028125 0.0375
0 0.21015625 0.16328125 0.0234375 0.0234375
0 0.2046875 0.465625 0.015625 0.015625
0 0.23828125 0.46875 0.0984375 0.0984375
0 0.53046875 0.97734375 0.040625 0.0359375
0 0.33359375 0.61875 0.0296875 0.0296875
0 0.58203125 0.6234375 0.1125 0.1125
0 0.746875 0.81171875 0.0171875 0.0171875
0 0.78515625 0.5765625 0.0234375 0.0234375
0 0.6015625 0.4875 0.0453125 0.0453125
0 0.82109375 0.05078125 0.084375 0.084375
0 0.690625 0.07421875 0.0203125 0.0203125
0 0.68515625 0.11796875 0.078125 0.078125
0 0.94140625 0.16484375 0.015625 0.015625
0 0.93046875 0.55546875 0.0328125 0.034375
0 0.29375 0.25625 0.015625 0.015625
0 0.3453125 0.29921875 0.0171875 0.0171875
0 0.03125 0.97890625 0.0125 0.0125
0 0.87265625 0.7921875 0.009375 0.009375
0 0.61875 0.0828125 0.0125 0.0125
0 0.65 0.14609375 0.009375 0.009375
0 0.4984375 0.14765625 0.0125 0.0125
0 0.6140625 0.36640625 0.009375 0.009375
0 0.53671875 0.7875 0.015625 0.015625
0 0.44296875 0.784375 0.0171875 0.0171875
0 0.446875 0.978125 0.015625 0.015625
0 0.44140625 0.96015625 0.015625 0.015625
0 0.70859375 0.80390625 0.009375 0.009375
0 0.75078125 0.80078125 0.0109375 0.0109375
0 0.24296875 0.90390625 0.0109375 0.0109375
0 0.26484375 0.7796875 0.0125 0.0125
0 0.29609375 0.45 0.0125 0.0125
0 0.0328125 0.1203125 0.0125 0.0125