0 0.0953125 0.74296875 0.0234375 0.0234375
0 0.55234375 0.99375 0.015625 0.0125
0 0.61328125 0.7734375 0.0515625 0.0515625
0 0.60625 0.7375 0.0234375 0.0234375
0 0.625 0.73984375 0.025 0.025
0 0.73125 0.9859375 0.0375 0.028125
0 0.16484375 0.790625 0.0234375 0.0234375
0 0.47578125 0.79765625 0.015625 0.015625
0 0.47421875 0.7578125 0.0984375 0.0984375
0 0.9734375 0.46953125 0.034375 0.040625
0 0.615625 0.66640625 0.0296875 0.0296875
0 0.6234375 0.41796875 0.1125 0.1125
0 0.81328125 0.253125 0.0171875 0.0171875
0 0.5765625 0.2171875 0.0234375 0.0234375
0 0.4875 0.39921875 0.04375 0.0453125
0 0.05078125 0.17890625 0.0859375 0.084375
0 0.071875 0.31171875 0.0203125 0.0203125
0 0.115625 0.31640625 0.078125 0.0796875
0 0.1625 0.05703125 0.015625 0.015625
0 0.55859375 0.06875 0.034375 0.0328125
0 0.25546875 0.703125 0.015625 0.015625
0 0.2984375 0.65390625 0.0171875 0.0171875
0 0.99140625 0.975 0.0125 0.0125
0 0.79375 0.13359375 0.009375 0.009375
0 0.08125 0.371875 0.0125 0.0125
0 0.1453125 0.34296875 0.009375 0.009375
0 0.1484375 0.5015625 0.0125 0.0125
0 0.36640625 0.38671875 0.009375 0.009375
0 0.7859375 0.465625 0.015625 0.015625
0 0.78125 0.559375 0.0171875 0.0171875
0 0.97890625 0.55234375 0.015625 0.015625
0 0.9609375 0.5578125 0.015625 0.015625
0 0.80390625 0.2828125 0.009375 0.009375
0 0.79921875 0.25234375 0.0109375 0.0109375
0 0.90390625 0.75703125 0.0109375 0.0109375
0 0.778125 0.73359375 0.0125 0.0125
0 0.45 0.69453125 0.0125 0.0125
0 0.1203125 0.96875 0.0125 0.0125