0 0.85078125 0.48125 0.0203125 0.0203125
0 0.44921875 0.8578125 0.025 0.025
0 0.3625 0.71796875 0.05390625 0.053125
0 0.5046875 0.5625 0.02421875 0.02421875
0 0.27734375 0.52421875 0.01484375 0.01484375
0 0.2640625 0.4703125 0.015625 0.015625
0 0.178125 0.61015625 0.0171875 0.0171875
0 0.675 0.88984375 0.140625 0.140625
0 0.021875 0.3421875 0.01953125 0.01953125
0 0.06875 0.2921875 0.0234375 0.0234375
0 0.23515625 0.4203125 0.0234375 0.0234375
0 0.13671875 0.4203125 0.24140625 0.24140625
0 0.4671875 0.1890625 0.0140625 0.0140625
0 0.24375 0.06171875 0.0203125 0.0203125
0 0.23359375 0.0421875 0.01484375 0.01484375
0 0.72890625 0.2 0.01875 0.01875
0 0.83671875 0.2765625 0.01171875 0.01171875
0 0.74609375 0.278125 0.0171875 0.0171875
0 0.9328125 0.3296875 0.015625 0.015625
0 0.1234375 0.61875 0.0109375 0.0109375
0 0.340625 0.5359375 0.0109375 0.0109375
0 0.42265625 0.70390625 0.01484375 0.01484375
0 0.51640625 0.69453125 0.0140625 0.0140625
0 0.9328125 0.6890625 0.01171875 0.01171875
0 0.92109375 0.8515625 0.01171875 0.01171875
0 0.61484375 0.97734375 0.0125 0.01171875
0 0.0890625 0.76796875 0.01171875 0.01171875
0 0.034375 0.165625 0.0109375 0.0109375
0 0.1296875 0.36015625 0.0125 0.0125
0 0.49140625 0.1703125 0.01171875 0.01171875
0 0.4359375 0.059375 0.009375 0.009375
0 0.93984375 0.4375 0.01171875 0.01171875
0 0.81015625 0.6046875 0.0125 0.0125
0 0.71953125 0.5109375 0.0109375 0.0109375
0 0.68203125 0.75546875 0.015625 0.015625
0 0.50703125 0.0046875 0.009375 0.00859375
0 0.603125 0.140625 0.01171875 0.01171875
0 0.8140625 0.19375 0.0109375 0.0109375
0 0.5 0.24609375 0.009375 0.009375
0 0.3234375 0.2296875 0.08671875 0.08671875
0 0.87265625 0.55234375 0.009375 0.009375
0 0.63125 0.5453125 0.01171875 0.01171875
0 0.29375 0.62421875 0.009375 0.009375
0 0.965625 0.60859375 0.0109375 0.0109375