0 0.54609375 0.96875 0.0890625 0.0625
0 0.86875 0.8046875 0.0203125 0.01875
0 0.3515625 0.88203125 0.0375 0.0328125
0 0.02421875 0.92421875 0.025 0.021875
0 0.12421875 0.81953125 0.0515625 0.0453125
0 0.11875 0.6703125 0.034375 0.03125
0 0.05859375 0.60625 0.0296875 0.025
0 0.12890625 0.45625 0.028125 0.025
0 0.2515625 0.2578125 0.01875 0.015625
0 0.1046875 0.203125 0.0203125 0.0171875
0 0.27578125 0.3015625 0.0859375 0.0734375
0 0.50078125 0.3453125 0.08125 0.0703125
0 0.4140625 0.66875 0.065625 0.0578125
0 0.74921875 0.64609375 0.025 0.021875
0 0.815625 0.70703125 0.021875 0.01875
0 0.9203125 0.265625 0.159375 0.1734375
0 0.9078125 0.36171875 0.115625 0.1015625
0 0.98125 0.28515625 0.01875 0.015625
0 0.465625 0.16953125 0.0203125 0.0171875
0 0.31953125 0.171875 0.0859375 0.075
0 0.32421875 0.12109375 0.01875 0.015625
0 0.9171875 0.4859375 0.165625 0.1546875
0 0.18828125 0.109375 0.0203125 0.0171875
0 0.16171875 0.0640625 0.0125 0.0109375
0 0.1921875 0.15390625 0.015625 0.0140625
0 0.08671875 0.38046875 0.0140625 0.0125
0 0.26640625 0.8484375 0.01875 0.015625
0 0.71953125 0.80859375 0.0125 0.0125
0 0.634375 0.975 0.015625 0.015625
0 0.8625 0.93203125 0.015625 0.0125
0 0.784375 0.63671875 0.015625 0.0140625
0 0.59765625 0.846875 0.01875 0.015625
0 0.665625 0.7 0.015625 0.0140625
0 0.7953125 0.09453125 0.015625 0.0140625
0 0.27109375 0.425 0.01875 0.015625
0 0.77578125 0.23203125 0.0125 0.009375
0 0.97890625 0.72265625 0.0140625 0.0125
0 0.70859375 0.8578125 0.0125 0.0125
0 0.52421875 0.8484375 0.0125 0.0109375
0 0.4375 0.77890625 0.0125 0.009375
0 0.4421875 0.79453125 0.0125 0.0109375
0 0.6921875 0.865625 0.0671875 0.059375
0 0.0703125 0.14140625 0.0203125 0.0171875
0 0.15625 0.13515625 0.0171875 0.015625
0 0.14453125 0.08828125 0.015625 0.015625
0 0.946875 0.046875 0.015625 0.0140625