0 0.9078125 0.7875 0.0453125 0.03984375
0 0.84609375 0.98984375 0.0390625 0.0203125
0 0.946875 0.690625 0.07421875 0.06640625
0 0.3953125 0.98203125 0.078125 0.0359375
0 0.309375 0.46953125 0.015625 0.01484375
0 0.14296875 0.74765625 0.078125 0.0703125
0 0.565625 0.6140625 0.86796875 0.771875
0 0.23984375 0.48046875 0.4796875 0.57109375
0 0.3328125 0.6703125 0.01875 0.01640625
0 0.35234375 0.19609375 0.04296875 0.03828125
0 0.2203125 0.1171875 0.02734375 0.0234375
0 0.2828125 0.0359375 0.05078125 0.0453125
0 0.54375 0.1 0.0265625 0.0234375
0 0.41875 0.0140625 0.0578125 0.02734375
0 0.3921875 0.01015625 0.03828125 0.0203125
0 0.54375 0.16875 0.07734375 0.06875
0 0.65234375 0.309375 0.02265625 0.0203125
0 0.71796875 0.0296875 0.0828125 0.059375
0 0.8 0.01484375 0.03828125 0.0296875
0 0.840625 0.1921875 0.03828125 0.0328125
0 0.875 0.171875 0.0265625 0.0234375
0 0.3609375 0.884375 0.065625 0.0578125
0 0.3671875 0.09453125 0.0125 0.01171875
0 0.26875 0.525 0.0140625 0.01171875
0 0.5578125 0.4359375 0.0125 0.0109375
0 0.584375 0.284375 0.0140625 0.01171875
0 0.4078125 0.2078125 0.01484375 0.0125
0 0.33125 0.65625 0.0109375 0.009375
0 0.60625 0.4171875 0.0125 0.0109375
0 0.77421875 0.5796875 0.0140625 0.0125
0 0.6609375 0.78828125 0.0109375 0.009375