0 0.51875 0.85078125 0.0203125 0.0203125
0 0.1421875 0.44921875 0.025 0.025
0 0.28203125 0.3625 0.053125 0.053125
0 0.4375 0.5046875 0.025 0.025
0 0.47578125 0.27734375 0.015625 0.015625
0 0.5296875 0.2640625 0.015625 0.015625
0 0.38984375 0.178125 0.0171875 0.0171875
0 0.11015625 0.675 0.140625 0.140625
0 0.6578125 0.021875 0.01875 0.01875
0 0.7078125 0.06875 0.0234375 0.0234375
0 0.5796875 0.23515625 0.0234375 0.0234375
0 0.5796875 0.13671875 0.240625 0.240625
0 0.8109375 0.4671875 0.0140625 0.0140625
0 0.93828125 0.24375 0.0203125 0.0203125
0 0.9578125 0.23359375 0.015625 0.015625
0 0.8 0.72890625 0.01875 0.01875
0 0.7234375 0.83671875 0.0125 0.0125
0 0.721875 0.74609375 0.0171875 0.0171875
0 0.6703125 0.9328125 0.015625 0.015625
0 0.38125 0.1234375 0.0109375 0.0109375
0 0.4640625 0.340625 0.0109375 0.0109375
0 0.29609375 0.42265625 0.015625 0.015625
0 0.30546875 0.51640625 0.0140625 0.0140625
0 0.3109375 0.9328125 0.0125 0.0125
0 0.1484375 0.92109375 0.0125 0.0125
0 0.02265625 0.61484375 0.0125 0.0125
0 0.23203125 0.0890625 0.0125 0.0125
0 0.834375 0.034375 0.0109375 0.0109375
0 0.63984375 0.1296875 0.0125 0.0125
0 0.8296875 0.49140625 0.0125 0.0125
0 0.940625 0.4359375 0.009375 0.009375
0 0.5625 0.93984375 0.0125 0.0125
0 0.3953125 0.81015625 0.0125 0.0125
0 0.4890625 0.71953125 0.0109375 0.0109375
0 0.24453125 0.68203125 0.015625 0.015625
0 0.9953125 0.50703125 0.009375 0.009375
0 0.859375 0.603125 0.0125 0.0125
0 0.80625 0.8140625 0.0109375 0.0109375
0 0.75390625 0.5 0.009375 0.009375
0 0.7703125 0.3234375 0.0875 0.0875
0 0.44765625 0.87265625 0.009375 0.009375
0 0.4546875 0.63125 0.0125 0.0125
0 0.37578125 0.29375 0.009375 0.009375
0 0.39140625 0.965625 0.0109375 0.0109375