0 0.03203125 0.1515625 0.0234375 0.0234375
0 0.0515625 0.940625 0.103125 0.11875
0 0.31796875 0.46640625 0.04375 0.04375
0 0.615625 0.2375 0.015625 0.015625
0 0.6453125 0.57890625 0.0453125 0.0453125
0 0.46875 0.82890625 0.159375 0.1609375
0 0.38125 0.0609375 0.01875 0.01875
0 0.36640625 0.08125 0.184375 0.1625
0 0.6140625 0.128125 0.078125 0.078125
0 0.4078125 0.51015625 0.2375 0.240625
0 0.45625 0.578125 0.2375 0.240625
0 0.64765625 0.6625 0.1375 0.140625
0 0.9265625 0.6109375 0.03125 0.03125
0 0.81796875 0.70546875 0.071875 0.0734375
0 0.9203125 0.4578125 0.015625 0.015625
0 0.89375 0.7390625 0.015625 0.015625
0 0.834375 0.8421875 0.05 0.0515625
0 0.85625 0.484375 0.009375 0.0109375
0 0.61015625 0.4859375 0.015625 0.015625
0 0.42421875 0.2921875 0.015625 0.015625
0 0.13984375 0.0484375 0.0125 0.0125
0 0.12734375 0.0328125 0.0125 0.0125
0 0.8765625 0.89921875 0.015625 0.015625
0 0.07890625 0.153125 0.0109375 0.0109375
0 0.1109375 0.3625 0.0109375 0.0109375
0 0.25390625 0.35703125 0.0109375 0.0109375
0 0.5453125 0.22109375 0.0125 0.0125
0 0.79609375 0.28828125 0.0109375 0.0109375
0 0.5359375 0.46015625 0.0109375 0.0109375
0 0.353125 0.15703125 0.0125 0.0125
0 0.2609375 0.81015625 0.0140625 0.015625
0 0.2296875 0.75625 0.0109375 0.0109375
0 0.1890625 0.721875 0.0125 0.0125
0 0.8859375 0.7953125 0.015625 0.0140625
0 0.72734375 0.7328125 0.0125 0.0140625
0 0.6609375 0.23515625 0.0109375 0.0109375
0 0.5421875 0.1578125 0.009375 0.009375
0 0.34609375 0.50078125 0.009375 0.009375
0 0.4453125 0.975 0.0109375 0.0109375
0 0.6 0.884375 0.015625 0.015625