0 0.5 0.5 1 1
0 0.9453125 0.2515625 0.0234375 0.025
0 0.978125 0.5625 0.025 0.025
0 0.92734375 0.715625 0.046875 0.046875
0 0.74375 0.84609375 0.0359375 0.0375
0 0.70625 0.725 0.1828125 0.1875
0 0.36875 0.71796875 0.1046875 0.109375
0 0.571875 0.2296875 0.040625 0.0421875
0 0.6625 0.14765625 0.059375 0.0609375
0 0.84296875 0.128125 0.0484375 0.05
0 0.75078125 0.17734375 0.034375 0.0359375
0 0.2984375 0.3171875 0.025 0.0265625
0 0.25390625 0.14375 0.028125 0.028125
0 0.065625 0.22734375 0.0265625 0.028125
0 0.02578125 0.3484375 0.015625 0.015625
0 0.13359375 0.4953125 0.0203125 0.021875
0 0.13046875 0.7734375 0.109375 0.1140625
0 0.0765625 0.02890625 0.015625 0.015625
0 0.1 0.20703125 0.015625 0.015625
0 0.1515625 0.04375 0.015625 0.015625
0 0.21796875 0.19140625 0.0125 0.0125
0 0.7390625 0.05703125 0.015625 0.015625
0 0.7734375 0.12578125 0.0140625 0.0140625
0 0.0546875 0.09375 0.009375 0.0109375
0 0.43359375 0.284375 0.009375 0.0109375
0 0.46484375 0.2578125 0.0125 0.0125
0 0.440625 0.3375 0.0109375 0.0109375
0 0.43984375 0.409375 0.0125 0.0125
0 0.4734375 0.3703125 0.015625 0.015625
0 0.30078125 0.11953125 0.0125 0.0125
0 0.33984375 0.15703125 0.015625 0.015625
0 0.35078125 0.209375 0.0125 0.0125
0 0.31875 0.2203125 0.0125 0.0125
0 0.1484375 0.096875 0.009375 0.0109375
0 0.496875 0.13671875 0.0140625 0.0140625
0 0.1734375 0.06328125 0.0109375 0.0125
0 0.5859375 0.20625 0.0171875 0.0171875
0 0.59296875 0.25234375 0.0140625 0.0140625
0 0.88125 0.2546875 0.0109375 0.0125
0 0.9015625 0.32421875 0.0125 0.0125