0 0.34296875 0.69375 0.046875 0.05
0 0.140625 0.64921875 0.28125 0.3640625
0 0.57421875 0.61875 0.03125 0.0359375
0 0.4125 0.46484375 0.03125 0.034375
0 0.709375 0.82890625 0.2671875 0.29375
0 0.384375 0.325 0.0625 0.06875
0 0.67890625 0.1953125 0.034375 0.0390625
0 0.71015625 0.25546875 0.0171875 0.01875
0 0.7046875 0.50859375 0.009375 0.0125
0 0.67109375 0.13515625 0.009375 0.0109375
0 0.634375 0.0578125 0.0125 0.0125
0 0.77109375 0.525 0.0125 0.0125
0 0.6453125 0.85234375 0.0109375 0.0125
0 0.88125 0.903125 0.01875 0.021875
0 0.6296875 0.790625 0.015625 0.01875
0 0.521875 0.63046875 0.021875 0.025
0 0.42734375 0.7546875 0.0125 0.0140625
0 0.4078125 0.73671875 0.0140625 0.015625
0 0.18671875 0.7109375 0.0125 0.0140625
0 0.16328125 0.9859375 0.046875 0.028125
0 0.428125 0.52578125 0.015625 0.01875
0 0.35625 0.1765625 0.1 0.109375
0 0.08515625 0.56484375 0.015625 0.01875
0 0.628125 0.63203125 0.74375 0.734375
0 0.4875 0.1625 0.0125 0.0125
0 0.49296875 0.1265625 0.0125 0.0140625
0 0.45390625 0.3734375 0.05 0.0546875
0 0.91875 0.328125 0.009375 0.0109375
0 0.8171875 0.21953125 0.0109375 0.0125
0 0.96875 0.96015625 0.0125 0.0140625
0 0.51015625 0.29375 0.0109375 0.0125
0 0.25546875 0.9515625 0.009375 0.0109375
0 0.1015625 0.67109375 0.0109375 0.0125
0 0.2046875 0.5234375 0.0109375 0.0125
0 0.11484375 0.3640625 0.0109375 0.0125