0 0.0921875 0.7875 0.0453125 0.0390625
0 0.15390625 0.98984375 0.0390625 0.0203125
0 0.053125 0.690625 0.075 0.065625
0 0.6046875 0.98203125 0.078125 0.0359375
0 0.690625 0.46953125 0.015625 0.015625
0 0.85703125 0.74765625 0.078125 0.0703125
0 0.434375 0.6140625 0.86875 0.771875
0 0.76015625 0.48046875 0.4796875 0.571875
0 0.6671875 0.6703125 0.01875 0.015625
0 0.64765625 0.19609375 0.04375 0.0375
0 0.7796875 0.1171875 0.028125 0.0234375
0 0.7171875 0.0359375 0.05 0.0453125
0 0.45625 0.1 0.0265625 0.0234375
0 0.58125 0.0140625 0.0578125 0.028125
0 0.6078125 0.01015625 0.0375 0.0203125
0 0.45625 0.16875 0.078125 0.06875
0 0.34765625 0.309375 0.0234375 0.0203125
0 0.28203125 0.0296875 0.0828125 0.059375
0 0.2 0.01484375 0.0390625 0.0296875
0 0.159375 0.1921875 0.0375 0.0328125
0 0.125 0.171875 0.0265625 0.0234375
0 0.6390625 0.884375 0.065625 0.0578125
0 0.6328125 0.09453125 0.0125 0.0125
0 0.73125 0.525 0.0140625 0.0125
0 0.4421875 0.4359375 0.0125 0.0109375
0 0.415625 0.284375 0.0140625 0.0125
0 0.5921875 0.2078125 0.015625 0.0125
0 0.66875 0.65625 0.0109375 0.009375
0 0.39375 0.4171875 0.0125 0.0109375
0 0.22578125 0.5796875 0.0140625 0.0125
0 0.3390625 0.78828125 0.0109375 0.009375