0 0.1578125 0.91484375 0.01875 0.01875
0 0.9125 0.69375 0.03203125 0.03203125
0 0.9015625 0.5515625 0.01171875 0.01171875
0 0.903125 0.4578125 0.0109375 0.0109375
0 0.45078125 0.49921875 0.025 0.025
0 0.38671875 0.5515625 0.01171875 0.01171875
0 0.27421875 0.453125 0.01875 0.01875
0 0.3703125 0.6859375 0.01875 0.01875
0 0.33359375 0.6921875 0.015625 0.015625
0 0.26015625 0.73984375 0.02265625 0.02265625
0 0.02734375 0.4734375 0.05078125 0.05078125
0 0.15546875 0.4953125 0.0171875 0.0171875
0 0.7390625 0.240625 0.0359375 0.0359375
0 0.60234375 0.4078125 0.29296875 0.29296875
0 0.66640625 0.2828125 0.29765625 0.29765625
0 0.6609375 0.1359375 0.0203125 0.0203125
0 0.26953125 0.07109375 0.02421875 0.02421875
0 0.284375 0.04765625 0.0203125 0.0203125
0 0.30234375 0.13203125 0.0140625 0.0140625
0 0.8140625 0.1234375 0.371875 0.24609375
0 0.7125 0.00625 0.01484375 0.0125
0 0.96484375 0.85625 0.0703125 0.121875
0 0.2703125 0.38203125 0.0125 0.0125
0 0.5453125 0.5375 0.0125 0.0125
0 0.4921875 0.534375 0.1296875 0.1296875
0 0.7328125 0.7890625 0.0140625 0.0140625
0 0.95234375 0.003125 0.0109375 0.00625
0 0.80390625 0.62109375 0.0109375 0.0109375
0 0.115625 0.9921875 0.0125 0.0125
0 0.0609375 0.17421875 0.0140625 0.0140625
0 0.8109375 0.10625 0.009375 0.009375
0 0.8109375 0.16875 0.0109375 0.0109375
0 0.14921875 0.1734375 0.0125 0.0125
0 0.284375 0.3296875 0.0109375 0.0109375
0 0.721875 0.3359375 0.0109375 0.0109375
0 0.33515625 0.0046875 0.009375 0.00859375
0 0.23125 0.690625 0.0140625 0.0140625
0 0.14140625 0.85546875 0.0109375 0.0109375