0 0.30625 0.65703125 0.05 0.046875
0 0.35078125 0.859375 0.3640625 0.28125
0 0.38125 0.42578125 0.0359375 0.03125
0 0.53515625 0.5875 0.034375 0.03125
0 0.17109375 0.290625 0.29375 0.2671875
0 0.675 0.615625 0.06875 0.0625
0 0.8046875 0.32109375 0.0390625 0.034375
0 0.74453125 0.28984375 0.01875 0.0171875
0 0.49140625 0.2953125 0.0125 0.009375
0 0.86484375 0.32890625 0.0109375 0.009375
0 0.9421875 0.365625 0.0125 0.0125
0 0.475 0.22890625 0.0125 0.0125
0 0.14765625 0.3546875 0.0125 0.0109375
0 0.096875 0.11875 0.021875 0.01875
0 0.209375 0.3703125 0.01875 0.015625
0 0.36953125 0.478125 0.025 0.021875
0 0.2453125 0.57265625 0.0140625 0.0125
0 0.26328125 0.5921875 0.015625 0.0140625
0 0.2890625 0.81328125 0.0140625 0.0125
0 0.0140625 0.83671875 0.028125 0.046875
0 0.47421875 0.571875 0.01875 0.015625
0 0.8234375 0.64375 0.109375 0.1
0 0.43515625 0.91484375 0.01875 0.015625
0 0.36796875 0.371875 0.7359375 0.74375
0 0.8375 0.5125 0.0125 0.0125
0 0.8734375 0.50703125 0.0140625 0.0125
0 0.6265625 0.54609375 0.0546875 0.05
0 0.671875 0.08125 0.0109375 0.009375
0 0.78046875 0.1828125 0.0125 0.0109375
0 0.03984375 0.03125 0.0140625 0.0125
0 0.70625 0.48984375 0.0125 0.0109375
0 0.0484375 0.74453125 0.0109375 0.009375
0 0.32890625 0.8984375 0.0125 0.0109375
0 0.4765625 0.7953125 0.0125 0.0109375
0 0.6359375 0.88515625 0.0125 0.0109375