0 0.8421875 0.08515625 0.01875 0.01875
0 0.0875 0.30625 0.03125 0.03125
0 0.0984375 0.4484375 0.0125 0.0125
0 0.096875 0.5421875 0.0109375 0.0109375
0 0.54921875 0.50078125 0.025 0.025
0 0.61328125 0.4484375 0.0125 0.0125
0 0.72578125 0.546875 0.01875 0.01875
0 0.6296875 0.3140625 0.01875 0.01875
0 0.66640625 0.3078125 0.015625 0.015625
0 0.73984375 0.26015625 0.021875 0.021875
0 0.97265625 0.5265625 0.05 0.05
0 0.84453125 0.5046875 0.0171875 0.0171875
0 0.2609375 0.759375 0.0359375 0.0359375
0 0.39765625 0.5921875 0.29375 0.29375
0 0.33359375 0.7171875 0.296875 0.296875
0 0.3390625 0.8640625 0.0203125 0.0203125
0 0.73046875 0.92890625 0.025 0.025
0 0.715625 0.95234375 0.0203125 0.0203125
0 0.69765625 0.86796875 0.0140625 0.0140625
0 0.1859375 0.8765625 0.371875 0.246875
0 0.2875 0.99375 0.015625 0.0125
0 0.03515625 0.14375 0.0703125 0.121875
0 0.7296875 0.61796875 0.0125 0.0125
0 0.4546875 0.4625 0.0125 0.0125
0 0.5078125 0.465625 0.1296875 0.1296875
0 0.2671875 0.2109375 0.0140625 0.0140625
0 0.04765625 0.996875 0.0109375 0.00625
0 0.19609375 0.37890625 0.0109375 0.0109375
0 0.884375 0.0078125 0.0125 0.0125
0 0.9390625 0.82578125 0.0140625 0.0140625
0 0.1890625 0.89375 0.009375 0.009375
0 0.1890625 0.83125 0.0109375 0.0109375
0 0.85078125 0.8265625 0.0125 0.0125
0 0.715625 0.6703125 0.0109375 0.0109375
0 0.278125 0.6640625 0.0109375 0.0109375
0 0.66484375 0.9953125 0.009375 0.009375
0 0.76875 0.309375 0.0140625 0.0140625
0 0.85859375 0.14453125 0.0109375 0.0109375