0 0.88359375 0.88203125 0.021875 0.021875
0 0.86640625 0.7484375 0.0203125 0.0203125
0 0.69921875 0.82734375 0.025 0.025
0 0.5984375 0.43671875 0.0328125 0.0328125
0 0.9828125 0.21875 0.01875 0.01875
0 0.5484375 0.1546875 0.0265625 0.028125
0 0.6484375 0.0359375 0.0203125 0.0203125
0 0.69921875 0.59140625 0.01875 0.01875
0 0.57578125 0.2921875 0.8484375 0.584375
0 0.3734375 0.028125 0.0703125 0.05625
0 0.228125 0.05390625 0.190625 0.1078125
0 0.04140625 0.09375 0.0765625 0.078125
0 0.45546875 0.3265625 0.06875 0.0703125
0 0.25 0.4796875 0.034375 0.034375
0 0.18046875 0.675 0.359375 0.478125
0 0.3421875 0.615625 0.021875 0.021875
0 0.15078125 0.95546875 0.0140625 0.0140625
0 0.309375 0.60859375 0.0140625 0.0140625
0 0.95078125 0.7765625 0.0171875 0.0171875
0 0.828125 0.26796875 0.015625 0.015625
0 0.0171875 0.815625 0.0125 0.0125
0 0.49453125 0.94296875 0.015625 0.015625
0 0.80546875 0.92421875 0.0125 0.0140625
0 0.790625 0.8859375 0.0109375 0.0109375
0 0.45234375 0.7828125 0.0109375 0.0109375
0 0.4421875 0.62578125 0.0109375 0.0109375
0 0.43984375 0.60546875 0.0125 0.0125
0 0.7625 0.16953125 0.009375 0.009375
0 0.771875 0.16953125 0.0125 0.0125
0 0.890625 0.6265625 0.015625 0.015625
0 0.88671875 0.57890625 0.009375 0.009375