0 0.45390625 0.96875 0.0890625 0.0625
0 0.13125 0.8046875 0.0203125 0.01875
0 0.6484375 0.88203125 0.03828125 0.0328125
0 0.97578125 0.92421875 0.02421875 0.021875
0 0.87578125 0.81953125 0.0515625 0.0453125
0 0.88125 0.6703125 0.03515625 0.03046875
0 0.94140625 0.60625 0.0296875 0.025
0 0.87109375 0.45625 0.02734375 0.02421875
0 0.7484375 0.2578125 0.01875 0.015625
0 0.8953125 0.203125 0.0203125 0.0171875
0 0.72421875 0.3015625 0.08515625 0.0734375
0 0.49921875 0.3453125 0.08125 0.0703125
0 0.5859375 0.66875 0.06640625 0.0578125
0 0.25078125 0.64609375 0.025 0.02265625
0 0.184375 0.70703125 0.021875 0.01875
0 0.0796875 0.265625 0.159375 0.1734375
0 0.0921875 0.36171875 0.11640625 0.1015625
0 0.01875 0.28515625 0.01875 0.01640625
0 0.534375 0.16953125 0.0203125 0.0171875
0 0.68046875 0.171875 0.0859375 0.075
0 0.67578125 0.12109375 0.01953125 0.01640625
0 0.0828125 0.4859375 0.165625 0.1546875
0 0.81171875 0.109375 0.0203125 0.0171875
0 0.83828125 0.0640625 0.0125 0.0109375
0 0.8078125 0.15390625 0.015625 0.0140625
0 0.91328125 0.38046875 0.0140625 0.0125
0 0.73359375 0.8484375 0.01875 0.01640625
0 0.28046875 0.80859375 0.0125 0.01171875
0 0.365625 0.975 0.01640625 0.01484375
0 0.1375 0.93203125 0.01484375 0.0125
0 0.215625 0.63671875 0.015625 0.0140625
0 0.40234375 0.846875 0.01953125 0.01640625
0 0.334375 0.7 0.015625 0.0140625
0 0.2046875 0.09453125 0.015625 0.0140625
0 0.72890625 0.425 0.01953125 0.01640625
0 0.22421875 0.23203125 0.01171875 0.009375
0 0.02109375 0.72265625 0.0140625 0.01171875
0 0.29140625 0.8578125 0.0125 0.01171875
0 0.47578125 0.8484375 0.01171875 0.0109375
0 0.5625 0.77890625 0.01171875 0.009375
0 0.5578125 0.79453125 0.0125 0.0109375
0 0.3078125 0.865625 0.06640625 0.05859375
0 0.9296875 0.14140625 0.0203125 0.0171875
0 0.84375 0.13515625 0.0171875 0.015625
0 0.85546875 0.08828125 0.01640625 0.01484375
0 0.053125 0.046875 0.015625 0.0140625