0 0.11796875 0.88359375 0.021875 0.021875
0 0.2515625 0.86640625 0.0203125 0.0203125
0 0.17265625 0.69921875 0.025 0.025
0 0.56328125 0.5984375 0.0328125 0.0328125
0 0.78125 0.9828125 0.01875 0.01875
0 0.8453125 0.5484375 0.028125 0.0265625
0 0.9640625 0.6484375 0.0203125 0.0203125
0 0.40859375 0.69921875 0.01875 0.01875
0 0.7078125 0.57578125 0.584375 0.8484375
0 0.971875 0.3734375 0.05625 0.0703125
0 0.94609375 0.228125 0.1078125 0.190625
0 0.90625 0.04140625 0.078125 0.0765625
0 0.6734375 0.45546875 0.0703125 0.06875
0 0.5203125 0.25 0.034375 0.034375
0 0.325 0.18046875 0.478125 0.3609375
0 0.384375 0.3421875 0.021875 0.021875
0 0.04453125 0.15078125 0.0140625 0.0140625
0 0.39140625 0.309375 0.0140625 0.0140625
0 0.2234375 0.95078125 0.0171875 0.0171875
0 0.73203125 0.828125 0.015625 0.015625
0 0.184375 0.0171875 0.0125 0.0125
0 0.05703125 0.49453125 0.015625 0.015625
0 0.07578125 0.80546875 0.0140625 0.0125
0 0.1140625 0.790625 0.0109375 0.0109375
0 0.2171875 0.45234375 0.0109375 0.0109375
0 0.37421875 0.4421875 0.0109375 0.0109375
0 0.39453125 0.43984375 0.0125 0.0125
0 0.83046875 0.7625 0.009375 0.009375
0 0.83046875 0.771875 0.0125 0.0125
0 0.3734375 0.890625 0.015625 0.015625
0 0.42109375 0.88671875 0.009375 0.009375