0 0.1515625 0.96796875 0.0234375 0.0234375
0 0.940625 0.9484375 0.11875 0.103125
0 0.46640625 0.68203125 0.04375 0.04296875
0 0.2375 0.384375 0.01640625 0.01640625
0 0.57890625 0.3546875 0.0453125 0.0453125
0 0.82890625 0.53125 0.1609375 0.159375
0 0.0609375 0.61875 0.01875 0.01875
0 0.08125 0.63359375 0.1625 0.184375
0 0.128125 0.3859375 0.07890625 0.078125
0 0.51015625 0.5921875 0.240625 0.2375
0 0.578125 0.54375 0.240625 0.2375
0 0.6625 0.35234375 0.13984375 0.1375
0 0.6109375 0.0734375 0.03125 0.03125
0 0.70546875 0.18203125 0.0734375 0.071875
0 0.4578125 0.0796875 0.01484375 0.01484375
0 0.7390625 0.10625 0.01484375 0.01484375
0 0.8421875 0.165625 0.0515625 0.05078125
0 0.484375 0.14375 0.0109375 0.009375
0 0.4859375 0.38984375 0.01484375 0.01484375
0 0.2921875 0.57578125 0.01484375 0.01484375
0 0.0484375 0.86015625 0.0125 0.0125
0 0.0328125 0.87265625 0.01171875 0.01171875
0 0.89921875 0.1234375 0.01484375 0.01484375
0 0.153125 0.92109375 0.0109375 0.0109375
0 0.3625 0.8890625 0.0109375 0.0109375
0 0.35703125 0.74609375 0.0109375 0.0109375
0 0.22109375 0.4546875 0.0125 0.0125
0 0.28828125 0.20390625 0.0109375 0.0109375
0 0.46015625 0.4640625 0.0109375 0.0109375
0 0.15703125 0.646875 0.0125 0.01171875
0 0.81015625 0.7390625 0.01484375 0.0140625
0 0.75625 0.7703125 0.0109375 0.0109375
0 0.721875 0.8109375 0.01171875 0.01171875
0 0.7953125 0.1140625 0.01484375 0.01484375
0 0.7328125 0.27265625 0.0140625 0.0125
0 0.23515625 0.3390625 0.0109375 0.0109375
0 0.1578125 0.4578125 0.009375 0.009375
0 0.50078125 0.65390625 0.009375 0.009375
0 0.975 0.5546875 0.0109375 0.0109375
0 0.884375 0.4 0.015625 0.015625