0 0.54609375 0.03125 0.0890625 0.0625
0 0.86875 0.1953125 0.0203125 0.01875
0 0.3515625 0.11796875 0.0375 0.0328125
0 0.02421875 0.07578125 0.025 0.021875
0 0.12421875 0.18046875 0.0515625 0.0453125
0 0.11875 0.3296875 0.034375 0.03125
0 0.05859375 0.39375 0.0296875 0.025
0 0.12890625 0.54375 0.028125 0.025
0 0.2515625 0.7421875 0.01875 0.015625
0 0.1046875 0.796875 0.0203125 0.0171875
0 0.27578125 0.6984375 0.084375 0.0734375
0 0.50078125 0.6546875 0.08125 0.0703125
0 0.4140625 0.33125 0.065625 0.0578125
0 0.74921875 0.35390625 0.025 0.021875
0 0.815625 0.29296875 0.021875 0.01875
0 0.9203125 0.734375 0.159375 0.1734375
0 0.9078125 0.63828125 0.115625 0.1015625
0 0.98125 0.71484375 0.01875 0.015625
0 0.465625 0.83046875 0.0203125 0.0171875
0 0.31953125 0.828125 0.0859375 0.075
0 0.32421875 0.87890625 0.01875 0.015625
0 0.9171875 0.5140625 0.165625 0.1546875
0 0.18828125 0.890625 0.0203125 0.0171875
0 0.16171875 0.9359375 0.0125 0.0109375
0 0.1921875 0.84609375 0.015625 0.0140625
0 0.08671875 0.61953125 0.0140625 0.0125
0 0.26640625 0.1515625 0.01875 0.015625
0 0.71953125 0.19140625 0.0125 0.0125
0 0.634375 0.025 0.015625 0.015625
0 0.8625 0.06796875 0.015625 0.0125
0 0.784375 0.36328125 0.015625 0.0140625
0 0.59765625 0.153125 0.01875 0.015625
0 0.665625 0.3 0.015625 0.0140625
0 0.7953125 0.90546875 0.015625 0.0140625
0 0.27109375 0.575 0.01875 0.015625
0 0.77578125 0.76796875 0.0125 0.009375
0 0.97890625 0.27734375 0.0140625 0.0125
0 0.70859375 0.1421875 0.0125 0.0125
0 0.52421875 0.1515625 0.0125 0.0109375
0 0.4375 0.22109375 0.0125 0.009375
0 0.4421875 0.20546875 0.0125 0.0109375
0 0.6921875 0.134375 0.065625 0.059375
0 0.0703125 0.85859375 0.0203125 0.0171875
0 0.15625 0.86484375 0.0171875 0.015625
0 0.14453125 0.91171875 0.015625 0.015625
0 0.946875 0.953125 0.015625 0.0140625