0 0.69375 0.65703125 0.05078125 0.04609375
0 0.64921875 0.859375 0.3640625 0.28125
0 0.61875 0.42578125 0.0359375 0.03203125
0 0.46484375 0.5875 0.03515625 0.03203125
0 0.82890625 0.290625 0.29375 0.2671875
0 0.325 0.615625 0.06875 0.0625
0 0.1953125 0.32109375 0.0390625 0.03515625
0 0.25546875 0.28984375 0.01953125 0.0171875
0 0.50859375 0.2953125 0.01171875 0.009375
0 0.13515625 0.32890625 0.0109375 0.009375
0 0.0578125 0.365625 0.0125 0.01171875
0 0.525 0.22890625 0.0125 0.01171875
0 0.85234375 0.3546875 0.0125 0.0109375
0 0.903125 0.11875 0.021875 0.01953125
0 0.790625 0.3703125 0.01875 0.01640625
0 0.63046875 0.478125 0.02421875 0.02265625
0 0.7546875 0.57265625 0.0140625 0.01171875
0 0.73671875 0.5921875 0.015625 0.0140625
0 0.7109375 0.81328125 0.0140625 0.0125
0 0.9859375 0.83671875 0.028125 0.04609375
0 0.52578125 0.571875 0.01875 0.01640625
0 0.1765625 0.64375 0.11015625 0.1
0 0.56484375 0.91484375 0.01875 0.01640625
0 0.63203125 0.371875 0.73515625 0.74375
0 0.1625 0.5125 0.0125 0.01171875
0 0.1265625 0.50703125 0.0140625 0.0125
0 0.3734375 0.54609375 0.0546875 0.05
0 0.328125 0.08125 0.0109375 0.009375
0 0.21953125 0.1828125 0.01171875 0.0109375
0 0.96015625 0.03125 0.0140625 0.0125
0 0.29375 0.48984375 0.01171875 0.0109375
0 0.9515625 0.74453125 0.0109375 0.009375
0 0.67109375 0.8984375 0.0125 0.0109375
0 0.5234375 0.7953125 0.0125 0.0109375
0 0.3640625 0.88515625 0.01171875 0.0109375