0 0.9859375 0.79765625 0.02734375 0.03203125
0 0.56953125 0.921875 0.01875 0.0171875
0 0.584375 0.87265625 0.01875 0.0171875
0 0.66640625 0.75546875 0.01640625 0.015625
0 0.121875 0.6140625 0.03046875 0.0296875
0 0.0390625 0.88359375 0.078125 0.075
0 0.159375 0.8921875 0.08515625 0.08203125
0 0.0875 0.7625 0.128125 0.121875
0 0.065625 0.85234375 0.13125 0.2515625
0 0.53203125 0.6875 0.9328125 0.625
0 0.0890625 0.084375 0.0375 0.03515625
0 0.32890625 0.05546875 0.1109375 0.10625
0 0.36015625 0.2984375 0.0171875 0.01640625
0 0.4125 0.45078125 0.0265625 0.02421875
0 0.57890625 0.41328125 0.01640625 0.015625
0 0.84375 0.290625 0.0203125 0.01953125
0 0.703125 0.0890625 0.0171875 0.01640625
0 0.6671875 0.0953125 0.0203125 0.01953125
0 0.175 0.33828125 0.01875 0.0171875
0 0.48984375 0.175 0.015625 0.01484375
0 0.2859375 0.53828125 0.0140625 0.0125
0 0.9546875 0.2625 0.0125 0.01171875
0 0.3875 0.7640625 0.01640625 0.015625
0 0.9640625 0.046875 0.01171875 0.01171875
0 0.24296875 0.8890625 0.01640625 0.015625
0 0.28828125 0.9578125 0.01953125 0.01875
0 0.23125 0.8765625 0.01484375 0.0140625
0 0.87109375 0.065625 0.01171875 0.01171875
0 0.98359375 0.4390625 0.0109375 0.01171875
0 0.6265625 0.3625 0.0140625 0.0125
0 0.46484375 0.45625 0.01171875 0.01171875
0 0.45859375 0.57421875 0.0140625 0.0125
0 0.31171875 0.5515625 0.0109375 0.009375
0 0.12265625 0.43984375 0.01484375 0.0140625
0 0.0734375 0.34375 0.0109375 0.009375
0 0.04453125 0.33671875 0.0109375 0.009375
0 0.00859375 0.58984375 0.0125 0.01171875
0 0.23125 0.64296875 0.009375 0.009375
0 0.3640625 0.8140625 0.01171875 0.0109375
0 0.18046875 0.80546875 0.0109375 0.0109375
0 0.2234375 0.8640625 0.01171875 0.01171875
0 0.21171875 0.8796875 0.0234375 0.02265625
0 0.2203125 0.9 0.01875 0.01875
0 0.2640625 0.940625 0.0171875 0.01640625
0 0.2734375 0.95859375 0.01171875 0.01171875
0 0.14140625 0.95 0.01171875 0.0109375
0 0.2921875 0.9734375 0.01875 0.0171875
0 0.3015625 0.98359375 0.02265625 0.021875
0 0.3 0.9890625 0.02265625 0.021875
0 0.728125 0.8765625 0.0109375 0.0109375
0 0.646875 0.96953125 0.01171875 0.0109375
0 0.48203125 0.9484375 0.0109375 0.0109375
0 0.52578125 0.9015625 0.01484375 0.0140625
0 0.4359375 0.99296875 0.0140625 0.0140625
0 0.56328125 0.971875 0.0140625 0.0140625
0 0.5578125 0.96171875 0.01875 0.0171875
0 0.58515625 0.75703125 0.0109375 0.009375
0 0.5328125 0.68515625 0.01171875 0.0109375
0 0.83125 0.6109375 0.0125 0.01171875
0 0.915625 0.64296875 0.009375 0.009375
0 0.99140625 0.76640625 0.01484375 0.0140625
0 0.990625 0.534375 0.01875 0.0171875