0 0.79765625 0.0140625 0.03125 0.028125
0 0.921875 0.43046875 0.0171875 0.01875
0 0.87265625 0.415625 0.0171875 0.01875
0 0.75546875 0.33359375 0.015625 0.015625
0 0.6140625 0.878125 0.0296875 0.03125
0 0.88359375 0.9609375 0.075 0.078125
0 0.8921875 0.840625 0.08125 0.0859375
0 0.7625 0.9125 0.121875 0.128125
0 0.85234375 0.934375 0.2515625 0.13125
0 0.6875 0.46796875 0.625 0.9328125
0 0.084375 0.9109375 0.034375 0.0375
0 0.05546875 0.67109375 0.10625 0.1109375
0 0.2984375 0.63984375 0.015625 0.0171875
0 0.45078125 0.5875 0.025 0.0265625
0 0.41328125 0.42109375 0.015625 0.015625
0 0.290625 0.15625 0.01875 0.0203125
0 0.0890625 0.296875 0.015625 0.0171875
0 0.0953125 0.3328125 0.01875 0.0203125
0 0.33828125 0.825 0.0171875 0.01875
0 0.175 0.51015625 0.015625 0.015625
0 0.53828125 0.7140625 0.0125 0.0140625
0 0.2625 0.0453125 0.0125 0.0125
0 0.7640625 0.6125 0.015625 0.015625
0 0.046875 0.0359375 0.0125 0.0125
0 0.8890625 0.75703125 0.015625 0.015625
0 0.9578125 0.71171875 0.01875 0.01875
0 0.8765625 0.76875 0.0140625 0.015625
0 0.065625 0.12890625 0.0125 0.0125
0 0.4390625 0.01640625 0.0125 0.0109375
0 0.3625 0.3734375 0.0125 0.0140625
0 0.45625 0.53515625 0.0125 0.0125
0 0.57421875 0.54140625 0.0125 0.0140625
0 0.5515625 0.68828125 0.009375 0.0109375
0 0.43984375 0.87734375 0.0140625 0.015625
0 0.34375 0.9265625 0.009375 0.0109375
0 0.33671875 0.95546875 0.009375 0.0109375
0 0.58984375 0.99140625 0.0125 0.0125
0 0.64296875 0.76875 0.009375 0.009375
0 0.8140625 0.6359375 0.0109375 0.0125
0 0.80546875 0.81953125 0.0109375 0.0109375
0 0.8640625 0.7765625 0.0125 0.0125
0 0.8796875 0.78828125 0.021875 0.0234375
0 0.9 0.7796875 0.01875 0.01875
0 0.940625 0.7359375 0.015625 0.0171875
0 0.95859375 0.7265625 0.0125 0.0125
0 0.95 0.85859375 0.0109375 0.0125
0 0.9734375 0.7078125 0.0171875 0.01875
0 0.98359375 0.6984375 0.021875 0.021875
0 0.9890625 0.7 0.021875 0.021875
0 0.8765625 0.271875 0.0109375 0.0109375
0 0.96953125 0.353125 0.0109375 0.0125
0 0.9484375 0.51796875 0.0109375 0.0109375
0 0.9015625 0.47421875 0.0140625 0.015625
0 0.99296875 0.5640625 0.0140625 0.0140625
0 0.971875 0.43671875 0.0140625 0.0140625
0 0.96171875 0.4421875 0.0171875 0.01875
0 0.75703125 0.41484375 0.009375 0.0109375
0 0.68515625 0.4671875 0.0109375 0.0125
0 0.6109375 0.16875 0.0125 0.0125
0 0.64296875 0.084375 0.009375 0.009375
0 0.76640625 0.00859375 0.0140625 0.015625
0 0.534375 0.009375 0.0171875 0.01875