0 0.865625 0.8390625 0.040625 0.03828125
0 0.15546875 0.98515625 0.03125 0.0296875
0 0.109375 0.94375 0.0234375 0.021875
0 0.4 0.846875 0.51640625 0.30625
0 0.115625 0.7640625 0.028125 0.0265625
0 0.2609375 0.2515625 0.03046875 0.028125
0 0.09921875 0.1046875 0.0765625 0.07109375
0 0.19609375 0.08515625 0.1890625 0.1703125
0 0.39765625 0.43671875 0.0546875 0.0515625
0 0.53203125 0.49296875 0.03828125 0.0359375
0 0.7921875 0.31015625 0.03515625 0.0328125
0 0.8140625 0.5796875 0.128125 0.1203125
0 0.884375 0.08515625 0.03046875 0.0296875
0 0.8515625 0.08828125 0.03046875 0.0296875
0 0.784375 0.0078125 0.0328125 0.015625
0 0.66640625 0.22734375 0.025 0.02421875
0 0.81875 0.2125 0.0125 0.01171875
0 0.52890625 0.34453125 0.01171875 0.0109375
0 0.528125 0.075 0.0140625 0.0125
0 0.5046875 0.4078125 0.0203125 0.01875
0 0.3171875 0.32109375 0.01640625 0.015625
0 0.27421875 0.00703125 0.01484375 0.0140625
0 0.1265625 0.22890625 0.021875 0.0203125
0 0.36796875 0.2609375 0.0171875 0.01640625
0 0.00625 0.1375 0.01171875 0.0109375
0 0.628125 0.69609375 0.01171875 0.01171875
0 0.4640625 0.82734375 0.0234375 0.021875
0 0.475 0.85390625 0.0109375 0.0109375
0 0.803125 0.9578125 0.0140625 0.0140625
0 0.990625 0.50078125 0.0125 0.01171875
0 0.7140625 0.0453125 0.0109375 0.0109375
0 0.70703125 0.00390625 0.0140625 0.0078125
0 0.2640625 0.1515625 0.0140625 0.0140625
0 0.6421875 0.215625 0.0125 0.01171875
0 0.63515625 0.25 0.01484375 0.0140625
0 0.4640625 0.23515625 0.0171875 0.01640625
0 0.79609375 0.4 0.0125 0.01171875
0 0.546875 0.4234375 0.0125 0.0125
0 0.6140625 0.34140625 0.01171875 0.01171875
0 0.95859375 0.53203125 0.0140625 0.0125
0 0.46484375 0.93046875 0.0109375 0.009375
0 0.4109375 0.82734375 0.0109375 0.009375
0 0.0796875 0.90703125 0.0140625 0.0125
0 0.3890625 0.24609375 0.01484375 0.0140625
0 0.65625 0.34453125 0.01953125 0.01875
0 0.596875 0.29375 0.0203125 0.01953125
0 0.4546875 0.05703125 0.0109375 0.009375
0 0.51796875 0.0046875 0.0109375 0.009375
0 0.07734375 0.34453125 0.015625 0.01484375
0 0.67109375 0.35234375 0.02421875 0.02265625
0 0.68671875 0.34609375 0.01953125 0.01875
0 0.73359375 0.3875 0.0171875 0.01640625
0 0.8609375 0.36328125 0.02734375 0.025
0 0.96640625 0.46796875 0.0125 0.01171875
0 0.91875 0.434375 0.02265625 0.021875
0 0.903125 0.4390625 0.02265625 0.021875
0 0.85859375 0.43046875 0.03125 0.0296875
0 0.8625 0.51640625 0.02421875 0.02265625
0 0.690625 0.7578125 0.01171875 0.0109375
0 0.5609375 0.58984375 0.015625 0.01484375
0 0.03984375 0.771875 0.0109375 0.0109375
0 0.1515625 0.8203125 0.01953125 0.01875
0 0.51171875 0.9578125 0.01171875 0.0109375
0 0.72109375 0.9203125 0.015625 0.01484375
0 0.025 0.8296875 0.02265625 0.0203125