0 0.4796875 0.66640625 0.0359375 0.0328125
0 0.59453125 0.7046875 0.08515625 0.078125
0 0.72578125 0.771875 0.040625 0.0375
0 0.85625 0.265625 0.0578125 0.053125
0 0.76640625 0.45546875 0.02421875 0.02265625
0 0.7421875 0.44296875 0.0265625 0.02421875
0 0.490625 0.49765625 0.03359375 0.03046875
0 0.43984375 0.37421875 0.28125 0.25859375
0 0.23515625 0.265625 0.03828125 0.03515625
0 0.08046875 0.32734375 0.02421875 0.02265625
0 0.2578125 0.5 0.0265625 0.0234375
0 0.0921875 0.0328125 0.03125 0.0296875
0 0.034375 0.0796875 0.0265625 0.02421875
0 0.078125 0.13359375 0.0125 0.01171875
0 0.096875 0.15859375 0.0125 0.01171875
0 0.1375 0.17109375 0.0109375 0.009375
0 0.34609375 0.04609375 0.01484375 0.0140625
0 0.70390625 0.0484375 0.0171875 0.015625
0 0.7953125 0.4859375 0.0140625 0.0125
0 0.7046875 0.5359375 0.01171875 0.0109375
0 0.6390625 0.234375 0.01171875 0.0109375
0 0.64609375 0.32265625 0.01484375 0.0125
0 0.61328125 0.45390625 0.0125 0.01171875
0 0.5171875 0.26328125 0.01875 0.0171875
0 0.22109375 0.65546875 0.0171875 0.015625
0 0.146875 0.46328125 0.01953125 0.0171875
0 0.08203125 0.4421875 0.0140625 0.01171875
0 0.06796875 0.4125 0.0125 0.01171875
0 0.02890625 0.35078125 0.0125 0.01171875
0 0.00625 0.37578125 0.0125 0.01171875
0 0.1578125 0.85 0.0234375 0.021875
0 0.97109375 0.93359375 0.01171875 0.0109375
0 0.53671875 0.08203125 0.01171875 0.0109375
0 0.28359375 0.275 0.01171875 0.0109375
0 0.97421875 0.7984375 0.01171875 0.0109375
0 0.6109375 0.0328125 0.0109375 0.009375
0 0.13359375 0.68828125 0.0125 0.01171875
0 0.2671875 0.58828125 0.01640625 0.015625
0 0.3859375 0.71953125 0.015625 0.0140625
0 0.059375 0.87265625 0.0109375 0.009375
0 0.06953125 0.0421875 0.015625 0.01484375
0 0.8703125 0.03125 0.2109375 0.0625