0 0.140625 0.13125 0.28125 0.2625
0 0.29375 0.8203125 0.025 0.021875
0 0.4859375 0.45234375 0.0421875 0.0375
0 0.24609375 0.53984375 0.01875 0.015625
0 0.24609375 0.75859375 0.4921875 0.4828125
0 0.6921875 0.66015625 0.615625 0.6796875
0 0.809375 0.865625 0.0359375 0.03125
0 0.08359375 0.98125 0.0125 0.0125
0 0.25078125 0.75 0.021875 0.01875
0 0.234375 0.71796875 0.0140625 0.0125
0 0.3578125 0.06328125 0.015625 0.015625
0 0.8015625 0.50078125 0.0109375 0.009375
0 0.46484375 0.5953125 0.028125 0.025
0 0.97265625 0.33515625 0.028125 0.025
0 0.03203125 0.7015625 0.01875 0.015625
0 0.50625 0.8984375 0.28125 0.203125
0 0.9171875 0.53828125 0.0125 0.0125
0 0.50625 0.67265625 0.0125 0.0109375
0 0.71484375 0.30546875 0.0125 0.009375
0 0.90625 0.19453125 0.0140625 0.0125
0 0.97109375 0.41796875 0.0125 0.0125
0 0.63203125 0.42578125 0.0375 0.0328125
0 0.7234375 0.553125 0.0171875 0.015625