0 0.865625 0.1609375 0.040625 0.0375
0 0.15546875 0.01484375 0.03125 0.0296875
0 0.109375 0.05625 0.0234375 0.021875
0 0.4 0.153125 0.515625 0.30625
0 0.115625 0.2359375 0.028125 0.0265625
0 0.2609375 0.7484375 0.03125 0.028125
0 0.09921875 0.8953125 0.0765625 0.071875
0 0.19609375 0.91484375 0.1890625 0.1703125
0 0.39765625 0.56328125 0.0546875 0.0515625
0 0.53203125 0.50703125 0.0375 0.0359375
0 0.7921875 0.68984375 0.034375 0.0328125
0 0.8140625 0.4203125 0.128125 0.1203125
0 0.884375 0.91484375 0.03125 0.0296875
0 0.8515625 0.91171875 0.03125 0.0296875
0 0.784375 0.9921875 0.0328125 0.015625
0 0.66640625 0.77265625 0.025 0.025
0 0.81875 0.7875 0.0125 0.0125
0 0.52890625 0.65546875 0.0125 0.0109375
0 0.528125 0.925 0.0140625 0.0125
0 0.5046875 0.5921875 0.0203125 0.01875
0 0.3171875 0.67890625 0.015625 0.015625
0 0.27421875 0.99296875 0.015625 0.0140625
0 0.1265625 0.77109375 0.021875 0.0203125
0 0.36796875 0.7390625 0.0171875 0.015625
0 0.00625 0.8625 0.0125 0.0109375
0 0.628125 0.30390625 0.0125 0.0125
0 0.4640625 0.17265625 0.0234375 0.021875
0 0.475 0.14609375 0.0109375 0.0109375
0 0.803125 0.0421875 0.0140625 0.0140625
0 0.990625 0.49921875 0.0125 0.0125
0 0.7140625 0.9546875 0.0109375 0.0109375
0 0.70703125 0.99609375 0.0140625 0.0078125
0 0.2640625 0.8484375 0.0140625 0.0140625
0 0.6421875 0.784375 0.0125 0.0125
0 0.63515625 0.75 0.015625 0.0140625
0 0.4640625 0.76484375 0.0171875 0.015625
0 0.79609375 0.6 0.0125 0.0125
0 0.546875 0.5765625 0.0125 0.0125
0 0.6140625 0.65859375 0.0125 0.0125
0 0.95859375 0.46796875 0.0140625 0.0125
0 0.46484375 0.06953125 0.0109375 0.009375
0 0.4109375 0.17265625 0.0109375 0.009375
0 0.0796875 0.09296875 0.0140625 0.0125
0 0.3890625 0.75390625 0.015625 0.0140625
0 0.65625 0.65546875 0.01875 0.01875
0 0.596875 0.70625 0.0203125 0.01875
0 0.4546875 0.94296875 0.0109375 0.009375
0 0.51796875 0.9953125 0.0109375 0.009375
0 0.07734375 0.65546875 0.015625 0.015625
0 0.67109375 0.64765625 0.025 0.021875
0 0.68671875 0.65390625 0.01875 0.01875
0 0.73359375 0.6125 0.0171875 0.015625
0 0.8609375 0.63671875 0.028125 0.025
0 0.96640625 0.53203125 0.0125 0.0125
0 0.91875 0.565625 0.021875 0.021875
0 0.903125 0.5609375 0.021875 0.021875
0 0.85859375 0.56953125 0.03125 0.0296875
0 0.8625 0.48359375 0.025 0.021875
0 0.690625 0.2421875 0.0125 0.0109375
0 0.5609375 0.41015625 0.015625 0.015625
0 0.03984375 0.228125 0.0109375 0.0109375
0 0.1515625 0.1796875 0.01875 0.01875
0 0.51171875 0.0421875 0.0125 0.0109375
0 0.72109375 0.0796875 0.015625 0.015625
0 0.025 0.1703125 0.021875 0.0203125