0 0.98046875 0.20234375 0.028125 0.03125
0 0.56015625 0.07734375 0.01875 0.0171875
0 0.575 0.12578125 0.01875 0.0171875
0 0.65703125 0.2421875 0.015625 0.015625
0 0.121875 0.3859375 0.03125 0.0296875
0 0.0390625 0.11640625 0.078125 0.075
0 0.159375 0.1078125 0.084375 0.0828125
0 0.0875 0.2375 0.128125 0.121875
0 0.065625 0.14765625 0.13125 0.2515625
0 0.5640625 0.29140625 0.871875 0.5828125
0 0.0796875 0.915625 0.0375 0.034375
0 0.32890625 0.94453125 0.1109375 0.10625
0 0.35859375 0.703125 0.0171875 0.015625
0 0.40390625 0.5484375 0.0265625 0.025
0 0.56953125 0.58671875 0.015625 0.015625
0 0.846875 0.71015625 0.0203125 0.01875
0 0.70390625 0.91171875 0.0171875 0.015625
0 0.66484375 0.90390625 0.0203125 0.01875
0 0.1734375 0.66484375 0.01875 0.0171875
0 0.5 0.82265625 0.015625 0.015625
0 0.27421875 0.46171875 0.0140625 0.0125
0 0.95390625 0.73515625 0.0125 0.0125
0 0.37421875 0.2390625 0.015625 0.015625
0 0.9671875 0.95234375 0.0125 0.0125
0 0.24296875 0.1109375 0.015625 0.015625
0 0.27890625 0.04140625 0.01875 0.01875
0 0.23125 0.1234375 0.015625 0.0140625
0 0.86484375 0.93515625 0.0125 0.0125
0 0.98359375 0.5609375 0.0109375 0.0125
0 0.61875 0.6375 0.0140625 0.0125
0 0.45546875 0.54375 0.0125 0.0125
0 0.45 0.425 0.0140625 0.0125
0 0.31171875 0.43828125 0.0109375 0.009375
0 0.115625 0.559375 0.015625 0.0140625
0 0.07265625 0.659375 0.0109375 0.009375
0 0.0453125 0.66328125 0.0109375 0.009375
0 0.0046875 0.41015625 0.00625 0.0125
0 0.23125 0.34453125 0.009375 0.009375
0 0.36796875 0.17109375 0.0125 0.0109375
0 0.1828125 0.18046875 0.0109375 0.0109375
0 0.2234375 0.1359375 0.0125 0.0125
0 0.21171875 0.1203125 0.0234375 0.021875
0 0.2203125 0.1 0.01875 0.01875
0 0.25703125 0.059375 0.0171875 0.015625
0 0.2734375 0.04140625 0.0125 0.0125
0 0.1453125 0.0421875 0.0125 0.0109375
0 0.2921875 0.0265625 0.01875 0.0171875
0 0.29140625 0.01640625 0.021875 0.021875
0 0.29296875 0.0109375 0.021875 0.021875
0 0.728125 0.1234375 0.0109375 0.0109375
0 0.646875 0.03046875 0.0125 0.0109375
0 0.4859375 0.03671875 0.0109375 0.0109375
0 0.51875 0.096875 0.015625 0.0140625
0 0.42890625 0.00703125 0.0140625 0.0140625
0 0.55625 0.028125 0.0140625 0.0140625
0 0.54921875 0.0359375 0.01875 0.0171875
0 0.5859375 0.228125 0.0109375 0.009375
0 0.53828125 0.3 0.0125 0.0109375
0 0.825 0.38828125 0.0125 0.0125
0 0.91640625 0.3453125 0.009375 0.009375
0 0.98359375 0.23359375 0.015625 0.0140625
0 0.8265625 0.89921875 0.009375 0.009375