0 0.01953125 0.20234375 0.028125 0.03125
0 0.43984375 0.07734375 0.01875 0.0171875
0 0.425 0.12578125 0.01875 0.0171875
0 0.34296875 0.2421875 0.015625 0.015625
0 0.878125 0.3859375 0.03125 0.0296875
0 0.9609375 0.11640625 0.078125 0.075
0 0.840625 0.1078125 0.0859375 0.0828125
0 0.9125 0.2375 0.128125 0.121875
0 0.934375 0.14765625 0.13125 0.2515625
0 0.4359375 0.29140625 0.871875 0.5828125
0 0.9203125 0.915625 0.0375 0.034375
0 0.67109375 0.94453125 0.1109375 0.10625
0 0.64140625 0.703125 0.0171875 0.015625
0 0.59609375 0.5484375 0.0265625 0.025
0 0.43046875 0.58671875 0.015625 0.015625
0 0.153125 0.71015625 0.0203125 0.01875
0 0.29609375 0.91171875 0.0171875 0.015625
0 0.33515625 0.90390625 0.0203125 0.01875
0 0.8265625 0.66484375 0.01875 0.0171875
0 0.5 0.82265625 0.015625 0.015625
0 0.72578125 0.46171875 0.0140625 0.0125
0 0.04609375 0.73515625 0.0125 0.0125
0 0.62578125 0.2390625 0.015625 0.015625
0 0.0328125 0.95234375 0.0125 0.0125
0 0.75703125 0.1109375 0.015625 0.015625
0 0.72109375 0.04140625 0.01875 0.01875
0 0.76875 0.1234375 0.015625 0.0140625
0 0.13515625 0.93515625 0.0125 0.0125
0 0.01640625 0.5609375 0.0109375 0.0125
0 0.38125 0.6375 0.0140625 0.0125
0 0.54453125 0.54375 0.0125 0.0125
0 0.55 0.425 0.0140625 0.0125
0 0.68828125 0.43828125 0.0109375 0.009375
0 0.884375 0.559375 0.015625 0.0140625
0 0.92734375 0.659375 0.0109375 0.009375
0 0.9546875 0.66328125 0.0109375 0.009375
0 0.9953125 0.41015625 0.00625 0.0125
0 0.76875 0.34453125 0.009375 0.009375
0 0.63203125 0.17109375 0.0125 0.0109375
0 0.8171875 0.18046875 0.0109375 0.0109375
0 0.7765625 0.1359375 0.0125 0.0125
0 0.78828125 0.1203125 0.0234375 0.021875
0 0.7796875 0.1 0.01875 0.01875
0 0.74296875 0.059375 0.0171875 0.015625
0 0.7265625 0.04140625 0.0125 0.0125
0 0.8546875 0.0421875 0.0125 0.0109375
0 0.7078125 0.0265625 0.01875 0.0171875
0 0.70859375 0.01640625 0.021875 0.021875
0 0.70703125 0.0109375 0.021875 0.021875
0 0.271875 0.1234375 0.0109375 0.0109375
0 0.353125 0.03046875 0.0125 0.0109375
0 0.5140625 0.03671875 0.0109375 0.0109375
0 0.48125 0.096875 0.015625 0.0140625
0 0.57109375 0.00703125 0.0140625 0.0140625
0 0.44375 0.028125 0.0140625 0.0140625
0 0.45078125 0.0359375 0.01875 0.0171875
0 0.4140625 0.228125 0.0109375 0.009375
0 0.46171875 0.3 0.0125 0.0109375
0 0.175 0.38828125 0.0125 0.0125
0 0.08359375 0.3453125 0.009375 0.009375
0 0.01640625 0.23359375 0.015625 0.0140625
0 0.1734375 0.89921875 0.009375 0.009375