0 0.66640625 0.5203125 0.0328125 0.0359375
0 0.7046875 0.40546875 0.078125 0.084375
0 0.771875 0.27421875 0.0375 0.040625
0 0.265625 0.14375 0.053125 0.0578125
0 0.45546875 0.23359375 0.021875 0.025
0 0.44296875 0.2578125 0.025 0.0265625
0 0.49765625 0.509375 0.03125 0.034375
0 0.37421875 0.56015625 0.259375 0.28125
0 0.265625 0.76484375 0.034375 0.0375
0 0.32734375 0.91953125 0.021875 0.025
0 0.5 0.7421875 0.0234375 0.0265625
0 0.0328125 0.9078125 0.0296875 0.03125
0 0.0796875 0.965625 0.025 0.0265625
0 0.13359375 0.921875 0.0125 0.0125
0 0.15859375 0.903125 0.0125 0.0125
0 0.17109375 0.8625 0.009375 0.0109375
0 0.04609375 0.65390625 0.0140625 0.015625
0 0.0484375 0.29609375 0.015625 0.0171875
0 0.4859375 0.2046875 0.0125 0.0140625
0 0.5359375 0.2953125 0.0109375 0.0125
0 0.234375 0.3609375 0.0109375 0.0125
0 0.32265625 0.35390625 0.0125 0.015625
0 0.45390625 0.38671875 0.0125 0.0125
0 0.26328125 0.4828125 0.0171875 0.01875
0 0.65546875 0.77890625 0.015625 0.0171875
0 0.46328125 0.853125 0.0171875 0.01875
0 0.4421875 0.91796875 0.0125 0.0140625
0 0.4125 0.93203125 0.0125 0.0125
0 0.35078125 0.97109375 0.0125 0.0125
0 0.37578125 0.99375 0.0125 0.0125
0 0.85 0.8421875 0.021875 0.0234375
0 0.93359375 0.02890625 0.0109375 0.0125
0 0.08203125 0.46328125 0.0109375 0.0125
0 0.275 0.71640625 0.0109375 0.0125
0 0.7984375 0.02578125 0.0109375 0.0125
0 0.0328125 0.3890625 0.009375 0.0109375
0 0.68828125 0.86640625 0.0125 0.0125
0 0.58828125 0.7328125 0.015625 0.015625
0 0.71953125 0.6140625 0.0140625 0.015625
0 0.87265625 0.940625 0.009375 0.0109375
0 0.0421875 0.93046875 0.015625 0.015625
0 0.03125 0.1296875 0.0625 0.2109375