0 0.859375 0.13125 0.28125 0.2625
0 0.70625 0.8203125 0.025 0.021875
0 0.5140625 0.45234375 0.0421875 0.0375
0 0.75390625 0.53984375 0.01875 0.015625
0 0.75390625 0.75859375 0.4921875 0.4828125
0 0.3078125 0.66015625 0.615625 0.6796875
0 0.190625 0.865625 0.0359375 0.03125
0 0.91640625 0.98125 0.0125 0.0125
0 0.74921875 0.75 0.021875 0.01875
0 0.765625 0.71796875 0.0140625 0.0125
0 0.6421875 0.06328125 0.015625 0.015625
0 0.1984375 0.50078125 0.0109375 0.009375
0 0.53515625 0.5953125 0.028125 0.025
0 0.02734375 0.33515625 0.028125 0.025
0 0.96796875 0.7015625 0.01875 0.015625
0 0.49375 0.8984375 0.28125 0.203125
0 0.0828125 0.53828125 0.0125 0.0125
0 0.49375 0.67265625 0.0125 0.0109375
0 0.28515625 0.30546875 0.0125 0.009375
0 0.09375 0.19453125 0.0140625 0.0125
0 0.02890625 0.41796875 0.0125 0.0125
0 0.36796875 0.42578125 0.0375 0.0328125
0 0.2765625 0.553125 0.0171875 0.015625