0 0.859375 0.86875 0.28125 0.2625
0 0.70625 0.1796875 0.02421875 0.02265625
0 0.5140625 0.54765625 0.0421875 0.03828125
0 0.75390625 0.46015625 0.01875 0.01640625
0 0.75390625 0.24140625 0.4921875 0.4828125
0 0.3078125 0.33984375 0.615625 0.6796875
0 0.190625 0.134375 0.0359375 0.03203125
0 0.91640625 0.01875 0.0125 0.01171875
0 0.74921875 0.25 0.021875 0.01953125
0 0.765625 0.28203125 0.0140625 0.0125
0 0.6421875 0.93671875 0.01640625 0.01484375
0 0.1984375 0.49921875 0.0109375 0.009375
0 0.53515625 0.4046875 0.028125 0.025
0 0.02734375 0.66484375 0.028125 0.025
0 0.96796875 0.2984375 0.01875 0.01640625
0 0.49375 0.1015625 0.28125 0.203125
0 0.0828125 0.46171875 0.0125 0.01171875
0 0.49375 0.32734375 0.01171875 0.0109375
0 0.28515625 0.69453125 0.01171875 0.009375
0 0.09375 0.80546875 0.0140625 0.01171875
0 0.02890625 0.58203125 0.0125 0.01171875
0 0.36796875 0.57421875 0.0375 0.0328125
0 0.2765625 0.446875 0.0171875 0.01640625