0 0.203125 0.58828125 0.40625 0.6984375
0 0.3875 0.021875 0.03125 0.03125
0 0.2609375 0.13359375 0.0234375 0.0234375
0 0.365625 0.24375 0.01875 0.01875
0 0.3140625 0.2796875 0.0140625 0.0140625
0 0.4796875 0.38125 0.0296875 0.0296875
0 0.34765625 0.71015625 0.275 0.275
0 0.0953125 0.859375 0.053125 0.053125
0 0.05546875 0.859375 0.01875 0.01875
0 0.54765625 0.88046875 0.028125 0.028125
0 0.13203125 0.3984375 0.015625 0.015625
0 0.93671875 0.771875 0.0390625 0.040625
0 0.7734375 0.8859375 0.01875 0.01875
0 0.6625 0.709375 0.0375 0.0375
0 0.85 0.628125 0.03125 0.03125
0 0.64375 0.4296875 0.021875 0.021875
0 0.5609375 0.01171875 0.0375 0.0234375
0 0.7640625 0.1859375 0.471875 0.371875
0 0.33984375 0.82734375 0.45625 0.3453125
0 0.90234375 0.93515625 0.015625 0.015625
0 0.64921875 0.9640625 0.0125 0.0125
0 0.571875 0.9703125 0.015625 0.015625
0 0.7734375 0.7734375 0.01875 0.01875
0 0.42578125 0.99375 0.0125 0.0125
0 0.39609375 0.5984375 0.0171875 0.0171875
0 0.496875 0.659375 0.01875 0.01875
0 0.6859375 0.56015625 0.0140625 0.0140625
0 0.75078125 0.746875 0.0203125 0.0203125
0 0.35 0.0796875 0.0125 0.0125
0 0.16328125 0.2375 0.0109375 0.0109375
0 0.15078125 0.25625 0.0109375 0.0109375
0 0.98515625 0.0875 0.0125 0.0125
0 0.63359375 0.621875 0.0125 0.0125
0 0.571875 0.70234375 0.015625 0.015625
0 0.6703125 0.221875 0.0109375 0.0109375
0 0.709375 0.0734375 0.0125 0.0125
0 0.7109375 0.734375 0.015625 0.015625
0 0.88984375 0.95078125 0.015625 0.015625
0 0.91328125 0.92265625 0.015625 0.015625
0 0.86171875 0.8421875 0.0171875 0.0171875
0 0.89140625 0.80390625 0.0125 0.0125
0 0.853125 0.8109375 0.0109375 0.0109375
0 0.93515625 0.79609375 0.015625 0.015625
0 0.91328125 0.8703125 0.0125 0.0125
0 0.98359375 0.89140625 0.0328125 0.034375
0 0.990625 0.6078125 0.0109375 0.0109375
0 0.7796875 0.8234375 0.015625 0.015625
0 0.80546875 0.86015625 0.0125 0.0125
0 0.79921875 0.821875 0.0171875 0.0171875
0 0.8296875 0.721875 0.015625 0.015625
0 0.85078125 0.903125 0.0125 0.0125
0 0.82109375 0.940625 0.0125 0.0125
0 0.5296875 0.2671875 0.0109375 0.0109375
0 0.71015625 0.434375 0.0125 0.0125
0 0.53984375 0.5515625 0.01875 0.01875
0 0.7359375 0.48125 0.0125 0.0125
0 0.73203125 0.49609375 0.0140625 0.0140625
0 0.7453125 0.50078125 0.0125 0.0125
0 0.74921875 0.50703125 0.0125 0.0125
0 0.78203125 0.5234375 0.0109375 0.0109375
0 0.59453125 0.48984375 0.0125 0.0125
0 0.50859375 0.51640625 0.0140625 0.0140625
0 0.51875 0.646875 0.0140625 0.0140625
0 0.53515625 0.6859375 0.0125 0.0125
0 0.52421875 0.68515625 0.015625 0.015625
0 0.57109375 0.73359375 0.015625 0.015625
0 0.54921875 0.7875 0.025 0.0265625
0 0.5578125 0.8703125 0.0265625 0.0265625
0 0.5828125 0.84765625 0.03125 0.03125
0 0.62421875 0.81328125 0.0390625 0.0390625
0 0.63125 0.73359375 0.015625 0.015625
0 0.63359375 0.7734375 0.015625 0.015625
0 0.67109375 0.7875 0.015625 0.015625
0 0.66015625 0.7375 0.015625 0.015625
0 0.7046875 0.63359375 0.0125 0.0125
0 0.446875 0.95546875 0.015625 0.015625
0 0.825 0.8234375 0.0125 0.0125
0 0.7265625 0.94921875 0.021875 0.021875
0 0.7171875 0.97421875 0.0171875 0.0171875
0 0.6046875 0.990625 0.015625 0.015625
0 0.6140625 0.9796875 0.015625 0.015625
0 0.62265625 0.97109375 0.015625 0.015625
0 0.6296875 0.9625 0.0171875 0.0171875
0 0.37109375 0.878125 0.0171875 0.0171875
0 0.39609375 0.803125 0.015625 0.015625
0 0.30078125 0.715625 0.0125 0.0125
0 0.30546875 0.7140625 0.0109375 0.0109375
0 0.24140625 0.78359375 0.0125 0.0125
0 0.1546875 0.525 0.0109375 0.0109375
0 0.2265625 0.45546875 0.015625 0.015625
0 0.159375 0.38046875 0.0125 0.0125
0 0.3265625 0.45625 0.0109375 0.0109375
0 0.4015625 0.2125 0.0125 0.0125
0 0.3515625 0.31328125 0.0109375 0.0109375
0 0.15859375 0.01640625 0.0125 0.0109375
0 0.03203125 0.13046875 0.009375 0.009375
0 0.4671875 0.10625 0.01875 0.01875
0 0.48359375 0.096875 0.021875 0.021875
0 0.496875 0.0828125 0.01875 0.01875
0 0.47890625 0.08359375 0.015625 0.015625
0 0.3203125 0.4875 0.0203125 0.0203125
0 0.24921875 0.8890625 0.0234375 0.0234375