0 0.9796875 0.6546875 0.0234375 0.021875
0 0.6203125 0.7515625 0.140625 0.125
0 0.53046875 0.7328125 0.0265625 0.0234375
0 0.50625 0.88046875 0.0890625 0.07890625
0 0.44453125 0.86875 0.034375 0.03046875
0 0.390625 0.9234375 0.0609375 0.05390625
0 0.409375 0.58984375 0.0875 0.078125
0 0.24453125 0.7734375 0.034375 0.03125
0 0.12890625 0.7359375 0.0203125 0.0171875
0 0.103125 0.29375 0.028125 0.025
0 0.06796875 0.36328125 0.01953125 0.0171875
0 0.2546875 0.17421875 0.02734375 0.02421875
0 0.446875 0.08828125 0.21171875 0.1765625
0 0.7390625 0.36015625 0.05390625 0.04765625
0 0.978125 0.32734375 0.04296875 0.0703125
0 0.10234375 0.3828125 0.0140625 0.01171875
0 0.053125 0.40078125 0.0125 0.0109375
0 0.27890625 0.31953125 0.01640625 0.01484375
0 0.60546875 0.26640625 0.0140625 0.0125
0 0.11640625 0.10546875 0.01171875 0.0109375
0 0.24296875 0.175 0.0125 0.0109375
0 0.3109375 0.11875 0.0109375 0.009375
0 0.42734375 0.27421875 0.0140625 0.01171875
0 0.63203125 0.30625 0.01171875 0.0109375
0 0.9234375 0.09453125 0.01171875 0.0109375
0 0.65546875 0.53828125 0.0125 0.01171875
0 0.2 0.55 0.0125 0.01171875
0 0.184375 0.5609375 0.0125 0.0109375
0 0.2234375 0.8390625 0.01484375 0.0140625
0 0.090625 0.81328125 0.015625 0.0140625
0 0.1046875 0.96953125 0.01640625 0.01484375
0 0.690625 0.81953125 0.0140625 0.01171875
0 0.71796875 0.9625 0.01640625 0.01484375
0 0.615625 0.39921875 0.01171875 0.0109375
0 0.8234375 0.2140625 0.0125 0.01171875
0 0.7078125 0.2453125 0.01171875 0.0109375
0 0.7546875 0.3296875 0.0265625 0.0234375
0 0.08203125 0.69296875 0.01171875 0.0109375
0 0.646875 0.8765625 0.01171875 0.0109375
0 0.734375 0.8953125 0.0140625 0.0125
0 0.25078125 0.296875 0.01171875 0.009375
0 0.153125 0.2375 0.01171875 0.0109375
0 0.11953125 0.284375 0.0125 0.01171875
0 0.315625 0.175 0.0109375 0.009375
0 0.91875 0.26015625 0.02265625 0.0203125
0 0.928125 0.50078125 0.01640625 0.01484375
0 0.91484375 0.50546875 0.01875 0.01640625
0 0.903125 0.59375 0.01171875 0.0109375
0 0.915625 0.7015625 0.01171875 0.009375
0 0.96484375 0.671875 0.01171875 0.0109375
0 0.66640625 0.471875 0.0125 0.0109375
0 0.684375 0.6375 0.0125 0.0109375
0 0.35234375 0.56875 0.0125 0.01171875
0 0.23203125 0.440625 0.0125 0.0109375
0 0.94609375 0.98984375 0.0125 0.01171875