0 0.0578125 0.8890625 0.115625 0.1625
0 0.0703125 0.74296875 0.025 0.0234375
0 0.2515625 0.534375 0.028125 0.0265625
0 0.16640625 0.43203125 0.03984375 0.0375
0 0.3046875 0.5953125 0.05 0.046875
0 0.3734375 0.57890625 0.0234375 0.021875
0 0.4046875 0.58359375 0.025 0.0234375
0 0.52890625 0.7140625 0.0609375 0.05546875
0 0.409375 0.86484375 0.025 0.0234375
0 0.5921875 0.49296875 0.028125 0.0265625
0 0.64375 0.45 0.01875 0.0171875
0 0.86015625 0.23046875 0.0421875 0.0390625
0 0.34375 0.11015625 0.0359375 0.034375
0 0.29140625 0.28671875 0.46171875 0.43046875
0 0.596875 0.01875 0.02265625 0.0203125
0 0.94296875 0.0359375 0.015625 0.01484375
0 0.88515625 0.43671875 0.0109375 0.0109375
0 0.7734375 0.4140625 0.0109375 0.009375
0 0.81796875 0.1203125 0.0171875 0.01640625
0 0.38984375 0.20390625 0.01875 0.01640625
0 0.28125 0.41796875 0.0140625 0.0125
0 0.5984375 0.09453125 0.02421875 0.0234375
0 0.1421875 0.8859375 0.0203125 0.01953125
0 0.21875 0.84375 0.0140625 0.0125
0 0.2796875 0.92890625 0.0109375 0.009375
0 0.46328125 0.696875 0.01953125 0.01875
0 0.56015625 0.859375 0.01171875 0.0109375
0 0.4921875 0.98125 0.01484375 0.0140625
0 0.6609375 0.16171875 0.0125 0.01171875
0 0.640625 0.0171875 0.0203125 0.01875
0 0.53671875 0.596875 0.0125 0.01171875
0 0.6046875 0.4265625 0.01171875 0.0109375
0 0.58046875 0.42890625 0.01171875 0.0109375
0 0.11015625 0.6078125 0.01171875 0.0109375
0 0.5296875 0.8296875 0.01171875 0.0109375
0 0.50390625 0.17734375 0.01171875 0.01171875
0 0.53203125 0.09765625 0.0125 0.0125
0 0.59375 0.0421875 0.01171875 0.0109375
0 0.61875 0.02734375 0.0140625 0.0125
0 0.67265625 0.0046875 0.0140625 0.009375
0 0.82734375 0.16640625 0.0125 0.01171875
0 0.76015625 0.2421875 0.01640625 0.015625
0 0.71953125 0.2453125 0.01484375 0.0140625
0 0.56015625 0.4375 0.01171875 0.0109375
0 0.06484375 0.58515625 0.0125 0.01171875
0 0.07265625 0.76796875 0.0125 0.01171875
0 0.12265625 0.86953125 0.021875 0.0203125
0 0.6640625 0.64765625 0.01171875 0.0109375
0 0.22265625 0.82421875 0.0171875 0.01640625
0 0.37109375 0.74375 0.04375 0.040625
0 0.4953125 0.83125 0.01953125 0.01875
0 0.8921875 0.190625 0.2125 0.38125