0 0.9421875 0.8890625 0.115625 0.1625
0 0.9296875 0.74296875 0.025 0.0234375
0 0.7484375 0.534375 0.028125 0.0265625
0 0.83359375 0.43203125 0.040625 0.0375
0 0.6953125 0.5953125 0.05 0.046875
0 0.6265625 0.57890625 0.0234375 0.021875
0 0.5953125 0.58359375 0.025 0.0234375
0 0.47109375 0.7140625 0.0609375 0.05625
0 0.590625 0.86484375 0.025 0.0234375
0 0.4078125 0.49296875 0.028125 0.0265625
0 0.35625 0.45 0.01875 0.0171875
0 0.13984375 0.23046875 0.0421875 0.0390625
0 0.65625 0.11015625 0.0359375 0.034375
0 0.70859375 0.28671875 0.4625 0.43125
0 0.403125 0.01875 0.021875 0.0203125
0 0.05703125 0.0359375 0.015625 0.015625
0 0.11484375 0.43671875 0.0109375 0.0109375
0 0.2265625 0.4140625 0.0109375 0.009375
0 0.18203125 0.1203125 0.0171875 0.015625
0 0.61015625 0.20390625 0.01875 0.015625
0 0.71875 0.41796875 0.0140625 0.0125
0 0.4015625 0.09453125 0.025 0.0234375
0 0.8578125 0.8859375 0.0203125 0.01875
0 0.78125 0.84375 0.0140625 0.0125
0 0.7203125 0.92890625 0.0109375 0.009375
0 0.53671875 0.696875 0.01875 0.01875
0 0.43984375 0.859375 0.0125 0.0109375
0 0.5078125 0.98125 0.015625 0.0140625
0 0.3390625 0.16171875 0.0125 0.0125
0 0.359375 0.0171875 0.0203125 0.01875
0 0.46328125 0.596875 0.0125 0.0125
0 0.3953125 0.4265625 0.0125 0.0109375
0 0.41953125 0.42890625 0.0125 0.0109375
0 0.88984375 0.6078125 0.0125 0.0109375
0 0.4703125 0.8296875 0.0125 0.0109375
0 0.49609375 0.17734375 0.0125 0.0125
0 0.46796875 0.09765625 0.0125 0.0125
0 0.40625 0.0421875 0.0125 0.0109375
0 0.38125 0.02734375 0.0140625 0.0125
0 0.32734375 0.0046875 0.0140625 0.009375
0 0.17265625 0.16640625 0.0125 0.0125
0 0.23984375 0.2421875 0.015625 0.015625
0 0.28046875 0.2453125 0.015625 0.0140625
0 0.43984375 0.4375 0.0125 0.0109375
0 0.93515625 0.58515625 0.0125 0.0125
0 0.92734375 0.76796875 0.0125 0.0125
0 0.87734375 0.86953125 0.021875 0.0203125
0 0.3359375 0.64765625 0.0125 0.0109375
0 0.77734375 0.82421875 0.0171875 0.015625
0 0.62890625 0.74375 0.04375 0.040625
0 0.5046875 0.83125 0.01875 0.01875
0 0.1078125 0.190625 0.2125 0.38125