0 0.41171875 0.796875 0.6984375 0.40625
0 0.978125 0.6125 0.03203125 0.03203125
0 0.86640625 0.7390625 0.0234375 0.0234375
0 0.75625 0.634375 0.01875 0.01875
0 0.7203125 0.6859375 0.0140625 0.0140625
0 0.61875 0.5203125 0.0296875 0.0296875
0 0.28984375 0.65234375 0.275 0.275
0 0.140625 0.9046875 0.053125 0.053125
0 0.140625 0.94453125 0.01953125 0.01953125
0 0.11953125 0.45234375 0.02734375 0.02734375
0 0.6015625 0.86796875 0.01484375 0.01484375
0 0.228125 0.06328125 0.03984375 0.0390625
0 0.1140625 0.2265625 0.01953125 0.01953125
0 0.290625 0.3375 0.0375 0.0375
0 0.371875 0.15 0.03046875 0.03046875
0 0.5703125 0.35625 0.021875 0.021875
0 0.98828125 0.4390625 0.0234375 0.03828125
0 0.8140625 0.2359375 0.371875 0.471875
0 0.17265625 0.66015625 0.34453125 0.45703125
0 0.06484375 0.09765625 0.015625 0.015625
0 0.0359375 0.35078125 0.01171875 0.01171875
0 0.0296875 0.428125 0.015625 0.015625
0 0.2265625 0.2265625 0.01953125 0.01953125
0 0.00625 0.57421875 0.0125 0.0125
0 0.4015625 0.60390625 0.0171875 0.0171875
0 0.340625 0.503125 0.01953125 0.01953125
0 0.43984375 0.3140625 0.0140625 0.0140625
0 0.253125 0.24921875 0.0203125 0.0203125
0 0.9203125 0.65 0.0125 0.0125
0 0.7625 0.83671875 0.0109375 0.0109375
0 0.74375 0.84921875 0.0109375 0.0109375
0 0.9125 0.01484375 0.0125 0.0125
0 0.378125 0.36640625 0.0125 0.0125
0 0.29765625 0.428125 0.01484375 0.01484375
0 0.778125 0.3296875 0.0109375 0.0109375
0 0.9265625 0.290625 0.01171875 0.01171875
0 0.265625 0.2890625 0.015625 0.015625
0 0.04921875 0.11015625 0.015625 0.015625
0 0.07734375 0.08671875 0.015625 0.015625
0 0.1578125 0.13828125 0.0171875 0.0171875
0 0.19609375 0.10859375 0.01171875 0.01171875
0 0.1890625 0.146875 0.0109375 0.0109375
0 0.20390625 0.06484375 0.015625 0.015625
0 0.1296875 0.08671875 0.01171875 0.01171875
0 0.10859375 0.01640625 0.034375 0.0328125
0 0.3921875 0.009375 0.0109375 0.0109375
0 0.1765625 0.2203125 0.015625 0.015625
0 0.13984375 0.19453125 0.01171875 0.01171875
0 0.178125 0.20078125 0.0171875 0.0171875
0 0.278125 0.1703125 0.01640625 0.01640625
0 0.096875 0.14921875 0.01171875 0.01171875
0 0.059375 0.17890625 0.0125 0.0125
0 0.7328125 0.4703125 0.0109375 0.0109375
0 0.565625 0.28984375 0.0125 0.0125
0 0.4484375 0.46015625 0.01875 0.01875
0 0.51875 0.2640625 0.0125 0.0125
0 0.50390625 0.26796875 0.0140625 0.0140625
0 0.49921875 0.2546875 0.01171875 0.01171875
0 0.49296875 0.25078125 0.01171875 0.01171875
0 0.4765625 0.21796875 0.0109375 0.0109375
0 0.51015625 0.40546875 0.0125 0.0125
0 0.48359375 0.49140625 0.0140625 0.0140625
0 0.353125 0.48125 0.0140625 0.0140625
0 0.3140625 0.46484375 0.01171875 0.01171875
0 0.31484375 0.47578125 0.015625 0.015625
0 0.26640625 0.42890625 0.01640625 0.01640625
0 0.2125 0.45078125 0.0265625 0.025
0 0.1296875 0.4421875 0.0265625 0.0265625
0 0.15234375 0.4171875 0.03125 0.03125
0 0.18671875 0.37578125 0.0390625 0.0390625
0 0.26640625 0.36875 0.01640625 0.01640625
0 0.2265625 0.36640625 0.01640625 0.01640625
0 0.2125 0.32890625 0.015625 0.015625
0 0.2625 0.33984375 0.01640625 0.01640625
0 0.36640625 0.2953125 0.01171875 0.01171875
0 0.04453125 0.553125 0.01484375 0.01484375
0 0.1765625 0.175 0.01171875 0.01171875
0 0.05078125 0.2734375 0.02265625 0.02265625
0 0.02578125 0.2828125 0.0171875 0.0171875
0 0.009375 0.3953125 0.01484375 0.01484375
0 0.0203125 0.3859375 0.01640625 0.01640625
0 0.02890625 0.37734375 0.015625 0.015625
0 0.0375 0.3703125 0.0171875 0.0171875
0 0.121875 0.62890625 0.0171875 0.0171875
0 0.196875 0.60390625 0.015625 0.015625
0 0.284375 0.69921875 0.01171875 0.01171875
0 0.2859375 0.69453125 0.0109375 0.0109375
0 0.21640625 0.75859375 0.0125 0.0125
0 0.475 0.8453125 0.0109375 0.0109375
0 0.54453125 0.7734375 0.01640625 0.01640625
0 0.61953125 0.840625 0.0125 0.0125
0 0.54375 0.6734375 0.0109375 0.0109375
0 0.7875 0.5984375 0.01171875 0.01171875
0 0.68671875 0.6484375 0.0109375 0.0109375
0 0.98359375 0.84140625 0.0109375 0.0125
0 0.86953125 0.96796875 0.009375 0.009375
0 0.89375 0.5328125 0.01953125 0.01953125
0 0.903125 0.51640625 0.02265625 0.02265625
0 0.9171875 0.503125 0.01875 0.01875
0 0.91640625 0.52109375 0.01484375 0.01484375
0 0.5125 0.6796875 0.0203125 0.0203125
0 0.1109375 0.75078125 0.0234375 0.0234375