0 0.80546875 0.2765625 0.0296875 0.03125
0 0.6171875 0.52265625 0.0234375 0.025
0 0.7453125 0.76875 0.028125 0.03125
0 0.4359375 0.471875 0.01875 0.0203125
0 0.4734375 0.34453125 0.128125 0.1375
0 0.7859375 0.5296875 0.025 0.0265625
0 0.7671875 0.5953125 0.025 0.0265625
0 0.07421875 0.71171875 0.0296875 0.03125
0 0.24609375 0.89921875 0.075 0.0796875
0 0.121875 0.765625 0.0578125 0.0625
0 0.3109375 0.909375 0.0234375 0.025
0 0.35234375 0.371875 0.021875 0.0234375
0 0.29921875 0.3140625 0.01875 0.0203125
0 0.25859375 0.29296875 0.2234375 0.24375
0 0.03671875 0.07890625 0.0734375 0.11875
0 0.196875 0.3109375 0.0125 0.0140625
0 0.07890625 0.525 0.0140625 0.015625
0 0.63515625 0.03046875 0.0140625 0.015625
0 0.7609375 0.090625 0.01875 0.0203125
0 0.959375 0.3109375 0.08125 0.0921875
0 0.41953125 0.8234375 0.021875 0.021875
0 0.20703125 0.415625 0.0109375 0.0125
0 0.06171875 0.3453125 0.0109375 0.0125
0 0.309375 0.28828125 0.0125 0.0125
0 0.40078125 0.334375 0.0125 0.0140625
0 0.584375 0.14921875 0.0125 0.0140625
0 0.60703125 0.2296875 0.009375 0.0109375
0 0.63671875 0.16015625 0.009375 0.0109375
0 0.603125 0.0203125 0.0125 0.0125
0 0.69453125 0.35390625 0.009375 0.0109375
0 0.771875 0.415625 0.0109375 0.0125
0 0.75859375 0.55859375 0.0109375 0.0125
0 0.64140625 0.6109375 0.0109375 0.0109375
0 0.81171875 0.78046875 0.0625 0.06875
0 0.91875 0.9546875 0.0109375 0.0109375
0 0.921875 0.01640625 0.0125 0.0125