0 0.74921875 0.8625 0.028125 0.025
0 0.73046875 0.7859375 0.0234375 0.0203125
0 0.03125 0.67890625 0.028125 0.025
0 0.09453125 0.659375 0.0203125 0.01875
0 0.0546875 0.690625 0.01875 0.0171875
0 0.275 0.47265625 0.025 0.021875
0 0.38984375 0.325 0.05 0.046875
0 0.7140625 0.25859375 0.034375 0.03125
0 0.63203125 0.3828125 0.140625 0.128125
0 0.8609375 0.51640625 0.021875 0.0203125
0 0.909375 0.6515625 0.028125 0.0265625
0 0.8859375 0.478125 0.028125 0.025
0 0.6703125 0.11875 0.03125 0.028125
0 0.69140625 0.034375 0.015625 0.015625
0 0.7265625 0.07265625 0.0109375 0.009375
0 0.81328125 0.3078125 0.01875 0.0171875
0 0.77109375 0.328125 0.0125 0.0109375
0 0.85 0.30234375 0.025 0.021875
0 0.86015625 0.34140625 0.025 0.021875
0 0.9515625 0.328125 0.028125 0.025
0 0.04296875 0.4046875 0.0109375 0.009375
0 0.54609375 0.7171875 0.0125 0.0109375
0 0.784375 0.66875 0.015625 0.015625
0 0.77421875 0.4671875 0.028125 0.025
0 0.9859375 0.7546875 0.0265625 0.0234375
0 0.8921875 0.44765625 0.021875 0.01875
0 0.85234375 0.7171875 0.190625 0.171875
0 0.99921875 0.4671875 0.0015625 0.009375
0 0.39375 0.9078125 0.015625 0.0125
0 0.9890625 0.73515625 0.0125 0.0125
0 0.94375 0.76640625 0.0125 0.0109375
0 0.7859375 0.3875 0.015625 0.0125
0 0.78046875 0.4171875 0.015625 0.015625
0 0.24140625 0.0046875 0.0109375 0.009375
0 0.73203125 0.021875 0.021875 0.01875
0 0.89375 0.1828125 0.0203125 0.01875
0 0.8875 0.1328125 0.040625 0.0375
0 0.90546875 0.33515625 0.01875 0.015625
0 0.8390625 0.32734375 0.015625 0.015625
0 0.86015625 0.26640625 0.0125 0.0109375
0 0.928125 0.29609375 0.0234375 0.021875
0 0.94296875 0.215625 0.025 0.021875
0 0.92734375 0.23125 0.015625 0.015625
0 0.71640625 0.4203125 0.028125 0.025
0 0.26171875 0.29453125 0.015625 0.0140625
0 0.22421875 0.58671875 0.0125 0.0109375
0 0.66484375 0.8078125 0.0125 0.0109375
0 0.65859375 0.87890625 0.0125 0.0109375
0 0.83828125 0.6375 0.0125 0.0109375
0 0.928125 0.93046875 0.0125 0.0109375
0 0.65 0.01171875 0.034375 0.0234375
0 0.740625 0.94921875 0.0546875 0.05