0 0.25078125 0.8625 0.02734375 0.02421875
0 0.26953125 0.7859375 0.0234375 0.0203125
0 0.96875 0.67890625 0.02734375 0.02421875
0 0.90546875 0.659375 0.0203125 0.01875
0 0.9453125 0.690625 0.01953125 0.0171875
0 0.725 0.47265625 0.025 0.02265625
0 0.61015625 0.325 0.05078125 0.04609375
0 0.2859375 0.25859375 0.03515625 0.03203125
0 0.36796875 0.3828125 0.14140625 0.128125
0 0.1390625 0.51640625 0.02265625 0.0203125
0 0.090625 0.6515625 0.028125 0.0265625
0 0.1140625 0.478125 0.028125 0.025
0 0.3296875 0.11875 0.03125 0.028125
0 0.30859375 0.034375 0.01640625 0.01484375
0 0.2734375 0.07265625 0.0109375 0.009375
0 0.18671875 0.3078125 0.01953125 0.0171875
0 0.22890625 0.328125 0.0125 0.0109375
0 0.15 0.30234375 0.025 0.02265625
0 0.13984375 0.34140625 0.02421875 0.02265625
0 0.0484375 0.328125 0.02734375 0.02421875
0 0.95703125 0.4046875 0.0109375 0.009375
0 0.45390625 0.7171875 0.01171875 0.0109375
0 0.215625 0.66875 0.01640625 0.01484375
0 0.22578125 0.4671875 0.02734375 0.02421875
0 0.0140625 0.7546875 0.0265625 0.0234375
0 0.1078125 0.44765625 0.021875 0.01953125
0 0.14765625 0.7171875 0.190625 0.171875
0 0.00078125 0.4671875 0.0015625 0.009375
0 0.60625 0.9078125 0.01484375 0.0125
0 0.0109375 0.73515625 0.0125 0.01171875
0 0.05625 0.76640625 0.01171875 0.0109375
0 0.2140625 0.3875 0.01484375 0.0125
0 0.21953125 0.4171875 0.01640625 0.015625
0 0.75859375 0.0046875 0.0109375 0.009375
0 0.26796875 0.021875 0.021875 0.01953125
0 0.10625 0.1828125 0.0203125 0.01875
0 0.1125 0.1328125 0.03984375 0.0375
0 0.09453125 0.33515625 0.01875 0.01640625
0 0.1609375 0.32734375 0.015625 0.01484375
0 0.13984375 0.26640625 0.0125 0.0109375
0 0.071875 0.29609375 0.0234375 0.021875
0 0.05703125 0.215625 0.02421875 0.02265625
0 0.07265625 0.23125 0.015625 0.01484375
0 0.28359375 0.4203125 0.02734375 0.02421875
0 0.73828125 0.29453125 0.01484375 0.0140625
0 0.77578125 0.58671875 0.01171875 0.0109375
0 0.33515625 0.8078125 0.0125 0.0109375
0 0.34140625 0.87890625 0.01171875 0.0109375
0 0.16171875 0.6375 0.01171875 0.0109375
0 0.071875 0.93046875 0.01171875 0.0109375
0 0.35 0.01171875 0.03515625 0.0234375
0 0.259375 0.94921875 0.0546875 0.05