0 0.02578125 0.096875 0.021875 0.021875
0 0.059375 0.18046875 0.0453125 0.046875
0 0.1328125 0.17890625 0.096875 0.0984375
0 0.3390625 0.20859375 0.0375 0.0390625
0 0.2140625 0.215625 0.0375 0.0375
0 0.215625 0.57734375 0.3078125 0.309375
0 0.40703125 0.80390625 0.071875 0.071875
0 0.3703125 0.92265625 0.13125 0.13125
0 0.759375 0.79453125 0.140625 0.1421875
0 0.69453125 0.43046875 0.025 0.025
0 0.5375 0.32109375 0.0359375 0.0359375
0 0.321875 0.29296875 0.0171875 0.0171875
0 0.215625 0.275 0.0140625 0.0140625
0 0.4796875 0.1890625 0.021875 0.021875
0 0.61875 0.23671875 0.0625 0.0625
0 0.77421875 0.07578125 0.0328125 0.0328125
0 0.271875 0.7515625 0.1765625 0.1765625
0 0.7875 0.628125 0.0171875 0.0171875
0 0.7125 0.646875 0.01875 0.01875
0 0.4390625 0.95859375 0.015625 0.015625
0 0.63359375 0.67265625 0.0109375 0.0109375
0 0.33828125 0.471875 0.0140625 0.0140625
0 0.41640625 0.40546875 0.01875 0.01875
0 0.321875 0.34296875 0.0140625 0.0140625
0 0.18828125 0.21171875 0.0140625 0.0140625
0 0.1046875 0.04375 0.0125 0.0125
0 0.57109375 0.81953125 0.015625 0.015625
0 0.3640625 0.521875 0.0109375 0.0109375
0 0.4828125 0.26953125 0.0109375 0.0109375
0 0.3703125 0.1546875 0.009375 0.009375
0 0.278125 0.33359375 0.0140625 0.0140625
0 0.08671875 0.790625 0.0140625 0.0140625
0 0.1203125 0.1265625 0.0109375 0.0109375
0 0.19375 0.1671875 0.0109375 0.0109375
0 0.9828125 0.284375 0.0125 0.0125
0 0.859375 0.8625 0.009375 0.009375
0 0.9328125 0.99921875 0.0125 0.0015625
0 0.3359375 0.45078125 0.0109375 0.0109375
0 0.43515625 0.2109375 0.0203125 0.0203125
0 0.4234375 0.21015625 0.0125 0.0125
0 0.40859375 0.20390625 0.0125 0.0125
0 0.39296875 0.19609375 0.0171875 0.0171875
0 0.4796875 0.02109375 0.0109375 0.0109375
0 0.54296875 0.028125 0.0140625 0.0140625
0 0.5609375 0.03828125 0.0125 0.0125
0 0.5828125 0.01484375 0.0125 0.0125
0 0.14296875 0.26953125 0.0125 0.0140625
0 0.51328125 0.21953125 0.015625 0.015625
0 0.6515625 0.00625 0.015625 0.0125