0 0.903125 0.97421875 0.02265625 0.02265625
0 0.81953125 0.940625 0.04609375 0.0453125
0 0.82109375 0.8671875 0.0984375 0.09765625
0 0.79140625 0.6609375 0.0390625 0.03828125
0 0.784375 0.7859375 0.03828125 0.03828125
0 0.42265625 0.784375 0.30859375 0.3078125
0 0.19609375 0.59296875 0.07109375 0.07109375
0 0.07734375 0.6296875 0.13125 0.13125
0 0.20546875 0.240625 0.1421875 0.14140625
0 0.56953125 0.30546875 0.025 0.025
0 0.67890625 0.4625 0.0359375 0.0359375
0 0.70703125 0.678125 0.0171875 0.0171875
0 0.725 0.784375 0.0140625 0.0140625
0 0.8109375 0.5203125 0.021875 0.021875
0 0.76328125 0.38125 0.0625 0.0625
0 0.92421875 0.22578125 0.0328125 0.0328125
0 0.2484375 0.728125 0.1765625 0.1765625
0 0.371875 0.2125 0.0171875 0.0171875
0 0.353125 0.2875 0.01875 0.01875
0 0.04140625 0.5609375 0.015625 0.015625
0 0.32734375 0.36640625 0.0109375 0.0109375
0 0.528125 0.66171875 0.0140625 0.0140625
0 0.59453125 0.58359375 0.01953125 0.01953125
0 0.65703125 0.678125 0.0140625 0.0140625
0 0.78828125 0.81171875 0.0140625 0.0140625
0 0.95625 0.8953125 0.0125 0.0125
0 0.18046875 0.42890625 0.01484375 0.01484375
0 0.478125 0.6359375 0.0109375 0.0109375
0 0.73046875 0.5171875 0.0109375 0.0109375
0 0.8453125 0.6296875 0.009375 0.009375
0 0.66640625 0.721875 0.0140625 0.0140625
0 0.209375 0.91328125 0.0140625 0.0140625
0 0.8734375 0.8796875 0.0109375 0.0109375
0 0.8328125 0.80625 0.0109375 0.0109375
0 0.715625 0.0171875 0.01171875 0.01171875
0 0.1375 0.140625 0.009375 0.009375
0 0.00078125 0.0671875 0.00078125 0.01171875
0 0.54921875 0.6640625 0.0109375 0.0109375
0 0.7890625 0.56484375 0.0203125 0.0203125
0 0.78984375 0.5765625 0.0125 0.0125
0 0.79609375 0.59140625 0.0125 0.0125
0 0.80390625 0.60703125 0.0171875 0.0171875
0 0.97890625 0.5203125 0.0109375 0.0109375
0 0.971875 0.45703125 0.0140625 0.0140625
0 0.96171875 0.4390625 0.0125 0.0125
0 0.98515625 0.4171875 0.01171875 0.01171875
0 0.73046875 0.85703125 0.0140625 0.0125
0 0.78046875 0.48671875 0.01640625 0.01640625
0 0.99375 0.3484375 0.0125 0.01640625