0 0.7234375 0.80546875 0.03125 0.0296875
0 0.47734375 0.6171875 0.025 0.0234375
0 0.23125 0.7453125 0.03125 0.028125
0 0.528125 0.4359375 0.0203125 0.01875
0 0.65546875 0.4734375 0.1375 0.128125
0 0.4703125 0.7859375 0.0265625 0.025
0 0.4046875 0.7671875 0.0265625 0.025
0 0.28828125 0.07421875 0.03125 0.0296875
0 0.10078125 0.24609375 0.0796875 0.075
0 0.234375 0.121875 0.0625 0.0578125
0 0.090625 0.3109375 0.025 0.0234375
0 0.628125 0.35234375 0.0234375 0.021875
0 0.6859375 0.29921875 0.0203125 0.01875
0 0.70703125 0.25859375 0.24375 0.2234375
0 0.92109375 0.03671875 0.11875 0.0734375
0 0.6890625 0.196875 0.0140625 0.0125
0 0.475 0.07890625 0.015625 0.0140625
0 0.96953125 0.63515625 0.015625 0.0140625
0 0.909375 0.7609375 0.0203125 0.01875
0 0.6890625 0.959375 0.0921875 0.08125
0 0.1765625 0.41953125 0.0234375 0.021875
0 0.584375 0.20703125 0.0125 0.0109375
0 0.6546875 0.06171875 0.0125 0.0109375
0 0.71171875 0.309375 0.0125 0.0125
0 0.665625 0.40078125 0.0140625 0.0125
0 0.85078125 0.584375 0.0140625 0.0125
0 0.7703125 0.60703125 0.0109375 0.009375
0 0.83984375 0.63671875 0.0109375 0.009375
0 0.9796875 0.603125 0.0125 0.0125
0 0.64609375 0.69453125 0.0109375 0.009375
0 0.584375 0.771875 0.0125 0.0109375
0 0.44140625 0.75859375 0.0125 0.0109375
0 0.3890625 0.64140625 0.0109375 0.0109375
0 0.21953125 0.81171875 0.06875 0.0625
0 0.0453125 0.91875 0.0109375 0.0109375
0 0.98359375 0.921875 0.0125 0.0125