0 0.05859375 0.83515625 0.021875 0.0203125
0 0.02421875 0.7828125 0.034375 0.03203125
0 0.7953125 0.80703125 0.0375 0.034375
0 0.275 0.7265625 0.1640625 0.153125
0 0.98359375 0.86796875 0.0234375 0.02265625
0 0.984375 0.09296875 0.03125 0.053125
0 0.95 0.08359375 0.02265625 0.0203125
0 0.91796875 0.11953125 0.0203125 0.01875
0 0.78828125 0.02890625 0.0296875 0.02734375
0 0.6578125 0.440625 0.07890625 0.07421875
0 0.82109375 0.4078125 0.01875 0.0171875
0 0.77421875 0.4828125 0.1390625 0.1296875
0 0.525 0.140625 0.06640625 0.06171875
0 0.55703125 0.26875 0.05546875 0.0515625
0 0.5234375 0.4109375 0.0375 0.03515625
0 0.5359375 0.44375 0.01953125 0.0171875
0 0.40078125 0.62578125 0.0421875 0.0390625
0 0.925 0.51015625 0.15 0.18828125
0 0.01640625 0.1421875 0.02421875 0.02265625
0 0.17265625 0.17734375 0.090625 0.08515625
0 0.7609375 0.82421875 0.27421875 0.2578125
0 0.76875 0.04609375 0.015625 0.01484375
0 0.32109375 0.0375 0.015625 0.01484375
0 0.25546875 0.17890625 0.0109375 0.009375
0 0.22578125 0.2109375 0.025 0.02421875
0 0.2125 0.5328125 0.01171875 0.0109375
0 0.446875 0.59453125 0.0125 0.01171875
0 0.52578125 0.6015625 0.01484375 0.0140625
0 0.86328125 0.39609375 0.01484375 0.0140625
0 0.96640625 0.54921875 0.01171875 0.0109375
0 0.959375 0.9125 0.015625 0.01484375
0 0.878125 0.91796875 0.0109375 0.009375
0 0.6796875 0.85 0.01171875 0.0109375
0 0.4625 0.82578125 0.0125 0.01171875
0 0.46015625 0.76640625 0.01171875 0.0109375
0 0.4015625 0.9390625 0.0109375 0.009375