0 0.0578125 0.834375 0.021875 0.0203125
0 0.0171875 0.78359375 0.034375 0.03203125
0 0.7875 0.8078125 0.0375 0.034375
0 0.26640625 0.72734375 0.1640625 0.153125
0 0.975 0.86796875 0.0234375 0.02265625
0 0.984375 0.09296875 0.03125 0.053125
0 0.95078125 0.08203125 0.02265625 0.0203125
0 0.9203125 0.12109375 0.0203125 0.01875
0 0.78515625 0.03046875 0.0296875 0.02734375
0 0.65 0.44140625 0.07890625 0.07421875
0 0.81796875 0.40859375 0.01875 0.0171875
0 0.76484375 0.4828125 0.1390625 0.1296875
0 0.5171875 0.140625 0.06640625 0.06171875
0 0.55625 0.26875 0.05546875 0.0515625
0 0.521875 0.409375 0.0375 0.03515625
0 0.534375 0.44453125 0.01953125 0.0171875
0 0.3921875 0.6265625 0.0421875 0.0390625
0 0.925 0.51015625 0.15 0.18828125
0 0.025 0.13984375 0.02421875 0.02265625
0 0.17265625 0.17734375 0.090625 0.08515625
0 0.80703125 0.9453125 0.3375 0.109375
0 0.7671875 0.0484375 0.015625 0.01484375
0 0.3140625 0.0375 0.015625 0.01484375
0 0.25703125 0.1765625 0.0109375 0.009375
0 0.23359375 0.20859375 0.025 0.02421875
0 0.2171875 0.5453125 0.01171875 0.0109375
0 0.44375 0.5953125 0.0125 0.01171875
0 0.5265625 0.5984375 0.01484375 0.0140625
0 0.8625 0.39453125 0.01484375 0.0140625
0 0.96875 0.56328125 0.01171875 0.0109375
0 0.953125 0.9125 0.015625 0.01484375
0 0.8828125 0.9296875 0.0109375 0.009375
0 0.6828125 0.86484375 0.01171875 0.0109375
0 0.46328125 0.82578125 0.0125 0.01171875
0 0.45859375 0.76796875 0.01171875 0.0109375
0 0.40390625 0.9390625 0.0109375 0.009375