0 0.90390625 0.946875 0.025 0.025
0 0.0546875 0.9125 0.025 0.0234375
0 0.07890625 0.4703125 0.053125 0.05
0 0.1234375 0.3875 0.0203125 0.01875
0 0.16171875 0.2515625 0.0234375 0.021875
0 0.3890625 0.30703125 0.0359375 0.034375
0 0.48671875 0.5359375 0.0578125 0.0546875
0 0.31875 0.89375 0.015625 0.015625
0 0.56328125 0.67578125 0.0625 0.059375
0 0.5734375 0.74609375 0.015625 0.015625
0 0.69609375 0.33203125 0.034375 0.03125
0 0.7140625 0.6 0.0171875 0.015625
0 0.8859375 0.7125 0.125 0.11875
0 0.1921875 0.871875 0.36875 0.25625
0 0.34765625 0.2046875 0.025 0.025
0 0.196875 0.08359375 0.3 0.1671875
0 0.75625 0.121875 0.015625 0.015625
0 0.23671875 0.03984375 0.015625 0.015625
0 0.15 0.415625 0.015625 0.015625
0 0.27890625 0.92578125 0.015625 0.015625
0 0.88671875 0.23046875 0.015625 0.0140625
0 0.83359375 0.62734375 0.015625 0.0140625
0 0.8359375 0.39453125 0.046875 0.04375
0 0.7265625 0.2515625 0.0109375 0.0125
0 0.40390625 0.2875 0.015625 0.0140625
0 0.2640625 0.27734375 0.0109375 0.009375
0 0.103125 0.19765625 0.0109375 0.009375
0 0.0421875 0.7 0.0109375 0.009375
0 0.7359375 0.6171875 0.0109375 0.0109375
0 0.88984375 0.60625 0.0109375 0.0109375
0 0.94375 0.50859375 0.0109375 0.0109375
0 0.609375 0.85078125 0.0125 0.0109375