0 0.09609375 0.053125 0.025 0.025
0 0.9453125 0.0875 0.025 0.0234375
0 0.92109375 0.5296875 0.053125 0.05
0 0.88359375 0.6125 0.0203125 0.01875
0 0.846875 0.74921875 0.0234375 0.021875
0 0.61953125 0.69296875 0.0359375 0.034375
0 0.51328125 0.4640625 0.0578125 0.0546875
0 0.6890625 0.10625 0.015625 0.015625
0 0.44609375 0.32421875 0.0625 0.059375
0 0.43203125 0.253125 0.015625 0.015625
0 0.3109375 0.66796875 0.034375 0.03125
0 0.290625 0.4 0.0171875 0.015625
0 0.1140625 0.2875 0.125 0.11875
0 0.5 0.5 1 1
0 0.6609375 0.7953125 0.025 0.025
0 0.803125 0.91640625 0.3 0.1671875
0 0.2515625 0.878125 0.015625 0.015625
0 0.771875 0.9578125 0.015625 0.015625
0 0.85546875 0.584375 0.015625 0.015625
0 0.73046875 0.075 0.015625 0.015625
0 0.1203125 0.76953125 0.015625 0.0140625
0 0.17578125 0.3734375 0.015625 0.0140625
0 0.1640625 0.60546875 0.046875 0.04375
0 0.26640625 0.76015625 0.0109375 0.0109375
0 0.60234375 0.7125 0.015625 0.0140625
0 0.734375 0.73359375 0.0109375 0.009375
0 0.896875 0.80234375 0.0109375 0.009375
0 0.95625 0.31171875 0.0109375 0.009375
0 0.26015625 0.39609375 0.0109375 0.0109375
0 0.10859375 0.403125 0.0109375 0.0109375
0 0.04921875 0.5015625 0.0109375 0.0109375
0 0.3875 0.15859375 0.0125 0.0109375