0 0.0578125 0.165625 0.021875 0.0203125
0 0.0171875 0.21640625 0.034375 0.03125
0 0.7875 0.1921875 0.0375 0.034375
0 0.26640625 0.27265625 0.1640625 0.153125
0 0.975 0.13203125 0.0234375 0.021875
0 0.984375 0.90703125 0.03125 0.053125
0 0.95078125 0.91796875 0.021875 0.0203125
0 0.9203125 0.87890625 0.0203125 0.01875
0 0.78515625 0.96953125 0.0296875 0.028125
0 0.65 0.55859375 0.078125 0.075
0 0.81796875 0.59140625 0.01875 0.0171875
0 0.76484375 0.5171875 0.1390625 0.1296875
0 0.5171875 0.859375 0.065625 0.0625
0 0.55625 0.73125 0.05625 0.0515625
0 0.521875 0.590625 0.0375 0.034375
0 0.534375 0.55546875 0.01875 0.0171875
0 0.3921875 0.3734375 0.0421875 0.0390625
0 0.925 0.48984375 0.15 0.1875
0 0.025 0.86015625 0.025 0.021875
0 0.17265625 0.82265625 0.090625 0.084375
0 0.80703125 0.0546875 0.3375 0.109375
0 0.7671875 0.9515625 0.015625 0.015625
0 0.3140625 0.9625 0.015625 0.015625
0 0.25703125 0.8234375 0.0109375 0.009375
0 0.23359375 0.79140625 0.025 0.025
0 0.2171875 0.4546875 0.0125 0.0109375
0 0.44375 0.4046875 0.0125 0.0125
0 0.5265625 0.4015625 0.015625 0.0140625
0 0.8625 0.60546875 0.015625 0.0140625
0 0.96875 0.43671875 0.0125 0.0109375
0 0.953125 0.0875 0.015625 0.015625
0 0.8828125 0.0703125 0.0109375 0.009375
0 0.6828125 0.13515625 0.0125 0.0109375
0 0.46328125 0.17421875 0.0125 0.0125
0 0.45859375 0.23203125 0.0125 0.0109375
0 0.40390625 0.0609375 0.0109375 0.009375