0 0.31875 0.90546875 0.153125 0.153125
0 0.528125 0.97421875 0.0203125 0.0203125
0 0.94609375 0.92890625 0.0171875 0.0171875
0 0.471875 0.83359375 0.05078125 0.05078125
0 0.9078125 0.80625 0.06640625 0.06640625
0 0.825 0.1921875 0.0421875 0.0421875
0 0.846875 0.1234375 0.01640625 0.01640625
0 0.63125 0.26875 0.015625 0.015625
0 0.26875 0.1625 0.065625 0.065625
0 0.63203125 0.51484375 0.075 0.075
0 0.9234375 0.4390625 0.14375 0.14375
0 0.80625 0.52890625 0.0171875 0.0171875
0 0.07578125 0.56171875 0.1515625 0.17109375
0 0.2375 0.409375 0.01484375 0.01484375
0 0.5171875 0.2546875 0.01484375 0.01484375
0 0.6953125 0.1734375 0.0140625 0.0140625
0 0.73359375 0.0625 0.01171875 0.01171875
0 0.646875 0.15078125 0.5765625 0.3015625
0 0.2125 0.1828125 0.0125 0.0125
0 0.98828125 0.18125 0.0140625 0.0140625
0 0.9234375 0.1765625 0.0140625 0.0140625
0 0.9171875 0.89375 0.0140625 0.0140625
0 0.696875 0.8015625 0.01640625 0.01640625
0 0.94375 0.95 0.01171875 0.01171875
0 0.1703125 0.62265625 0.0109375 0.0109375
0 0.83125 0.95390625 0.0125 0.0125
0 0.028125 0.85859375 0.01171875 0.01171875
0 0.5125 0.8609375 0.0125 0.0125
0 0.66875 0.21484375 0.0140625 0.0140625
0 0.78671875 0.4484375 0.3890625 0.3890625
0 0.55390625 0.509375 0.0828125 0.0828125
0 0.35703125 0.7375 0.22265625 0.22265625
0 0.5 0.5 1 1
0 0.24140625 0.4515625 0.0109375 0.0109375
0 0.1 0.35234375 0.01640625 0.01640625
0 0.28828125 0.08125 0.0109375 0.0109375
0 0.4765625 0.3171875 0.0109375 0.0109375
0 0.55546875 0.0703125 0.0125 0.0125
0 0.75703125 0.3484375 0.009375 0.009375
0 0.7765625 0.38359375 0.01484375 0.01484375
0 0.984375 0.0796875 0.009375 0.009375
0 0.8859375 0.84765625 0.01640625 0.01640625
0 0.71171875 0.5546875 0.01171875 0.01171875
0 0.5984375 0.6390625 0.009375 0.009375
0 0.05546875 0.67265625 0.01171875 0.01171875
0 0.3265625 0.871875 0.009375 0.009375
0 0.559375 0.84921875 0.009375 0.009375
0 0.728125 0.96328125 0.0109375 0.0109375
0 0.79921875 0.9046875 0.01484375 0.01484375
0 0.82578125 0.89140625 0.0140625 0.0140625