0 0.946875 0.09609375 0.025 0.025
0 0.9125 0.9453125 0.0234375 0.025
0 0.4703125 0.92109375 0.05 0.053125
0 0.3875 0.8765625 0.01875 0.0203125
0 0.2515625 0.83828125 0.021875 0.0234375
0 0.30703125 0.6109375 0.034375 0.0359375
0 0.5359375 0.51328125 0.0546875 0.0578125
0 0.89375 0.68125 0.015625 0.015625
0 0.67578125 0.43671875 0.059375 0.0625
0 0.74609375 0.4265625 0.015625 0.015625
0 0.33203125 0.30390625 0.03125 0.034375
0 0.6 0.2859375 0.015625 0.0171875
0 0.7125 0.1140625 0.11875 0.125
0 0.871875 0.8078125 0.25625 0.3703125
0 0.2046875 0.65234375 0.025 0.025
0 0.08359375 0.803125 0.1671875 0.3
0 0.121875 0.24375 0.015625 0.015625
0 0.03984375 0.76328125 0.015625 0.015625
0 0.415625 0.85 0.015625 0.015625
0 0.92578125 0.72109375 0.015625 0.015625
0 0.23046875 0.11328125 0.0140625 0.015625
0 0.62734375 0.16640625 0.0140625 0.015625
0 0.39453125 0.1640625 0.04375 0.046875
0 0.2515625 0.2734375 0.0125 0.0109375
0 0.2875 0.59609375 0.0140625 0.015625
0 0.27734375 0.7359375 0.009375 0.0109375
0 0.19765625 0.896875 0.009375 0.0109375
0 0.7 0.9578125 0.009375 0.0109375
0 0.6171875 0.2640625 0.0109375 0.0109375
0 0.60625 0.11015625 0.0109375 0.0109375
0 0.50859375 0.05625 0.0109375 0.0109375
0 0.85078125 0.390625 0.0109375 0.0125