0 0.06015625 0.78984375 0.0171875 0.0171875
0 0.58671875 0.53203125 0.01875 0.01875
0 0.74921875 0.7203125 0.115625 0.115625
0 0.8578125 0.75390625 0.1140625 0.1140625
0 0.5296875 0.88515625 0.015625 0.015625
0 0.915625 0.89921875 0.16875 0.2015625
0 0.371875 0.57109375 0.0171875 0.0171875
0 0.4453125 0.8265625 0.16875 0.16875
0 0.9578125 0.1203125 0.015625 0.015625
0 0.7296875 0.109375 0.0265625 0.0265625
0 0.5984375 0.1140625 0.015625 0.015625
0 0.18125 0.1375 0.0171875 0.0171875
0 0.31171875 0.20546875 0.2078125 0.20625
0 0.33671875 0.29609375 0.0671875 0.0671875
0 0.1515625 0.0140625 0.025 0.025
0 0.0328125 0.4078125 0.015625 0.015625
0 0.090625 0.3890625 0.0140625 0.0140625
0 0.3671875 0.4046875 0.0125 0.0125
0 0.03984375 0.690625 0.0125 0.0125
0 0.3515625 0.48671875 0.3125 0.3125
0 0.3703125 0.75546875 0.015625 0.015625
0 0.14921875 0.53828125 0.0109375 0.0109375
0 0.07109375 0.70859375 0.0109375 0.0109375
0 0.0953125 0.7859375 0.0109375 0.0109375
0 0.0828125 0.90078125 0.009375 0.009375
0 0.2453125 0.721875 0.009375 0.009375
0 0.63984375 0.8703125 0.0125 0.0125
0 0.6578125 0.59921875 0.253125 0.253125
0 0.984375 0.07890625 0.0109375 0.0109375
0 0.8796875 0.13125 0.0109375 0.0109375
0 0.43125 0.0203125 0.046875 0.040625
0 0.065625 0.2953125 0.009375 0.009375
0 0.1875 0.18046875 0.0125 0.0125
0 0.2671875 0.18359375 0.0109375 0.0109375
0 0.9609375 0.56328125 0.0125 0.0125
0 0.96328125 0.4359375 0.0109375 0.0109375
0 0.88828125 0.20234375 0.0109375 0.0109375
0 0.73828125 0.4078125 0.09375 0.09375
0 0.93828125 0.68203125 0.0109375 0.0109375
0 0.73984375 0.8265625 0.0109375 0.0109375
0 0.59140625 0.72109375 0.0125 0.0125
0 0.4765625 0.634375 0.009375 0.009375
0 0.35703125 0.878125 0.0109375 0.0109375