0 0.96015625 0.9125 0.034375 0.03203125
0 0.7375 0.671875 0.03203125 0.03125
0 0.74375 0.3234375 0.0265625 0.025
0 0.61796875 0.88046875 0.10078125 0.0953125
0 0.82578125 0.653125 0.0828125 0.07890625
0 0.121875 0.846875 0.03125 0.0296875
0 0.20546875 0.6296875 0.0234375 0.021875
0 0.24296875 0.39765625 0.028125 0.02734375
0 0.62734375 0.58828125 0.7453125 0.8234375
0 0.45234375 0.24609375 0.0796875 0.0765625
0 0.96015625 0.24296875 0.0359375 0.034375
0 0.43125 0.01640625 0.0171875 0.01640625
0 0.259375 0.01640625 0.03515625 0.0328125
0 0.15546875 0.053125 0.0171875 0.0171875
0 0.0078125 0.678125 0.015625 0.0171875
0 0.05546875 0.07109375 0.01171875 0.0109375
0 0.2234375 0.4546875 0.01640625 0.015625
0 0.1921875 0.4640625 0.0109375 0.009375
0 0.3375 0.59453125 0.01640625 0.015625
0 0.41015625 0.534375 0.0140625 0.0125
0 0.36640625 0.89453125 0.0125 0.01171875
0 0.23828125 0.9421875 0.0171875 0.01640625
0 0.43828125 0.715625 0.01171875 0.0109375
0 0.5078125 0.82734375 0.0109375 0.009375
0 0.6796875 0.7375 0.0109375 0.009375
0 0.13125 0.42109375 0.0109375 0.009375
0 0.040625 0.42421875 0.0109375 0.009375
0 0.946875 0.275 0.0125 0.01171875
0 0.05 0.88359375 0.01171875 0.01171875