0 0.93984375 0.78984375 0.0171875 0.0171875
0 0.41328125 0.53203125 0.01875 0.01875
0 0.25078125 0.7203125 0.11640625 0.11640625
0 0.1421875 0.75390625 0.1140625 0.1140625
0 0.4703125 0.88515625 0.015625 0.015625
0 0.084375 0.89921875 0.16875 0.2015625
0 0.628125 0.57109375 0.0171875 0.0171875
0 0.5546875 0.8265625 0.16796875 0.16796875
0 0.0421875 0.1203125 0.01640625 0.01640625
0 0.2703125 0.109375 0.0265625 0.0265625
0 0.4015625 0.1140625 0.01640625 0.01640625
0 0.81875 0.1375 0.0171875 0.0171875
0 0.68828125 0.20546875 0.20703125 0.20625
0 0.66328125 0.29609375 0.0671875 0.0671875
0 0.8484375 0.0140625 0.025 0.025
0 0.9671875 0.4078125 0.015625 0.015625
0 0.909375 0.3890625 0.0140625 0.0140625
0 0.6328125 0.4046875 0.0125 0.0125
0 0.96015625 0.690625 0.01171875 0.01171875
0 0.6484375 0.48671875 0.3125 0.31171875
0 0.6296875 0.75546875 0.01484375 0.01484375
0 0.85078125 0.53828125 0.0109375 0.0109375
0 0.92890625 0.70859375 0.0109375 0.0109375
0 0.9046875 0.7859375 0.0109375 0.0109375
0 0.9171875 0.90078125 0.009375 0.009375
0 0.7546875 0.721875 0.009375 0.009375
0 0.36015625 0.8703125 0.0125 0.0125
0 0.3421875 0.59921875 0.25390625 0.253125
0 0.015625 0.07890625 0.0109375 0.0109375
0 0.1203125 0.13125 0.0109375 0.0109375
0 0.56875 0.0203125 0.046875 0.040625
0 0.934375 0.2953125 0.009375 0.009375
0 0.8125 0.18046875 0.01171875 0.01171875
0 0.7328125 0.18359375 0.0109375 0.0109375
0 0.0390625 0.56328125 0.01171875 0.01171875
0 0.03671875 0.4359375 0.0109375 0.0109375
0 0.11171875 0.20234375 0.0109375 0.0109375
0 0.26171875 0.4078125 0.09375 0.09375
0 0.06171875 0.68203125 0.0109375 0.0109375
0 0.26015625 0.8265625 0.0109375 0.0109375
0 0.40859375 0.72109375 0.01171875 0.01171875
0 0.5234375 0.634375 0.009375 0.009375
0 0.64296875 0.878125 0.0109375 0.0109375