0 0.63125 0.6703125 0.03125 0.034375
0 0.8171875 0.25234375 0.0625 0.0625
0 0.8765625 0.109375 0.028125 0.0296875
0 0.984375 0.11953125 0.03125 0.0453125
0 0.70390625 0.2171875 0.015625 0.015625
0 0.77421875 0.23671875 0.01875 0.01875
0 0.596875 0.10234375 0.015625 0.0171875
0 0.4671875 0.15 0.034375 0.034375
0 0.46015625 0.33828125 0.05 0.0515625
0 0.084375 0.271875 0.10625 0.109375
0 0.459375 0.4203125 0.021875 0.021875
0 0.028125 0.6859375 0.05625 0.1125
0 0.2484375 0.91484375 0.01875 0.01875
0 0.2625 0.84453125 0.3390625 0.3109375
0 0.4734375 0.54921875 0.2421875 0.25
0 0.2828125 0.696875 0.0125 0.0125
0 0.215625 0.58515625 0.0125 0.0125
0 0.3125 0.40859375 0.0140625 0.0140625
0 0.44140625 0.2625 0.0125 0.0125
0 0.3703125 0.09296875 0.0125 0.0125
0 0.16875 0.0375 0.0125 0.0125
0 0.30703125 0.10078125 0.0109375 0.0109375
0 0.89921875 0.78046875 0.015625 0.015625
0 0.77421875 0.45546875 0.0125 0.0125
0 0.8859375 0.303125 0.0125 0.0140625
0 0.9234375 0.8625 0.0109375 0.0109375
0 0.8078125 0.86640625 0.059375 0.0609375
0 0.06953125 0.69140625 0.0140625 0.0140625
0 0.0796875 0.76875 0.0125 0.0125
0 0.384375 0.2765625 0.0265625 0.028125
0 0.39375 0.7796875 0.0125 0.0125
0 0.7765625 0.4578125 0.009375 0.0109375
0 0.41796875 0.9 0.078125 0.08125