0 0.8953125 0.8234375 0.0359375 0.03125
0 0.853125 0.8140625 0.29296875 0.371875
0 0.63515625 0.98515625 0.04375 0.0296875
0 0.6578125 0.7765625 0.05625 0.05
0 0.52265625 0.7125 0.03515625 0.03046875
0 0.30625 0.6375 0.04765625 0.0421875
0 0.20234375 0.6734375 0.0234375 0.0203125
0 0.0203125 0.73984375 0.0171875 0.015625
0 0.1109375 0.6171875 0.0203125 0.0171875
0 0.19609375 0.41953125 0.17265625 0.15234375
0 0.2734375 0.27109375 0.546875 0.5421875
0 0.82421875 0.1953125 0.0328125 0.0296875
0 0.5359375 0.165625 0.28828125 0.2546875
0 0.19140625 0.55078125 0.09453125 0.0828125
0 0.44453125 0.3953125 0.01640625 0.01484375
0 0.6515625 0.15625 0.01484375 0.0125
0 0.78203125 0.12109375 0.0140625 0.0125
0 0.7875 0.17421875 0.0125 0.01171875
0 0.8265625 0.44609375 0.0140625 0.01171875
0 0.91328125 0.96328125 0.01484375 0.0125
0 0.5265625 0.9796875 0.015625 0.0140625
0 0.50078125 0.81328125 0.0140625 0.01171875
0 0.56875 0.95234375 0.01484375 0.0125
0 0.38359375 0.86875 0.0125 0.01171875
0 0.2796875 0.73359375 0.0140625 0.01171875
0 0.22890625 0.96484375 0.01171875 0.009375
0 0.83515625 0.5375 0.01171875 0.009375
0 0.89296875 0.3296875 0.01171875 0.009375
0 0.68515625 0.909375 0.0125 0.01171875
0 0.68359375 0.88046875 0.01171875 0.0109375
0 0.2546875 0.88359375 0.0125 0.0109375
0 0.69453125 0.496875 0.01171875 0.009375
0 0.8 0.384375 0.0125 0.01171875
0 0.6890625 0.48046875 0.0140625 0.01171875
0 0.52421875 0.2671875 0.0140625 0.01171875
0 0.63984375 0.265625 0.01171875 0.009375
0 0.69375 0.340625 0.0203125 0.01875
0 0.05703125 0.834375 0.01484375 0.0125
0 0.2296875 0.77890625 0.01171875 0.0109375
0 0.49140625 0.63984375 0.021875 0.01875