0 0.49921875 0.1296875 0.0265625 0.0234375
0 0.65625 0.18359375 0.0234375 0.021875
0 0.48125 0.32578125 0.0640625 0.059375
0 0.6515625 0.38671875 0.309375 0.2828125
0 0.25546875 0.64140625 0.5109375 0.7171875
0 0.1265625 0.82109375 0.015625 0.0140625
0 0.2203125 0.8328125 0.0125 0.0125
0 0.29765625 0.89921875 0.01875 0.0171875
0 0.48359375 0.79453125 0.028125 0.025
0 0.696875 0.759375 0.028125 0.025
0 0.19921875 0.14921875 0.015625 0.0125
0 0.13203125 0.48203125 0.015625 0.0140625
0 0.61015625 0.040625 0.015625 0.0125
0 0.978125 0.984375 0.015625 0.0140625
0 0.2046875 0.46953125 0.0125 0.0109375
0 0.3546875 0.38203125 0.015625 0.015625
0 0.41796875 0.33515625 0.0125 0.0125
0 0.80625 0.24921875 0.0140625 0.0125
0 0.8140625 0.0078125 0.0203125 0.015625
0 0.83359375 0.9734375 0.015625 0.015625