0 0.03984375 0.50546875 0.0359375 0.03125
0 0.05390625 0.4171875 0.05625 0.0515625
0 0.1765625 0.78046875 0.14375 0.128125
0 0.3515625 0.40546875 0.0578125 0.053125
0 0.26953125 0.25703125 0.0265625 0.0234375
0 0.4546875 0.20390625 0.19375 0.175
0 0.859375 0.24609375 0.28125 0.2578125
0 0.5 0.36484375 1 0.7296875
0 0.0078125 0.6703125 0.015625 0.015625
0 0.240625 0.68671875 0.0171875 0.015625
0 0.31015625 0.73125 0.015625 0.015625
0 0.43125 0.725 0.01875 0.015625
0 0.7890625 0.828125 0.0125 0.0125
0 0.71796875 0.97578125 0.0125 0.0109375
0 0.284375 0.9546875 0.0359375 0.03125
0 0.30546875 0.0609375 0.0109375 0.009375
0 0.76484375 0.728125 0.0125 0.0109375
0 0.86640625 0.775 0.0125 0.0109375
0 0.6578125 0.934375 0.015625 0.0140625
0 0.3484375 0.5015625 0.0109375 0.009375
0 0.28359375 0.64375 0.0125 0.0109375
0 0.60625 0.884375 0.0109375 0.009375
0 0.59453125 0.93046875 0.0125 0.0109375
0 0.646875 0.95625 0.0140625 0.0125
0 0.76015625 0.94453125 0.015625 0.0125
0 0.69609375 0.88203125 0.0125 0.009375
0 0.69140625 0.76171875 0.0109375 0.009375
0 0.65 0.7109375 0.0125 0.0109375
0 0.57109375 0.9953125 0.015625 0.009375
0 0.30078125 0.9703125 0.01875 0.0171875
0 0.290625 0.95390625 0.0140625 0.0125
0 0.259375 0.93828125 0.0265625 0.0234375