0 0.7703125 0.065625 0.025 0.021875
0 0.74921875 0.1421875 0.01875 0.01875
0 0.90078125 0.53984375 0.0296875 0.028125
0 0.434375 0.025 0.01875 0.0171875
0 0.58984375 0.45546875 0.121875 0.1125
0 0.028125 0.1234375 0.03125 0.0296875
0 0.04765625 0.8421875 0.0234375 0.021875
0 0.47109375 0.86015625 0.021875 0.01875
0 0.38125 0.9875 0.03125 0.025
0 0.321875 0.7390625 0.021875 0.01875
0 0.578125 0.75546875 0.059375 0.0546875
0 0.70546875 0.8265625 0.0484375 0.0453125
0 0.72734375 0.7984375 0.021875 0.0203125
0 0.71015625 0.5953125 0.01875 0.0171875
0 0.68984375 0.64921875 0.01875 0.0171875
0 0.509375 0.38984375 0.015625 0.015625
0 0.49921875 0.653125 0.015625 0.015625
0 0.68828125 0.9453125 0.0203125 0.01875
0 0.73125 0.1015625 0.0171875 0.015625
0 0.2703125 0.97734375 0.09375 0.0453125
0 0.1671875 0.86015625 0.0109375 0.009375
0 0.51875 0.9125 0.015625 0.0125
0 0.5328125 0.91484375 0.0140625 0.0125
0 0.571875 0.875 0.0203125 0.01875
0 0.60859375 0.76875 0.025 0.021875
0 0.609375 0.86484375 0.015625 0.015625
0 0.6828125 0.92734375 0.015625 0.015625
0 0.6984375 0.91484375 0.015625 0.0125
0 0.7234375 0.90390625 0.015625 0.015625
0 0.478125 0.653125 0.015625 0.0140625
0 0.41328125 0.2296875 0.0125 0.0109375
0 0.478125 0.06484375 0.015625 0.0140625
0 0.553125 0.0734375 0.0125 0.0109375
0 0.703125 0.07890625 0.0125 0.0109375
0 0.5828125 0.1875 0.0125 0.0109375
0 0.50625 0.2046875 0.0140625 0.0125
0 0.60859375 0.2203125 0.0109375 0.0109375
0 0.6484375 0.19609375 0.015625 0.015625
0 0.86875 0.08359375 0.0203125 0.01875
0 0.86875 0.18046875 0.025 0.0234375
0 0.4890625 0.309375 0.0140625 0.0125
0 0.4328125 0.4640625 0.0171875 0.015625
0 0.22421875 0.31328125 0.015625 0.0140625
0 0.13828125 0.31171875 0.0109375 0.009375
0 0.1625 0.1125 0.0125 0.0125
0 0.621875 0.015625 0.0125 0.0078125
0 0.6375 0.0421875 0.0125 0.0125
0 0.74296875 0.12734375 0.0109375 0.0109375
0 0.0984375 0.91953125 0.015625 0.0140625