0 0.28984375 0.825 0.0296875 0.0296875
0 0.64375 0.67890625 0.02421875 0.02421875
0 0.71796875 0.50625 0.05546875 0.05546875
0 0.83515625 0.49296875 0.02421875 0.02421875
0 0.8625 0.59296875 0.03125 0.03125
0 0.9546875 0.6703125 0.08984375 0.103125
0 0.9546875 0.7578125 0.0484375 0.0484375
0 0.97734375 0.140625 0.02421875 0.02421875
0 0.89375 0.246875 0.0984375 0.0984375
0 0.5609375 0.11875 0.04296875 0.04296875
0 0.09453125 0.0796875 0.1890625 0.159375
0 0.09296875 0.328125 0.1859375 0.2171875
0 0.7015625 0.1578125 0.025 0.025
0 0.83203125 0.2859375 0.015625 0.015625
0 0.921875 0.5796875 0.0140625 0.0140625
0 0.6703125 0.5671875 0.0140625 0.0140625
0 0.57265625 0.33125 0.01640625 0.01640625
0 0.46171875 0.4703125 0.0140625 0.0140625
0 0.32265625 0.484375 0.0171875 0.0171875
0 0.7703125 0.3296875 0.0125 0.0125
0 0.83515625 0.3703125 0.01171875 0.01171875
0 0.05390625 0.4015625 0.0125 0.0125
0 0.7953125 0.075 0.01953125 0.01953125
0 0.68828125 0.25078125 0.021875 0.0203125
0 0.675 0.3546875 0.01875 0.01875
0 0.7296875 0.18203125 0.0171875 0.0171875
0 0.61484375 0.35859375 0.01875 0.01875
0 0.54375 0.22734375 0.0234375 0.0234375
0 0.5734375 0.00703125 0.015625 0.0140625
0 0.7765625 0.00625 0.01484375 0.01171875
0 0.7734375 0.01953125 0.01640625 0.01640625
0 0.92734375 0.37890625 0.0109375 0.0109375
0 0.9859375 0.0109375 0.01171875 0.01171875
0 0.79296875 0.09296875 0.0140625 0.0140625
0 0.75625 0.25 0.01484375 0.01484375
0 0.95078125 0.19609375 0.0125 0.0125
0 0.709375 0.37734375 0.01171875 0.01171875
0 0.603125 0.359375 0.0109375 0.0109375
0 0.65625 0.46640625 0.01171875 0.01171875
0 0.72578125 0.3828125 0.0109375 0.0109375
0 0.4984375 0.153125 0.0109375 0.0109375
0 0.41015625 0.2578125 0.0125 0.0125
0 0.19453125 0.0328125 0.0140625 0.0140625
0 0.228125 0.1140625 0.021875 0.021875
0 0.0921875 0.315625 0.01171875 0.01171875
0 0.18125 0.378125 0.015625 0.015625
0 0.17421875 0.6296875 0.0125 0.0125
0 0.17734375 0.69375 0.009375 0.009375
0 0.17578125 0.70546875 0.0125 0.0125
0 0.3359375 0.471875 0.01640625 0.01640625
0 0.3125 0.7 0.0125 0.0125
0 0.41875 0.7625 0.0171875 0.0171875
0 0.4375 0.61875 0.0125 0.0125
0 0.53671875 0.66015625 0.015625 0.015625
0 0.565625 0.71484375 0.01640625 0.01640625
0 0.6796875 0.61640625 0.009375 0.009375
0 0.86015625 0.71953125 0.01171875 0.01171875
0 0.7203125 0.93046875 0.01171875 0.01171875
0 0.02421875 0.303125 0.0171875 0.0171875
0 0.02578125 0.3859375 0.025 0.025
0 0.028125 0.32734375 0.03046875 0.03046875
0 0.4796875 0.821875 0.01484375 0.01484375
0 0.78203125 0.2609375 0.01875 0.01875
0 0.13046875 0.540625 0.040625 0.040625
0 0.14921875 0.575 0.0171875 0.0171875
0 0.1578125 0.10625 0.0125 0.0125
0 0.55625 0.0921875 0.01640625 0.01640625
0 0.725 0.09609375 0.01640625 0.01640625
0 0.7203125 0.1109375 0.0125 0.0125
0 0.72265625 0.084375 0.021875 0.021875