0 0.3296875 0.63125 0.034375 0.03203125
0 0.74765625 0.8171875 0.06328125 0.06171875
0 0.890625 0.8765625 0.0296875 0.028125
0 0.88046875 0.984375 0.0453125 0.03125
0 0.7828125 0.70390625 0.01640625 0.01640625
0 0.76328125 0.77421875 0.01953125 0.01875
0 0.89765625 0.596875 0.0171875 0.01640625
0 0.85 0.4671875 0.03515625 0.034375
0 0.66171875 0.46015625 0.0515625 0.05078125
0 0.728125 0.084375 0.10859375 0.10546875
0 0.5796875 0.459375 0.02265625 0.021875
0 0.3140625 0.028125 0.1125 0.05546875
0 0.08515625 0.2484375 0.01953125 0.01875
0 0.15546875 0.2625 0.3109375 0.3390625
0 0.45078125 0.4734375 0.25078125 0.2421875
0 0.303125 0.2828125 0.0125 0.01171875
0 0.41484375 0.215625 0.01171875 0.01171875
0 0.59140625 0.3125 0.0140625 0.0140625
0 0.7375 0.44140625 0.01171875 0.01171875
0 0.90703125 0.3703125 0.01171875 0.01171875
0 0.9625 0.16875 0.01171875 0.01171875
0 0.89921875 0.30703125 0.0109375 0.0109375
0 0.21953125 0.89921875 0.01484375 0.01484375
0 0.54453125 0.77421875 0.0125 0.01171875
0 0.696875 0.8859375 0.0140625 0.0125
0 0.1375 0.9234375 0.0109375 0.0109375
0 0.13359375 0.8078125 0.0609375 0.05859375
0 0.30859375 0.06953125 0.0140625 0.0140625
0 0.23125 0.0796875 0.01171875 0.01171875
0 0.7234375 0.384375 0.02734375 0.0265625
0 0.2203125 0.39375 0.0125 0.01171875
0 0.5421875 0.7765625 0.0109375 0.009375
0 0.1 0.41796875 0.08203125 0.07890625