0 0.8703125 0.49921875 0.0234375 0.0265625
0 0.81640625 0.65625 0.021875 0.0234375
0 0.67421875 0.48125 0.059375 0.0640625
0 0.61328125 0.6515625 0.2828125 0.309375
0 0.35859375 0.25546875 0.7171875 0.5109375
0 0.17890625 0.1265625 0.0140625 0.015625
0 0.1671875 0.2203125 0.0125 0.0125
0 0.10078125 0.29765625 0.0171875 0.01875
0 0.20546875 0.48359375 0.025 0.028125
0 0.240625 0.696875 0.025 0.028125
0 0.85078125 0.19921875 0.0125 0.015625
0 0.51796875 0.13203125 0.0140625 0.015625
0 0.959375 0.61015625 0.0125 0.015625
0 0.015625 0.978125 0.0140625 0.015625
0 0.53046875 0.2046875 0.0109375 0.0125
0 0.61796875 0.3546875 0.015625 0.015625
0 0.66484375 0.41796875 0.0125 0.0125
0 0.75078125 0.80625 0.0125 0.0140625
0 0.9921875 0.8140625 0.015625 0.0203125
0 0.0265625 0.83359375 0.015625 0.015625