0 0.49921875 0.8703125 0.0265625 0.0234375
0 0.65625 0.81640625 0.0234375 0.021875
0 0.48125 0.67421875 0.0640625 0.05859375
0 0.6515625 0.61328125 0.30859375 0.2828125
0 0.25546875 0.35859375 0.5109375 0.7171875
0 0.1265625 0.17890625 0.01484375 0.0140625
0 0.2203125 0.1671875 0.0125 0.01171875
0 0.29765625 0.10078125 0.01875 0.0171875
0 0.48359375 0.20546875 0.02734375 0.025
0 0.696875 0.240625 0.028125 0.025
0 0.19921875 0.85078125 0.01484375 0.0125
0 0.13203125 0.51796875 0.01484375 0.0140625
0 0.61015625 0.959375 0.01484375 0.0125
0 0.978125 0.015625 0.01484375 0.0140625
0 0.2046875 0.53046875 0.01171875 0.0109375
0 0.3546875 0.61796875 0.01640625 0.01484375
0 0.41796875 0.66484375 0.0125 0.01171875
0 0.80625 0.75078125 0.0140625 0.0125
0 0.8140625 0.9921875 0.0203125 0.015625
0 0.83359375 0.0265625 0.01640625 0.015625