0 0.96015625 0.50546875 0.0359375 0.03203125
0 0.94609375 0.4171875 0.05625 0.0515625
0 0.8234375 0.78046875 0.14375 0.12890625
0 0.6484375 0.40546875 0.0578125 0.053125
0 0.73046875 0.25703125 0.0265625 0.0234375
0 0.5453125 0.20390625 0.19375 0.17578125
0 0.140625 0.24609375 0.28125 0.2578125
0 0.5 0.36484375 1 0.7296875
0 0.9921875 0.6703125 0.015625 0.015625
0 0.759375 0.68671875 0.0171875 0.015625
0 0.68984375 0.73125 0.01640625 0.015625
0 0.56875 0.725 0.01875 0.01640625
0 0.2109375 0.828125 0.0125 0.01171875
0 0.28203125 0.97578125 0.0125 0.0109375
0 0.715625 0.9546875 0.0359375 0.03203125
0 0.69453125 0.0609375 0.0109375 0.009375
0 0.23515625 0.728125 0.01171875 0.0109375
0 0.13359375 0.775 0.01171875 0.0109375
0 0.3421875 0.934375 0.015625 0.0140625
0 0.6515625 0.5015625 0.0109375 0.009375
0 0.71640625 0.64375 0.01171875 0.0109375
0 0.39375 0.884375 0.0109375 0.009375
0 0.40546875 0.93046875 0.0125 0.0109375
0 0.353125 0.95625 0.0140625 0.0125
0 0.23984375 0.94453125 0.01484375 0.0125
0 0.30390625 0.88203125 0.01171875 0.009375
0 0.30859375 0.76171875 0.0109375 0.009375
0 0.35 0.7109375 0.0125 0.0109375
0 0.42890625 0.9953125 0.015625 0.00859375
0 0.69921875 0.9703125 0.01953125 0.0171875
0 0.709375 0.95390625 0.0140625 0.0125
0 0.740625 0.93828125 0.0265625 0.0234375