0 0.2296875 0.934375 0.02421875 0.02265625
0 0.25078125 0.8578125 0.01953125 0.01875
0 0.09921875 0.46015625 0.0296875 0.02734375
0 0.565625 0.975 0.01953125 0.0171875
0 0.41015625 0.54453125 0.121875 0.11328125
0 0.971875 0.8765625 0.03125 0.0296875
0 0.95234375 0.1578125 0.0234375 0.021875
0 0.52890625 0.13984375 0.021875 0.01953125
0 0.61875 0.0125 0.03203125 0.02421875
0 0.678125 0.2609375 0.021875 0.01953125
0 0.421875 0.24453125 0.05859375 0.0546875
0 0.29453125 0.1734375 0.0484375 0.0453125
0 0.27265625 0.2015625 0.02265625 0.0203125
0 0.28984375 0.4046875 0.01875 0.0171875
0 0.31015625 0.35078125 0.01953125 0.0171875
0 0.490625 0.61015625 0.015625 0.01484375
0 0.50078125 0.346875 0.01640625 0.01484375
0 0.31171875 0.0546875 0.0203125 0.01875
0 0.26875 0.8984375 0.0171875 0.015625
0 0.7296875 0.02265625 0.09296875 0.0453125
0 0.8328125 0.13984375 0.0109375 0.009375
0 0.48125 0.0875 0.01484375 0.0125
0 0.4671875 0.08515625 0.0140625 0.0125
0 0.428125 0.125 0.0203125 0.01875
0 0.39140625 0.23125 0.02421875 0.02265625
0 0.390625 0.13515625 0.015625 0.01484375
0 0.3171875 0.07265625 0.015625 0.01484375
0 0.3015625 0.08515625 0.01484375 0.0125
0 0.2765625 0.09609375 0.01640625 0.015625
0 0.521875 0.346875 0.01484375 0.0140625
0 0.58671875 0.7703125 0.01171875 0.0109375
0 0.521875 0.93515625 0.01484375 0.0140625
0 0.446875 0.9265625 0.01171875 0.0109375
0 0.296875 0.92109375 0.01171875 0.0109375
0 0.4171875 0.8125 0.01171875 0.0109375
0 0.49375 0.7953125 0.0140625 0.0125
0 0.39140625 0.7796875 0.0109375 0.0109375
0 0.3515625 0.80390625 0.01640625 0.015625
0 0.13125 0.91640625 0.0203125 0.01953125
0 0.13125 0.81953125 0.025 0.0234375
0 0.5109375 0.690625 0.0140625 0.0125
0 0.5671875 0.5359375 0.0171875 0.015625
0 0.77578125 0.68671875 0.01484375 0.0140625
0 0.86171875 0.68828125 0.0109375 0.009375
0 0.8375 0.8875 0.0125 0.01171875
0 0.378125 0.984375 0.01171875 0.0078125
0 0.3625 0.9578125 0.0125 0.0125
0 0.25703125 0.87265625 0.0109375 0.0109375
0 0.9015625 0.08046875 0.01484375 0.0140625