0 0.67890625 0.71953125 0.0328125 0.03125
0 0.4515625 0.34453125 0.028125 0.028125
0 0.64921875 0.278125 0.015625 0.015625
0 0.76015625 0.2390625 0.0375 0.0375
0 0.70625 0.8125 0.1140625 0.1125
0 0.6859375 0.42890625 0.021875 0.021875
0 0.16015625 0.465625 0.3203125 0.375
0 0.86015625 0.284375 0.209375 0.20625
0 0.7796875 0.02890625 0.090625 0.0578125
0 0.509375 0.18046875 0.01875 0.0171875
0 0.62421875 0.32109375 0.0109375 0.0109375
0 0.915625 0.52890625 0.0125 0.0125
0 0.90859375 0.6140625 0.0125 0.0125
0 0.9171875 0.73515625 0.0140625 0.0140625
0 0.29375 0.51328125 0.0125 0.0125
0 0.6 0.9640625 0.015625 0.015625
0 0.4234375 0.990625 0.0125 0.0125
0 0.40078125 0.92890625 0.0125 0.0125
0 0.084375 0.86015625 0.01875 0.01875
0 0.2546875 0.6734375 0.0125 0.0125
0 0.1265625 0.7484375 0.0203125 0.0203125
0 0.35625 0.8203125 0.0125 0.0109375
0 0.1921875 0.9 0.0125 0.0125
0 0.0640625 0.26875 0.0125 0.0125
0 0.71015625 0.090625 0.0109375 0.0109375
0 0.50390625 0.0921875 0.009375 0.009375
0 0.21015625 0.009375 0.015625 0.015625
0 0.38125 0.12578125 0.0109375 0.0109375
0 0.67265625 0.384375 0.0109375 0.009375
0 0.61328125 0.50859375 0.0109375 0.0109375
0 0.0296875 0.6046875 0.0109375 0.0109375
0 0.10859375 0.815625 0.0109375 0.009375
0 0.17109375 0.97734375 0.0109375 0.009375
0 0.803125 0.9578125 0.0109375 0.009375
0 0.32109375 0.365625 0.046875 0.046875