0 0.32109375 0.71953125 0.0328125 0.03125
0 0.5484375 0.34453125 0.028125 0.028125
0 0.35078125 0.278125 0.015625 0.015625
0 0.23984375 0.2390625 0.0375 0.0375
0 0.29375 0.8125 0.1140625 0.1125
0 0.3140625 0.42890625 0.021875 0.021875
0 0.83984375 0.465625 0.3203125 0.375
0 0.13984375 0.284375 0.2109375 0.2078125
0 0.2203125 0.02890625 0.090625 0.0578125
0 0.490625 0.18046875 0.01875 0.0171875
0 0.37578125 0.32109375 0.0109375 0.0109375
0 0.084375 0.52890625 0.0125 0.0125
0 0.09140625 0.6140625 0.0125 0.0125
0 0.0828125 0.73515625 0.0140625 0.0140625
0 0.70625 0.51328125 0.0125 0.0125
0 0.4 0.9640625 0.015625 0.015625
0 0.5765625 0.990625 0.0125 0.0125
0 0.59921875 0.92890625 0.0125 0.0125
0 0.915625 0.86015625 0.01875 0.01875
0 0.7453125 0.6734375 0.0125 0.0125
0 0.8734375 0.7484375 0.0203125 0.0203125
0 0.64375 0.8203125 0.0125 0.0109375
0 0.8078125 0.9 0.0125 0.0125
0 0.9359375 0.26875 0.0125 0.0125
0 0.28984375 0.090625 0.0109375 0.0109375
0 0.49609375 0.0921875 0.009375 0.009375
0 0.78984375 0.009375 0.015625 0.015625
0 0.61875 0.12578125 0.0109375 0.0109375
0 0.32734375 0.384375 0.0109375 0.009375
0 0.38671875 0.50859375 0.0109375 0.0109375
0 0.9703125 0.6046875 0.0109375 0.0109375
0 0.89140625 0.815625 0.0109375 0.009375
0 0.82890625 0.97734375 0.0109375 0.009375
0 0.196875 0.9578125 0.0109375 0.009375
0 0.67890625 0.365625 0.046875 0.046875