0 0.03984375 0.0875 0.034375 0.03125
0 0.2625 0.328125 0.0328125 0.03125
0 0.25625 0.6765625 0.0265625 0.025
0 0.38203125 0.11953125 0.1015625 0.0953125
0 0.17421875 0.346875 0.0828125 0.0796875
0 0.878125 0.153125 0.03125 0.0296875
0 0.79453125 0.3703125 0.0234375 0.021875
0 0.75703125 0.60234375 0.028125 0.028125
0 0.37265625 0.41171875 0.7453125 0.8234375
0 0.54765625 0.75390625 0.0796875 0.0765625
0 0.03984375 0.75703125 0.0359375 0.034375
0 0.56875 0.98359375 0.0171875 0.015625
0 0.740625 0.98359375 0.034375 0.0328125
0 0.84453125 0.946875 0.0171875 0.0171875
0 0.9921875 0.321875 0.015625 0.0171875
0 0.94453125 0.92890625 0.0125 0.0109375
0 0.7765625 0.5453125 0.015625 0.015625
0 0.8078125 0.5359375 0.0109375 0.009375
0 0.6625 0.40546875 0.015625 0.015625
0 0.58984375 0.465625 0.0140625 0.0125
0 0.63359375 0.10546875 0.0125 0.0125
0 0.76171875 0.0578125 0.0171875 0.015625
0 0.56171875 0.284375 0.0125 0.0109375
0 0.4921875 0.17265625 0.0109375 0.009375
0 0.3203125 0.2625 0.0109375 0.009375
0 0.86875 0.57890625 0.0109375 0.009375
0 0.959375 0.57578125 0.0109375 0.009375
0 0.053125 0.725 0.0125 0.0125
0 0.95 0.11640625 0.0125 0.0125