0 0.0890625 0.915625 0.128125 0.140625
0 0.10078125 0.0265625 0.021875 0.025
0 0.13359375 0.20078125 0.0640625 0.0703125
0 0.0515625 0.1234375 0.103125 0.1203125
0 0.78046875 0.209375 0.025 0.0265625
0 0.6109375 0.0875 0.028125 0.03125
0 0.20625 0.26640625 0.0296875 0.03125
0 0.20234375 0.31796875 0.0703125 0.0765625
0 0.18984375 0.83671875 0.025 0.0265625
0 0.4125 0.96015625 0.021875 0.025
0 0.53515625 0.57734375 0.053125 0.0578125
0 0.609375 0.36953125 0.059375 0.0640625
0 0.63984375 0.3265625 0.0203125 0.021875
0 0.72890625 0.35 0.071875 0.078125
0 0.94375 0.759375 0.015625 0.0171875
0 0.7859375 0.90546875 0.053125 0.059375
0 0.9390625 0.45703125 0.01875 0.021875
0 0.81796875 0.36953125 0.015625 0.015625
0 0.85703125 0.35234375 0.0140625 0.015625
0 0.15078125 0.534375 0.0140625 0.015625
0 0.1265625 0.47734375 0.0171875 0.01875
0 0.54375 0.2375 0.0125 0.015625
0 0.94609375 0.27890625 0.009375 0.0109375
0 0.85234375 0.38671875 0.009375 0.0109375
0 0.9953125 0.55 0.009375 0.015625
0 0.96640625 0.55 0.009375 0.0109375
0 0.91171875 0.66875 0.009375 0.0109375
0 0.9046875 0.7234375 0.009375 0.0109375
0 0.9328125 0.846875 0.0109375 0.0125
0 0.56484375 0.978125 0.0109375 0.0125
0 0.5953125 0.8 0.0125 0.0125
0 0.71015625 0.64765625 0.0109375 0.0125
0 0.64140625 0.64375 0.0125 0.0125
0 0.47890625 0.553125 0.015625 0.015625
0 0.60859375 0.0484375 0.0328125 0.0359375
0 0.26328125 0.22578125 0.0125 0.0140625
0 0.0921875 0.6734375 0.0125 0.0125
0 0.2375 0.76484375 0.0125 0.0125
0 0.15 0.5109375 0.0140625 0.015625