0 0.9109375 0.915625 0.128125 0.140625
0 0.89921875 0.0265625 0.021875 0.025
0 0.86640625 0.20078125 0.0640625 0.0703125
0 0.9484375 0.1234375 0.103125 0.1203125
0 0.21953125 0.209375 0.025 0.0265625
0 0.3890625 0.0875 0.028125 0.03125
0 0.79375 0.26640625 0.0296875 0.03125
0 0.79765625 0.31796875 0.0703125 0.0765625
0 0.81015625 0.83671875 0.025 0.0265625
0 0.5875 0.96015625 0.021875 0.025
0 0.46484375 0.57734375 0.053125 0.0578125
0 0.390625 0.36953125 0.059375 0.0640625
0 0.36015625 0.3265625 0.0203125 0.021875
0 0.27109375 0.35 0.071875 0.078125
0 0.05625 0.759375 0.015625 0.0171875
0 0.2140625 0.90546875 0.053125 0.059375
0 0.0609375 0.45703125 0.01875 0.021875
0 0.18203125 0.36953125 0.015625 0.015625
0 0.14296875 0.35234375 0.0140625 0.015625
0 0.84921875 0.534375 0.0140625 0.015625
0 0.8734375 0.47734375 0.0171875 0.01875
0 0.45625 0.2375 0.0125 0.015625
0 0.05390625 0.27890625 0.009375 0.0109375
0 0.14765625 0.38671875 0.009375 0.0109375
0 0.0046875 0.55 0.009375 0.015625
0 0.03359375 0.55 0.009375 0.0109375
0 0.08828125 0.66875 0.009375 0.0109375
0 0.0953125 0.7234375 0.009375 0.0109375
0 0.0671875 0.846875 0.0109375 0.0125
0 0.43515625 0.978125 0.0109375 0.0125
0 0.4046875 0.8 0.0125 0.0125
0 0.28984375 0.64765625 0.0109375 0.0125
0 0.35859375 0.64375 0.0125 0.0125
0 0.52109375 0.553125 0.015625 0.015625
0 0.39140625 0.0484375 0.0328125 0.0359375
0 0.73671875 0.22578125 0.0125 0.0140625
0 0.9078125 0.6734375 0.0125 0.0125
0 0.7625 0.76484375 0.0125 0.0125
0 0.85 0.5109375 0.0140625 0.015625