0 0.67265625 0.7296875 0.06953125 0.0671875
0 0.5953125 0.67890625 0.0234375 0.02265625
0 0.37265625 0.5203125 0.24140625 0.2359375
0 0.2296875 0.540625 0.28515625 0.2796875
0 0.43515625 0.453125 0.0203125 0.0203125
0 0.059375 0.6578125 0.01953125 0.01953125
0 0.021875 0.37109375 0.0359375 0.03515625
0 0.0484375 0.35078125 0.04296875 0.0421875
0 0.2734375 0.340625 0.025 0.02421875
0 0.4640625 0.38984375 0.1046875 0.10234375
0 0.58828125 0.40234375 0.07734375 0.075
0 0.7078125 0.41875 0.1015625 0.1
0 0.9859375 0.38671875 0.02734375 0.0296875
0 0.9734375 0.36328125 0.03203125 0.03125
0 0.89609375 0.09453125 0.0203125 0.0203125
0 0.94296875 0.12578125 0.0171875 0.01640625
0 0.23203125 0.2703125 0.01171875 0.01171875
0 0.2328125 0.16953125 0.0125 0.0125
0 0.41484375 0.19140625 0.0171875 0.01640625
0 0.64375 0.31328125 0.01484375 0.01484375
0 0.88203125 0.41484375 0.015625 0.015625
0 0.75859375 0.79375 0.01171875 0.01171875
0 0.6953125 0.7921875 0.01171875 0.01171875
0 0.40234375 0.84453125 0.0171875 0.0171875
0 0.525 0.45078125 0.01484375 0.01484375
0 0.534375 0.359375 0.01171875 0.01171875
0 0.24453125 0.6703125 0.02734375 0.02734375
0 0.0296875 0.471875 0.0171875 0.0171875
0 0.00859375 0.85859375 0.01171875 0.01171875
0 0.00703125 0.98359375 0.0140625 0.0140625
0 0.6921875 0.9734375 0.0125 0.0125
0 0.165625 0.31484375 0.0109375 0.009375
0 0.6359375 0.21171875 0.01171875 0.01171875
0 0.77421875 0.1171875 0.009375 0.009375
0 0.31171875 0.77109375 0.0125 0.0125
0 0.25078125 0.1640625 0.0890625 0.08671875
0 0.32578125 0.228125 0.015625 0.01484375
0 0.31875 0.15703125 0.025 0.02421875
0 0.04609375 0.32890625 0.01484375 0.01484375
0 0.04375 0.3015625 0.0125 0.0125
0 0.734375 0.36015625 0.009375 0.009375
0 0.89765625 0.89921875 0.0125 0.01171875
0 0.64375 0.78828125 0.0125 0.0125
0 0.30234375 0.0734375 0.0171875 0.0171875
0 0.3765625 0.525 0.0171875 0.0171875