0 0.9375 0.5796875 0.01640625 0.01640625
0 0.8375 0.5671875 0.0203125 0.01953125
0 0.7875 0.646875 0.028125 0.02734375
0 0.82734375 0.65546875 0.05 0.046875
0 0.71015625 0.7140625 0.02734375 0.0265625
0 0.74609375 0.76484375 0.3359375 0.321875
0 0.5578125 0.96640625 0.11640625 0.0671875
0 0.46640625 0.9890625 0.028125 0.0203125
0 0.4421875 0.6609375 0.1375 0.13203125
0 0.24921875 0.646875 0.0984375 0.09453125
0 0.109375 0.71171875 0.21875 0.2671875
0 0.0578125 0.46640625 0.115625 0.1953125
0 0.28125 0.21171875 0.03203125 0.03125
0 0.24453125 0.0703125 0.03125 0.0296875
0 0.4234375 0.34375 0.0296875 0.02734375
0 0.4890625 0.09375 0.02265625 0.021875
0 0.4546875 0.36796875 0.028125 0.0265625
0 0.559375 0.403125 0.1953125 0.18671875
0 0.7640625 0.415625 0.0359375 0.034375
0 0.709375 0.31328125 0.0828125 0.07890625
0 0.625 0.15 0.025 0.02421875
0 0.6703125 0.07421875 0.0203125 0.01953125
0 0.85859375 0.2265625 0.234375 0.2234375
0 0.19609375 0.24296875 0.015625 0.015625
0 0.690625 0.04453125 0.01171875 0.01171875
0 0.5234375 0.465625 0.0125 0.0125
0 0.846875 0.78046875 0.0140625 0.0140625
0 0.9703125 0.08125 0.0140625 0.0125
0 0.55546875 0.25234375 0.0125 0.01171875
0 0.5359375 0.36015625 0.0109375 0.009375
0 0.63671875 0.57734375 0.0109375 0.0109375
0 0.44453125 0.5125 0.028125 0.02734375
0 0.31328125 0.190625 0.0140625 0.0125
0 0.1984375 0.278125 0.01171875 0.01171875
0 0.13203125 0.2875 0.0171875 0.01640625
0 0.0015625 0.4140625 0.003125 0.0109375
0 0.13046875 0.38046875 0.0109375 0.0109375
0 0.4328125 0.81328125 0.0125 0.01171875
0 0.4015625 0.81484375 0.0140625 0.0140625
0 0.52421875 0.86015625 0.01171875 0.01171875
0 0.9734375 0.95625 0.01171875 0.0109375
0 0.75078125 0.95078125 0.0109375 0.0109375
0 0.4 0.96328125 0.01875 0.0171875
0 0.68828125 0.33984375 0.0125 0.0125
0 0.84375 0.95234375 0.0140625 0.0125
0 0.73359375 0.6265625 0.01640625 0.015625
0 0.76875 0.6375 0.0125 0.01171875
0 0.58984375 0.56328125 0.0140625 0.0125
0 0.09765625 0.22421875 0.01953125 0.01875
0 0.3109375 0.21796875 0.021875 0.0203125