0 0.3734375 0.93671875 0.03125 0.028125
0 0.6765625 0.815625 0.021875 0.0203125
0 0.7015625 0.2015625 0.028125 0.025
0 0.746875 0.42734375 0.0390625 0.0359375
0 0.60078125 0.371875 0.08125 0.0765625
0 0.63984375 0.475 0.2125 0.1984375
0 0.49140625 0.45859375 0.0265625 0.025
0 0.21171875 0.403125 0.0546875 0.0515625
0 0.69453125 0.346875 0.0875 0.08125
0 0.9921875 0.15625 0.015625 0.01875
0 0.90546875 0.1421875 0.0203125 0.01875
0 0.88671875 0.134375 0.015625 0.015625
0 0.92109375 0.040625 0.01875 0.01875
0 0.89609375 0.06171875 0.01875 0.0171875
0 0.81328125 0.09140625 0.01875 0.01875
0 0.8015625 0.0328125 0.028125 0.0265625
0 0.60546875 0.0140625 0.021875 0.01875
0 0.43125 0.04453125 0.0171875 0.015625
0 0.44765625 0.06015625 0.025 0.021875
0 0.46328125 0.0796875 0.0171875 0.015625
0 0.6765625 0.075 0.0375 0.034375
0 0.39375 0.0453125 0.01875 0.0171875
0 0.5234375 0.00703125 0.01875 0.0140625
0 0.5265625 0.275 0.01875 0.0171875
0 0.4828125 0.0046875 0.015625 0.009375
0 0.78125 0.6859375 0.015625 0.015625
0 0.8453125 0.6765625 0.0140625 0.0125
0 0.8859375 0.00703125 0.021875 0.0140625
0 0.846875 0.11796875 0.015625 0.015625
0 0.8453125 0.134375 0.0203125 0.01875
0 0.9828125 0.071875 0.0203125 0.01875
0 0.97890625 0.26796875 0.0171875 0.015625
0 0.6703125 0.66328125 0.028125 0.025
0 0.6234375 0.6765625 0.025 0.021875
0 0.65078125 0.70390625 0.028125 0.0265625
0 0.48359375 0.64375 0.03125 0.028125
0 0.98125 0.0953125 0.0125 0.0109375
0 0.9859375 0.11796875 0.015625 0.0140625
0 0.98125 0.13125 0.0125 0.0125
0 0.928125 0.0203125 0.01875 0.015625
0 0.9203125 0.071875 0.0140625 0.0125
0 0.878125 0.1734375 0.0171875 0.015625
0 0.77421875 0.028125 0.028125 0.025
0 0.90703125 0.06953125 0.0109375 0.009375
0 0.9203125 0.1 0.0140625 0.0125
0 0.6671875 0.115625 0.0125 0.0125
0 0.62578125 0.0453125 0.01875 0.0171875
0 0.653125 0.06328125 0.021875 0.01875
0 0.62890625 0.09921875 0.015625 0.0140625
0 0.61015625 0.10234375 0.0171875 0.015625
0 0.61640625 0.11484375 0.01875 0.0171875
0 0.50859375 0.06953125 0.015625 0.0140625
0 0.4328125 0.13203125 0.0125 0.0125
0 0.5703125 0.040625 0.0125 0.0125
0 0.5765625 0.0515625 0.015625 0.0140625
0 0.56171875 0.0765625 0.015625 0.015625
0 0.575 0.06640625 0.0125 0.0125
0 0.025 0.3625 0.0109375 0.0109375
0 0.1203125 0.415625 0.0140625 0.0125
0 0.2046875 0.58125 0.01875 0.01875
0 0.2546875 0.53671875 0.0125 0.0125
0 0.69609375 0.28359375 0.0109375 0.0109375
0 0.83828125 0.46953125 0.0125 0.0125
0 0.84296875 0.48515625 0.0140625 0.0125
0 0.409375 0.6125 0.0125 0.0109375
0 0.9125 0.56875 0.015625 0.015625
0 0.82578125 0.428125 0.0171875 0.015625
0 0.496875 0.43359375 0.0125 0.0125
0 0.28359375 0.65703125 0.03125 0.0296875
0 0.43125 0.76953125 0.8625 0.4609375
0 0.17109375 0.428125 0.340625 0.53125