0 0.57890625 0.05625 0.015625 0.015625
0 0.5671875 0.15703125 0.01875 0.0203125
0 0.646875 0.2125 0.028125 0.028125
0 0.65546875 0.17265625 0.046875 0.05
0 0.7140625 0.28984375 0.0265625 0.028125
0 0.76484375 0.25390625 0.321875 0.3359375
0 0.96640625 0.4421875 0.0671875 0.115625
0 0.98984375 0.528125 0.0203125 0.028125
0 0.6609375 0.5578125 0.13125 0.1375
0 0.646875 0.75078125 0.09375 0.0984375
0 0.71171875 0.890625 0.2671875 0.21875
0 0.46640625 0.9421875 0.1953125 0.115625
0 0.209375 0.709375 0.03125 0.03125
0 0.06875 0.74921875 0.0296875 0.03125
0 0.34375 0.57109375 0.028125 0.0296875
0 0.096875 0.5046875 0.021875 0.021875
0 0.36796875 0.540625 0.0265625 0.028125
0 0.403125 0.440625 0.1875 0.1953125
0 0.41328125 0.22734375 0.034375 0.0359375
0 0.31328125 0.290625 0.078125 0.0828125
0 0.15 0.36640625 0.025 0.025
0 0.0734375 0.3234375 0.01875 0.0203125
0 0.2265625 0.14140625 0.2234375 0.234375
0 0.24375 0.7953125 0.015625 0.015625
0 0.0421875 0.30078125 0.0125 0.0125
0 0.465625 0.4765625 0.0125 0.0125
0 0.78046875 0.153125 0.0140625 0.0140625
0 0.08125 0.0296875 0.0125 0.0140625
0 0.25234375 0.44453125 0.0125 0.0125
0 0.36015625 0.4640625 0.009375 0.0109375
0 0.56796875 0.36796875 0.0109375 0.0109375
0 0.5125 0.55546875 0.028125 0.028125
0 0.1890625 0.68125 0.0125 0.0140625
0 0.275 0.79375 0.0125 0.0125
0 0.2875 0.8609375 0.015625 0.0171875
0 0.4140625 0.9984375 0.0109375 0.003125
0 0.38046875 0.86953125 0.0109375 0.0109375
0 0.815625 0.5609375 0.0125 0.0125
0 0.81484375 0.59453125 0.0140625 0.0140625
0 0.86171875 0.4703125 0.0125 0.0125
0 0.95625 0.0265625 0.0109375 0.0125
0 0.95078125 0.24921875 0.0109375 0.0109375
0 0.96328125 0.59453125 0.0171875 0.01875
0 0.33984375 0.31171875 0.0125 0.0125
0 0.95234375 0.15625 0.0125 0.0140625
0 0.6265625 0.26640625 0.015625 0.015625
0 0.6375 0.23125 0.0125 0.0125
0 0.56328125 0.41015625 0.0125 0.0140625
0 0.221875 0.89140625 0.01875 0.0203125
0 0.21796875 0.68125 0.0203125 0.021875