0 0.7296875 0.32734375 0.0671875 0.06875
0 0.67890625 0.4046875 0.021875 0.0234375
0 0.5203125 0.62734375 0.2359375 0.240625
0 0.540625 0.7703125 0.2796875 0.284375
0 0.453125 0.56484375 0.0203125 0.0203125
0 0.6578125 0.940625 0.01875 0.01875
0 0.37109375 0.978125 0.034375 0.0359375
0 0.35078125 0.9515625 0.0421875 0.04375
0 0.340625 0.7265625 0.025 0.025
0 0.38984375 0.5359375 0.103125 0.1046875
0 0.40234375 0.41171875 0.075 0.078125
0 0.41875 0.2921875 0.1 0.1015625
0 0.38671875 0.0140625 0.0296875 0.028125
0 0.36328125 0.0265625 0.03125 0.03125
0 0.09453125 0.10390625 0.0203125 0.0203125
0 0.12578125 0.05703125 0.015625 0.0171875
0 0.2703125 0.76796875 0.0125 0.0125
0 0.16953125 0.7671875 0.0125 0.0125
0 0.19140625 0.58515625 0.015625 0.0171875
0 0.31328125 0.35625 0.015625 0.015625
0 0.41484375 0.11796875 0.015625 0.015625
0 0.79375 0.24140625 0.0125 0.0125
0 0.7921875 0.3046875 0.0125 0.0125
0 0.84453125 0.59765625 0.0171875 0.0171875
0 0.45078125 0.475 0.015625 0.015625
0 0.359375 0.465625 0.0125 0.0125
0 0.6703125 0.75546875 0.028125 0.028125
0 0.471875 0.9703125 0.0171875 0.0171875
0 0.85859375 0.99140625 0.0125 0.0125
0 0.98359375 0.99296875 0.0140625 0.0140625
0 0.9734375 0.3078125 0.0125 0.0125
0 0.31484375 0.834375 0.009375 0.0109375
0 0.21171875 0.3640625 0.0125 0.0125
0 0.1171875 0.22578125 0.009375 0.009375
0 0.77109375 0.68828125 0.0125 0.0125
0 0.1640625 0.74921875 0.0875 0.0890625
0 0.228125 0.67421875 0.015625 0.015625
0 0.15703125 0.68125 0.025 0.025
0 0.32890625 0.95390625 0.015625 0.015625
0 0.3015625 0.95625 0.0125 0.0125
0 0.36015625 0.265625 0.009375 0.009375
0 0.89921875 0.10234375 0.0125 0.0125
0 0.78828125 0.35625 0.0125 0.0125
0 0.0734375 0.69765625 0.0171875 0.0171875
0 0.525 0.6234375 0.0171875 0.0171875