0 0.94375 0.57890625 0.015625 0.015625
0 0.84296875 0.5671875 0.0203125 0.01875
0 0.7875 0.646875 0.028125 0.028125
0 0.82734375 0.65546875 0.05 0.046875
0 0.71015625 0.7140625 0.028125 0.0265625
0 0.74609375 0.76484375 0.3359375 0.321875
0 0.5578125 0.96640625 0.115625 0.0671875
0 0.471875 0.98984375 0.028125 0.0203125
0 0.4421875 0.6609375 0.1375 0.13125
0 0.24921875 0.646875 0.0984375 0.09375
0 0.109375 0.71171875 0.21875 0.2671875
0 0.0578125 0.46640625 0.115625 0.1953125
0 0.290625 0.209375 0.03125 0.03125
0 0.25078125 0.06875 0.03125 0.0296875
0 0.42890625 0.34375 0.0296875 0.028125
0 0.4953125 0.096875 0.021875 0.021875
0 0.459375 0.36796875 0.028125 0.0265625
0 0.559375 0.403125 0.1953125 0.1875
0 0.77265625 0.41328125 0.0359375 0.034375
0 0.709375 0.31328125 0.0828125 0.078125
0 0.63359375 0.15 0.025 0.025
0 0.6765625 0.0734375 0.0203125 0.01875
0 0.85859375 0.2265625 0.234375 0.2234375
0 0.2046875 0.24375 0.015625 0.015625
0 0.69921875 0.0421875 0.0125 0.0125
0 0.5234375 0.465625 0.0125 0.0125
0 0.846875 0.78046875 0.0140625 0.0140625
0 0.9703125 0.08125 0.0140625 0.0125
0 0.55546875 0.25234375 0.0125 0.0125
0 0.5359375 0.36015625 0.0109375 0.009375
0 0.63203125 0.56796875 0.0109375 0.0109375
0 0.44453125 0.5125 0.028125 0.028125
0 0.31875 0.1890625 0.0140625 0.0125
0 0.20625 0.275 0.0125 0.0125
0 0.1390625 0.2875 0.0171875 0.015625
0 0.0015625 0.4140625 0.003125 0.0109375
0 0.13046875 0.38046875 0.0109375 0.0109375
0 0.4390625 0.815625 0.0125 0.0125
0 0.40546875 0.81484375 0.0140625 0.0140625
0 0.5296875 0.86171875 0.0125 0.0125
0 0.9734375 0.95625 0.0125 0.0109375
0 0.75078125 0.95078125 0.0109375 0.0109375
0 0.40546875 0.96328125 0.01875 0.0171875
0 0.68828125 0.33984375 0.0125 0.0125
0 0.84375 0.95234375 0.0140625 0.0125
0 0.73359375 0.6265625 0.015625 0.015625
0 0.76875 0.6375 0.0125 0.0125
0 0.58984375 0.56328125 0.0140625 0.0125
0 0.10859375 0.221875 0.01875 0.01875
0 0.31875 0.21796875 0.021875 0.0203125