0 0.11640625 0.71796875 0.2328125 0.2734375
0 0.51953125 0.4125 0.0203125 0.0203125
0 0.603125 0.45234375 0.0171875 0.0171875
0 0.90234375 0.81484375 0.0359375 0.03515625
0 0.93828125 0.63125 0.0671875 0.06640625
0 0.721875 0.3046875 0.0328125 0.0328125
0 0.72109375 0.26484375 0.02734375 0.0265625
0 0.7734375 0.140625 0.02734375 0.02734375
0 0.7046875 0.21796875 0.02265625 0.02265625
0 0.8 0.24609375 0.18671875 0.1859375
0 0.87890625 0.1515625 0.2421875 0.303125
0 0.3 0.0484375 0.02734375 0.02734375
0 0.22734375 0.1671875 0.03828125 0.03828125
0 0.7234375 0.0953125 0.0171875 0.0171875
0 0.54453125 0.240625 0.0125 0.0125
0 0.43125 0.359375 0.0125 0.0125
0 0.584375 0.0640625 0.01640625 0.01640625
0 0.503125 0.33828125 0.0109375 0.0109375
0 0.190625 0.06875 0.0140625 0.0140625
0 0.190625 0.803125 0.0109375 0.0109375
0 0.384375 0.60625 0.0109375 0.009375
0 0.41875 0.446875 0.0140625 0.0140625
0 0.6546875 0.6921875 0.01640625 0.01640625
0 0.69375 0.61015625 0.01875 0.01875
0 0.66875 0.54765625 0.0109375 0.0109375
0 0.00703125 0.06875 0.01171875 0.01171875
0 0.14140625 0.003125 0.0109375 0.00625
0 0.25390625 0.2875 0.05546875 0.05546875
0 0.70234375 0.696875 0.03515625 0.03515625
0 0.13125 0.2859375 0.0140625 0.0140625
0 0.003125 0.33515625 0.00625 0.0109375
0 0.1046875 0.5140625 0.0109375 0.0109375
0 0.71484375 0.16796875 0.01171875 0.01171875
0 0.8515625 0.2484375 0.0125 0.0125
0 0.80078125 0.25859375 0.0109375 0.0109375
0 0.79609375 0.3078125 0.01171875 0.01171875
0 0.7453125 0.559375 0.0140625 0.0140625
0 0.17734375 0.83125 0.01171875 0.01171875
0 0.10234375 0.959375 0.01171875 0.01171875