0 0.0625 0.5796875 0.015625 0.015625
0 0.1625 0.5671875 0.0203125 0.01875
0 0.2125 0.646875 0.028125 0.028125
0 0.17265625 0.65546875 0.05 0.046875
0 0.28984375 0.7140625 0.028125 0.0265625
0 0.25390625 0.76484375 0.3359375 0.321875
0 0.4421875 0.96640625 0.1171875 0.0671875
0 0.53359375 0.9890625 0.028125 0.0203125
0 0.5578125 0.6609375 0.1375 0.13125
0 0.75078125 0.646875 0.0984375 0.09375
0 0.890625 0.71171875 0.21875 0.2671875
0 0.9421875 0.46640625 0.115625 0.1953125
0 0.71875 0.21171875 0.03125 0.03125
0 0.75546875 0.0703125 0.03125 0.0296875
0 0.5765625 0.34375 0.0296875 0.028125
0 0.5109375 0.09375 0.021875 0.021875
0 0.5453125 0.36796875 0.028125 0.0265625
0 0.440625 0.403125 0.1953125 0.1875
0 0.2359375 0.415625 0.0359375 0.034375
0 0.290625 0.31328125 0.0828125 0.078125
0 0.375 0.15 0.025 0.025
0 0.3296875 0.07421875 0.0203125 0.01875
0 0.14140625 0.2265625 0.234375 0.2234375
0 0.80390625 0.24296875 0.015625 0.015625
0 0.309375 0.04453125 0.0125 0.0125
0 0.4765625 0.465625 0.0125 0.0125
0 0.153125 0.78046875 0.0140625 0.0140625
0 0.0296875 0.08125 0.0140625 0.0125
0 0.44453125 0.25234375 0.0125 0.0125
0 0.4640625 0.36015625 0.0109375 0.009375
0 0.36328125 0.57734375 0.0109375 0.0109375
0 0.55546875 0.5125 0.028125 0.028125
0 0.68671875 0.190625 0.0140625 0.0125
0 0.8015625 0.278125 0.0125 0.0125
0 0.86796875 0.2875 0.0171875 0.0171875
0 0.9984375 0.4140625 0.003125 0.0109375
0 0.86953125 0.38046875 0.0109375 0.0109375
0 0.5671875 0.81328125 0.0125 0.0125
0 0.5984375 0.81484375 0.0140625 0.0140625
0 0.47578125 0.86015625 0.0125 0.0125
0 0.0265625 0.95625 0.0125 0.0109375
0 0.24921875 0.95078125 0.0109375 0.0109375
0 0.6 0.96328125 0.01875 0.0171875
0 0.31171875 0.33984375 0.0125 0.0125
0 0.15625 0.95234375 0.0140625 0.0125
0 0.26640625 0.6265625 0.015625 0.015625
0 0.23125 0.6375 0.0125 0.0125
0 0.41015625 0.56328125 0.0140625 0.0125
0 0.90234375 0.22421875 0.01875 0.01875
0 0.6890625 0.21796875 0.021875 0.0203125