0 0.084375 0.0890625 0.140625 0.1296875
0 0.9734375 0.10078125 0.025 0.021875
0 0.79921875 0.13359375 0.0703125 0.0640625
0 0.8765625 0.0515625 0.1203125 0.103125
0 0.790625 0.78046875 0.0265625 0.025
0 0.9125 0.6109375 0.03125 0.028125
0 0.73359375 0.20625 0.03125 0.0296875
0 0.68203125 0.20234375 0.0765625 0.0703125
0 0.16328125 0.18984375 0.0265625 0.025
0 0.03984375 0.4125 0.025 0.021875
0 0.42265625 0.53515625 0.0578125 0.053125
0 0.63046875 0.609375 0.0640625 0.059375
0 0.6734375 0.63984375 0.021875 0.0203125
0 0.65 0.72890625 0.078125 0.071875
0 0.240625 0.94375 0.0171875 0.015625
0 0.09453125 0.7859375 0.059375 0.053125
0 0.54296875 0.9390625 0.021875 0.01875
0 0.63046875 0.81796875 0.015625 0.015625
0 0.64765625 0.85703125 0.015625 0.0140625
0 0.465625 0.15078125 0.015625 0.0140625
0 0.52265625 0.1265625 0.01875 0.0171875
0 0.7625 0.54375 0.015625 0.0125
0 0.72109375 0.94609375 0.0109375 0.009375
0 0.61328125 0.85234375 0.0109375 0.009375
0 0.45 0.9953125 0.015625 0.009375
0 0.45 0.96640625 0.0109375 0.009375
0 0.33125 0.91171875 0.0109375 0.009375
0 0.2765625 0.9046875 0.0109375 0.009375
0 0.153125 0.9328125 0.0125 0.0109375
0 0.021875 0.56484375 0.0125 0.0109375
0 0.2 0.5953125 0.0125 0.0125
0 0.35234375 0.71015625 0.0125 0.0109375
0 0.35625 0.64140625 0.0125 0.0125
0 0.446875 0.47890625 0.015625 0.015625
0 0.9515625 0.60859375 0.0359375 0.0328125
0 0.77421875 0.26328125 0.0140625 0.0125
0 0.3265625 0.0921875 0.0125 0.0125
0 0.23515625 0.2375 0.0125 0.0125
0 0.4890625 0.15 0.015625 0.0140625