0 0.0625 0.4203125 0.015625 0.015625
0 0.1625 0.4328125 0.0203125 0.01875
0 0.2125 0.353125 0.028125 0.028125
0 0.17265625 0.34453125 0.05 0.046875
0 0.28984375 0.2859375 0.028125 0.0265625
0 0.25390625 0.23515625 0.3359375 0.321875
0 0.4421875 0.03359375 0.115625 0.0671875
0 0.53359375 0.0109375 0.028125 0.0203125
0 0.5578125 0.3390625 0.1375 0.13125
0 0.75078125 0.353125 0.0984375 0.09375
0 0.890625 0.28828125 0.21875 0.2671875
0 0.9421875 0.53359375 0.115625 0.1953125
0 0.71875 0.78828125 0.03125 0.03125
0 0.75546875 0.9296875 0.03125 0.0296875
0 0.5765625 0.65625 0.0296875 0.028125
0 0.5109375 0.90625 0.021875 0.021875
0 0.5453125 0.63203125 0.028125 0.0265625
0 0.440625 0.596875 0.1953125 0.1875
0 0.2359375 0.584375 0.0359375 0.034375
0 0.290625 0.68671875 0.0828125 0.078125
0 0.375 0.85 0.025 0.025
0 0.3296875 0.92578125 0.0203125 0.01875
0 0.14140625 0.7734375 0.234375 0.2234375
0 0.80390625 0.75703125 0.015625 0.015625
0 0.309375 0.95546875 0.0125 0.0125
0 0.4765625 0.534375 0.0125 0.0125
0 0.153125 0.21953125 0.0140625 0.0140625
0 0.0296875 0.91875 0.0140625 0.0125
0 0.44453125 0.74765625 0.0125 0.0125
0 0.4640625 0.63984375 0.0109375 0.009375
0 0.36328125 0.42265625 0.0109375 0.0109375
0 0.55546875 0.4875 0.028125 0.028125
0 0.68671875 0.809375 0.0140625 0.0125
0 0.8015625 0.721875 0.0125 0.0125
0 0.86796875 0.7125 0.0171875 0.015625
0 0.9984375 0.5859375 0.003125 0.0109375
0 0.86953125 0.61953125 0.0109375 0.0109375
0 0.5671875 0.18671875 0.0125 0.0125
0 0.5984375 0.18515625 0.0140625 0.0140625
0 0.47578125 0.13984375 0.0125 0.0125
0 0.0265625 0.04375 0.0125 0.0109375
0 0.24921875 0.04921875 0.0109375 0.0109375
0 0.6 0.03671875 0.01875 0.0171875
0 0.31171875 0.66015625 0.0125 0.0125
0 0.15625 0.04765625 0.0140625 0.0125
0 0.26640625 0.3734375 0.015625 0.015625
0 0.23125 0.3625 0.0125 0.0125
0 0.41015625 0.43671875 0.0140625 0.0125
0 0.90234375 0.77578125 0.01875 0.01875
0 0.6890625 0.78203125 0.021875 0.0203125