0 0.71796875 0.88359375 0.2734375 0.2328125
0 0.4125 0.48046875 0.0203125 0.0203125
0 0.45234375 0.396875 0.0171875 0.0171875
0 0.81484375 0.09765625 0.034375 0.0359375
0 0.63125 0.06171875 0.065625 0.0671875
0 0.3046875 0.278125 0.0328125 0.0328125
0 0.26484375 0.27890625 0.0265625 0.028125
0 0.140625 0.2265625 0.028125 0.028125
0 0.21796875 0.2953125 0.021875 0.021875
0 0.24609375 0.2 0.1859375 0.1875
0 0.1515625 0.12109375 0.303125 0.2421875
0 0.0484375 0.7 0.028125 0.028125
0 0.1671875 0.77265625 0.0375 0.0375
0 0.0953125 0.2765625 0.0171875 0.0171875
0 0.240625 0.45546875 0.0125 0.0125
0 0.359375 0.56875 0.0125 0.0125
0 0.0640625 0.415625 0.015625 0.015625
0 0.33828125 0.496875 0.0109375 0.0109375
0 0.06875 0.809375 0.0140625 0.0140625
0 0.803125 0.809375 0.0109375 0.0109375
0 0.60625 0.615625 0.009375 0.0109375
0 0.446875 0.58125 0.0140625 0.0140625
0 0.6921875 0.3453125 0.015625 0.015625
0 0.61015625 0.30625 0.01875 0.01875
0 0.54765625 0.33125 0.0109375 0.0109375
0 0.06875 0.99296875 0.0125 0.0125
0 0.003125 0.85859375 0.00625 0.0109375
0 0.2875 0.74609375 0.05625 0.05625
0 0.696875 0.29765625 0.034375 0.034375
0 0.2859375 0.86875 0.0140625 0.0140625
0 0.33515625 0.996875 0.0109375 0.00625
0 0.5140625 0.8953125 0.0109375 0.0109375
0 0.16796875 0.28515625 0.0125 0.0125
0 0.2484375 0.1484375 0.0125 0.0125
0 0.25859375 0.19921875 0.0109375 0.0109375
0 0.3078125 0.20390625 0.0125 0.0125
0 0.559375 0.2546875 0.0140625 0.0140625
0 0.83125 0.82265625 0.0125 0.0125
0 0.959375 0.89765625 0.0125 0.0109375