0 0.73125 0.97734375 0.028125 0.0265625
0 0.6375 0.8625 0.01875 0.0171875
0 0.60859375 0.85 0.0359375 0.034375
0 0.7984375 0.89140625 0.15234375 0.14453125
0 0.03671875 0.71015625 0.0734375 0.09375
0 0.63828125 0.56171875 0.02734375 0.0265625
0 0.52109375 0.4484375 0.40703125 0.3875
0 0.03359375 0.04765625 0.03515625 0.0328125
0 0.43125 0.2625 0.0453125 0.0421875
0 0.37265625 0.18046875 0.0234375 0.02265625
0 0.90859375 0.2546875 0.0796875 0.0765625
0 0.4390625 0.028125 0.11796875 0.05625
0 0.94296875 0.64140625 0.0484375 0.046875
0 0.875 0.25859375 0.01953125 0.01875
0 0.91640625 0.30625 0.0125 0.01171875
0 0.88125 0.3421875 0.0140625 0.0125
0 0.778125 0.36015625 0.0109375 0.009375
0 0.7109375 0.29609375 0.01171875 0.01171875
0 0.90859375 0.09609375 0.01640625 0.015625
0 0.57734375 0.065625 0.0140625 0.0125
0 0.13359375 0.475 0.0125 0.0125
0 0.38828125 0.409375 0.01484375 0.0140625
0 0.640625 0.471875 0.0171875 0.01640625
0 0.5109375 0.88984375 0.0140625 0.0125
0 0.8390625 0.7984375 0.0140625 0.0125
0 0.90234375 0.83671875 0.01484375 0.0140625
0 0.97109375 0.73671875 0.0109375 0.009375
0 0.84296875 0.5453125 0.0109375 0.0109375
0 0.96875 0.59921875 0.01171875 0.0109375
0 0.2890625 0.88203125 0.0109375 0.009375
0 0.24375 0.82734375 0.0546875 0.0515625
0 0.15078125 0.91640625 0.0421875 0.03984375
0 0.4234375 0.653125 0.01484375 0.0140625
0 0.74296875 0.14296875 0.0109375 0.0109375
0 0.14375 0.4234375 0.01171875 0.0109375
0 0.3734375 0.46640625 0.0109375 0.009375
0 0.49296875 0.275 0.02421875 0.0234375
0 0.67109375 0.4734375 0.0109375 0.009375
0 0.0453125 0.66015625 0.0109375 0.009375