0 0.1453125 0.775 0.02421875 0.02265625
0 0.1203125 0.70703125 0.02421875 0.02265625
0 0.3546875 0.71640625 0.021875 0.01953125
0 0.0203125 0.7640625 0.01484375 0.0140625
0 0.9421875 0.5234375 0.040625 0.03828125
0 0.7953125 0.60390625 0.02265625 0.0203125
0 0.99140625 0.94765625 0.01640625 0.01640625
0 0.96953125 0.4171875 0.0609375 0.1015625
0 0.059375 0.26796875 0.0296875 0.0265625
0 0.18671875 0.16796875 0.17109375 0.15703125
0 0.3203125 0.90546875 0.1109375 0.103125
0 0.69140625 0.48125 0.01640625 0.015625
0 0.678125 0.2359375 0.015625 0.01484375
0 0.12421875 0.82421875 0.0140625 0.0125
0 0.578125 0.56953125 0.0140625 0.0125
0 0.53828125 0.61484375 0.01640625 0.015625
0 0.5390625 0.2109375 0.01484375 0.0140625
0 0.30390625 0.03671875 0.0140625 0.0125
0 0.21796875 0.27421875 0.01171875 0.0109375
0 0.209375 0.290625 0.01171875 0.0109375
0 0.1671875 0.33046875 0.0125 0.01171875
0 0.184375 0.67578125 0.01171875 0.0109375
0 0.3703125 0.72890625 0.01484375 0.0140625
0 0.68828125 0.76015625 0.0109375 0.009375
0 0.6375 0.80546875 0.01640625 0.015625
0 0.69453125 0.8078125 0.01171875 0.0109375
0 0.840625 0.4640625 0.0140625 0.0125