0 0.23515625 0.253125 0.046875 0.05
0 0.1078125 0.54375 0.0234375 0.025
0 0.059375 0.58671875 0.01875 0.0203125
0 0.42109375 0.665625 0.1421875 0.15625
0 0.7546875 0.9734375 0.021875 0.0234375
0 0.60078125 0.7375 0.021875 0.025
0 0.52421875 0.77421875 0.0234375 0.025
0 0.515625 0.41328125 0.034375 0.0375
0 0.70078125 0.2703125 0.0171875 0.01875
0 0.709375 0.121875 0.025 0.028125
0 0.921875 0.29296875 0.15625 0.275
0 0.27421875 0.78046875 0.275 0.3
0 0.121875 0.11328125 0.0203125 0.021875
0 0.93828125 0.778125 0.015625 0.015625
0 0.784375 0.7859375 0.015625 0.015625
0 0.859375 0.68984375 0.0125 0.015625
0 0.5640625 0.9421875 0.0140625 0.015625
0 0.496875 0.93125 0.0125 0.0140625
0 0.40859375 0.8421875 0.0125 0.0140625
0 0.521875 0.69765625 0.01875 0.021875
0 0.7265625 0.64375 0.0125 0.0140625
0 0.6421875 0.51484375 0.0125 0.0125
0 0.74296875 0.3484375 0.0140625 0.015625
0 0.53203125 0.371875 0.0109375 0.0125
0 0.60078125 0.6109375 0.0109375 0.0125
0 0.52578125 0.3171875 0.009375 0.0109375
0 0.3625 0.4734375 0.0125 0.0140625
0 0.29921875 0.3421875 0.015625 0.0171875
0 0.278125 0.44609375 0.009375 0.0109375
0 0.21015625 0.63984375 0.015625 0.01875
0 0.1921875 0.30234375 0.0140625 0.015625
0 0.3078125 0.0578125 0.0125 0.0140625
0 0.26171875 0.08671875 0.0125 0.0125
0 0.3265625 0.11640625 0.0953125 0.1046875
0 0.6546875 0.0375 0.0109375 0.0125
0 0.1203125 0.228125 0.0125 0.0140625
0 0.03046875 0.33671875 0.0125 0.0125
0 0.17578125 0.60078125 0.015625 0.015625
0 0.1015625 0.15390625 0.009375 0.0109375
0 0.75859375 0.4015625 0.009375 0.0109375
0 0.40859375 0.25703125 0.0109375 0.0125
0 0.515625 0.6015625 0.034375 0.0375
0 0.278125 0.821875 0.0125 0.0125
0 0.4828125 0.628125 0.0109375 0.0125