0 0.97734375 0.26875 0.0265625 0.028125
0 0.8625 0.3625 0.0171875 0.01875
0 0.85 0.39140625 0.034375 0.0359375
0 0.89140625 0.2015625 0.14375 0.153125
0 0.71015625 0.96328125 0.09375 0.0734375
0 0.56171875 0.36171875 0.0265625 0.028125
0 0.4484375 0.47890625 0.3875 0.40625
0 0.04765625 0.96640625 0.0328125 0.0359375
0 0.2625 0.56875 0.0421875 0.0453125
0 0.18046875 0.62734375 0.021875 0.0234375
0 0.2546875 0.09140625 0.0765625 0.0796875
0 0.028125 0.5609375 0.05625 0.1171875
0 0.64140625 0.05703125 0.046875 0.0484375
0 0.25859375 0.125 0.01875 0.01875
0 0.30625 0.08359375 0.0125 0.0125
0 0.3421875 0.11875 0.0125 0.0140625
0 0.36015625 0.221875 0.009375 0.0109375
0 0.29609375 0.2890625 0.0125 0.0125
0 0.09609375 0.09140625 0.015625 0.015625
0 0.065625 0.42265625 0.0125 0.0140625
0 0.475 0.86640625 0.0125 0.0125
0 0.409375 0.61171875 0.0140625 0.015625
0 0.471875 0.359375 0.015625 0.0171875
0 0.88984375 0.4890625 0.0125 0.0140625
0 0.7984375 0.1609375 0.0125 0.0140625
0 0.83671875 0.09765625 0.0140625 0.015625
0 0.73671875 0.02890625 0.009375 0.0109375
0 0.5453125 0.15703125 0.0109375 0.0109375
0 0.59921875 0.03125 0.0109375 0.0125
0 0.88203125 0.7109375 0.009375 0.0109375
0 0.82734375 0.75625 0.0515625 0.0546875
0 0.91640625 0.84921875 0.040625 0.0421875
0 0.653125 0.5765625 0.0140625 0.015625
0 0.14296875 0.25703125 0.0109375 0.0109375
0 0.4234375 0.85625 0.0109375 0.0125
0 0.46640625 0.6265625 0.009375 0.0109375
0 0.275 0.50703125 0.0234375 0.025
0 0.4734375 0.32890625 0.009375 0.0109375
0 0.66015625 0.9546875 0.009375 0.0109375