0 0.7171875 0.903125 0.35 0.19375
0 0.9390625 0.77890625 0.01875 0.0171875
0 0.24921875 0.4515625 0.021875 0.0203125
0 0.103125 0.2296875 0.09375 0.0859375
0 0.12578125 0.74375 0.2015625 0.18125
0 0.284375 0.55 0.0234375 0.021875
0 0.153125 0.1859375 0.078125 0.071875
0 0.3171875 0.2 0.0171875 0.015625
0 0.75390625 0.3875 0.028125 0.0265625
0 0.63359375 0.7359375 0.165625 0.15
0 0.93359375 0.69375 0.028125 0.025
0 0.9578125 0.440625 0.084375 0.115625
0 0.81953125 0.1125 0.03125 0.0296875
0 0.1734375 0.03046875 0.0234375 0.021875
0 0.9859375 0.284375 0.0125 0.0125
0 0.78515625 0.02265625 0.015625 0.0140625
0 0.659375 0.05234375 0.015625 0.0140625
0 0.59375 0.35859375 0.0140625 0.0125
0 0.39140625 0.14375 0.3609375 0.2875
0 0.2859375 0.596875 0.0109375 0.009375
0 0.3515625 0.45703125 0.015625 0.015625
0 0.29296875 0.54921875 0.0125 0.0109375
0 0.7046875 0.525 0.0109375 0.009375
0 0.77421875 0.56875 0.015625 0.015625
0 0.77421875 0.675 0.0125 0.0109375
0 0.86640625 0.65 0.0140625 0.0125
0 0.90859375 0.68125 0.015625 0.0140625
0 0.990625 0.6765625 0.0171875 0.015625
0 0.7828125 0.8734375 0.0140625 0.0125
0 0.93828125 0.89375 0.015625 0.0125
0 0.703125 0.2234375 0.0125 0.0109375
0 0.81953125 0.875 0.0125 0.0109375
0 0.08984375 0.21171875 0.015625 0.0140625
0 0.0484375 0.9734375 0.0125 0.0125
0 0.88203125 0.90703125 0.0125 0.0109375
0 0.78828125 0.90859375 0.0109375 0.009375
0 0.7984375 0.91015625 0.0109375 0.009375