0 0.746875 0.23515625 0.05 0.046875
0 0.45625 0.1078125 0.025 0.0234375
0 0.41328125 0.059375 0.0203125 0.01875
0 0.334375 0.42109375 0.15625 0.1421875
0 0.0265625 0.7546875 0.0234375 0.021875
0 0.2625 0.60078125 0.025 0.021875
0 0.22578125 0.52421875 0.025 0.0234375
0 0.58671875 0.515625 0.0375 0.034375
0 0.7296875 0.70078125 0.01875 0.0171875
0 0.878125 0.709375 0.028125 0.025
0 0.70703125 0.921875 0.275 0.15625
0 0.21953125 0.27421875 0.3 0.275
0 0.88671875 0.121875 0.021875 0.0203125
0 0.221875 0.93828125 0.015625 0.015625
0 0.2140625 0.784375 0.015625 0.015625
0 0.31015625 0.859375 0.015625 0.0125
0 0.0578125 0.5640625 0.015625 0.0140625
0 0.06875 0.496875 0.0140625 0.0125
0 0.1578125 0.40859375 0.0140625 0.0125
0 0.30234375 0.521875 0.021875 0.01875
0 0.35625 0.7265625 0.0140625 0.0125
0 0.48515625 0.6421875 0.0125 0.0125
0 0.6515625 0.74296875 0.015625 0.0140625
0 0.628125 0.53203125 0.0125 0.0109375
0 0.3890625 0.60078125 0.0125 0.0109375
0 0.6828125 0.52578125 0.0109375 0.009375
0 0.5265625 0.3625 0.0140625 0.0125
0 0.6578125 0.29921875 0.0171875 0.015625
0 0.55390625 0.278125 0.0109375 0.009375
0 0.36015625 0.21015625 0.01875 0.015625
0 0.69765625 0.1921875 0.015625 0.0140625
0 0.9421875 0.3078125 0.0140625 0.0125
0 0.91328125 0.26171875 0.0125 0.0125
0 0.88359375 0.3265625 0.1046875 0.0953125
0 0.9625 0.6546875 0.0125 0.0109375
0 0.771875 0.1203125 0.0140625 0.0125
0 0.66328125 0.03046875 0.0125 0.0125
0 0.39921875 0.17578125 0.015625 0.015625
0 0.84609375 0.1015625 0.0109375 0.009375
0 0.5984375 0.75859375 0.0109375 0.009375
0 0.74296875 0.40859375 0.0125 0.0109375
0 0.3984375 0.515625 0.0375 0.034375
0 0.178125 0.278125 0.0125 0.0125
0 0.371875 0.4828125 0.0125 0.0109375