0 0.0359375 0.321875 0.0203125 0.01875
0 0.1765625 0.34921875 0.2390625 0.234375
0 0.53125 0.615625 0.9375 0.76875
0 0.303125 0.8921875 0.0203125 0.01875
0 0.3578125 0.92421875 0.0296875 0.028125
0 0.5640625 0.59453125 0.0375 0.0375
0 0.67421875 0.83046875 0.090625 0.0890625
0 0.084375 0.75859375 0.015625 0.0140625
0 0.22109375 0.94375 0.0140625 0.0140625
0 0.59453125 0.7671875 0.0203125 0.0203125
0 0.56484375 0.7390625 0.0171875 0.0171875
0 0.54453125 0.7140625 0.015625 0.015625
0 0.9078125 0.7484375 0.021875 0.021875
0 0.946875 0.2078125 0.0125 0.0125
0 0.84609375 0.2984375 0.0125 0.0125
0 0.4546875 0.6296875 0.009375 0.009375
0 0.02578125 0.0140625 0.0125 0.0125
0 0.78046875 0.12421875 0.0125 0.0125
0 0.821875 0.31796875 0.0140625 0.0125
0 0.69609375 0.509375 0.015625 0.015625
0 0.00234375 0.3203125 0.0046875 0.009375
0 0.875 0.7203125 0.015625 0.015625
0 0.86640625 0.70546875 0.01875 0.01875
0 0.83125 0.653125 0.015625 0.015625
0 0.78984375 0.740625 0.021875 0.021875
0 0.81640625 0.80625 0.009375 0.009375
0 0.70078125 0.7578125 0.01875 0.01875
0 0.82578125 0.784375 0.015625 0.0140625
0 0.85625 0.675 0.025 0.025
0 0.6578125 0.7296875 0.0109375 0.0109375
0 0.6734375 0.68515625 0.015625 0.0140625
0 0.68203125 0.6765625 0.0171875 0.0171875
0 0.7625 0.71953125 0.0203125 0.0203125
0 0.63125 0.7546875 0.01875 0.01875
0 0.61796875 0.709375 0.0140625 0.0125
0 0.721875 0.93125 0.009375 0.009375
0 0.49609375 0.82265625 0.0125 0.0125
0 0.48203125 0.8140625 0.015625 0.015625
0 0.478125 0.83515625 0.0109375 0.0109375
0 0.26875 0.89140625 0.0125 0.0125
0 0.1390625 0.99453125 0.015625 0.0109375
0 0.1140625 0.99140625 0.0171875 0.015625
0 0.125 0.96015625 0.0109375 0.0109375
0 0.14375 0.35546875 0.009375 0.009375
0 0.20234375 0.35859375 0.015625 0.015625
0 0.26640625 0.50625 0.015625 0.015625
0 0.43203125 0.6234375 0.0109375 0.0109375
0 0.5703125 0.465625 0.015625 0.0140625
0 0.55078125 0.46171875 0.0109375 0.0109375
0 0.66640625 0.36875 0.015625 0.015625
0 0.73125 0.56015625 0.0125 0.0125
0 0.8078125 0.54296875 0.015625 0.015625
0 0.84453125 0.49921875 0.01875 0.01875
0 0.840625 0.4796875 0.025 0.025
0 0.84609375 0.54375 0.0109375 0.0109375
0 0.90703125 0.53203125 0.0109375 0.0109375
0 0.6625 0.35078125 0.015625 0.015625
0 0.85625 0.1703125 0.0078125 0.009375
0 0.640625 0.1484375 0.0109375 0.0109375
0 0.54375 0.07265625 0.0109375 0.0109375
0 0.45 0.103125 0.009375 0.009375
0 0.415625 0.11171875 0.009375 0.009375
0 0.31875 0.0296875 0.0125 0.0125
0 0.18828125 0.10859375 0.009375 0.009375
0 0.13125 0.18046875 0.0125 0.0125
0 0.47734375 0.6125 0.075 0.0734375