0 0.9640625 0.678125 0.0203125 0.01875
0 0.8234375 0.65078125 0.2390625 0.234375
0 0.46875 0.384375 0.9375 0.76875
0 0.696875 0.1078125 0.0203125 0.01875
0 0.6421875 0.07578125 0.0296875 0.028125
0 0.4359375 0.40546875 0.0375 0.0375
0 0.32578125 0.16953125 0.090625 0.0890625
0 0.915625 0.24140625 0.015625 0.0140625
0 0.77890625 0.05625 0.0140625 0.0140625
0 0.40546875 0.2328125 0.0203125 0.0203125
0 0.43515625 0.2609375 0.0171875 0.0171875
0 0.45546875 0.2859375 0.015625 0.015625
0 0.0921875 0.2515625 0.021875 0.021875
0 0.053125 0.7921875 0.0125 0.0125
0 0.15390625 0.7015625 0.0125 0.0125
0 0.5453125 0.3703125 0.009375 0.009375
0 0.97421875 0.9859375 0.0125 0.0125
0 0.21953125 0.87578125 0.0125 0.0125
0 0.178125 0.68203125 0.0140625 0.0125
0 0.30390625 0.490625 0.015625 0.015625
0 0.99765625 0.6796875 0.0046875 0.009375
0 0.125 0.2796875 0.015625 0.015625
0 0.13359375 0.29453125 0.01875 0.01875
0 0.16875 0.346875 0.015625 0.015625
0 0.21015625 0.259375 0.021875 0.021875
0 0.18359375 0.19375 0.009375 0.009375
0 0.29921875 0.2421875 0.01875 0.01875
0 0.17421875 0.215625 0.015625 0.0140625
0 0.14375 0.325 0.025 0.025
0 0.3421875 0.2703125 0.0109375 0.0109375
0 0.3265625 0.31484375 0.015625 0.0140625
0 0.31796875 0.3234375 0.0171875 0.0171875
0 0.2375 0.28046875 0.0203125 0.0203125
0 0.36875 0.2453125 0.01875 0.01875
0 0.38203125 0.290625 0.0140625 0.0125
0 0.278125 0.06875 0.009375 0.009375
0 0.50390625 0.17734375 0.0125 0.0125
0 0.51796875 0.1859375 0.015625 0.015625
0 0.521875 0.16484375 0.0109375 0.0109375
0 0.73125 0.10859375 0.0125 0.0125
0 0.8609375 0.00546875 0.015625 0.0109375
0 0.8859375 0.00859375 0.0171875 0.015625
0 0.875 0.03984375 0.0109375 0.0109375
0 0.85625 0.64453125 0.009375 0.009375
0 0.79765625 0.64140625 0.015625 0.015625
0 0.73359375 0.49375 0.015625 0.015625
0 0.56796875 0.3765625 0.0109375 0.0109375
0 0.4296875 0.534375 0.015625 0.0140625
0 0.44921875 0.53828125 0.0109375 0.0109375
0 0.33359375 0.63125 0.015625 0.015625
0 0.26875 0.43984375 0.0125 0.0125
0 0.1921875 0.45703125 0.015625 0.015625
0 0.15546875 0.50078125 0.01875 0.01875
0 0.159375 0.5203125 0.025 0.025
0 0.15390625 0.45625 0.0109375 0.0109375
0 0.09296875 0.46796875 0.0109375 0.0109375
0 0.3375 0.64921875 0.015625 0.015625
0 0.14375 0.8296875 0.0078125 0.009375
0 0.359375 0.8515625 0.0109375 0.0109375
0 0.45625 0.92734375 0.0109375 0.0109375
0 0.55 0.896875 0.009375 0.009375
0 0.584375 0.88828125 0.009375 0.009375
0 0.68125 0.9703125 0.0125 0.0125
0 0.81171875 0.89140625 0.009375 0.009375
0 0.86875 0.81953125 0.0125 0.0125
0 0.52265625 0.3875 0.075 0.0734375