0 0.0359375 0.678125 0.0203125 0.01953125
0 0.1765625 0.65078125 0.2390625 0.23515625
0 0.53125 0.384375 0.9375 0.76875
0 0.303125 0.1078125 0.0203125 0.01953125
0 0.3578125 0.07578125 0.0296875 0.028125
0 0.5640625 0.40546875 0.03828125 0.0375
0 0.67421875 0.16953125 0.08984375 0.0890625
0 0.084375 0.24140625 0.01484375 0.0140625
0 0.22109375 0.05625 0.0140625 0.0140625
0 0.59453125 0.2328125 0.0203125 0.0203125
0 0.56484375 0.2609375 0.0171875 0.0171875
0 0.54453125 0.2859375 0.015625 0.015625
0 0.9078125 0.2515625 0.02265625 0.02265625
0 0.946875 0.7921875 0.0125 0.0125
0 0.84609375 0.7015625 0.01171875 0.01171875
0 0.4546875 0.3703125 0.009375 0.009375
0 0.02578125 0.9859375 0.0125 0.0125
0 0.78046875 0.87578125 0.0125 0.0125
0 0.821875 0.68203125 0.0140625 0.0125
0 0.69609375 0.490625 0.01484375 0.01484375
0 0.00234375 0.6796875 0.0046875 0.009375
0 0.875 0.2796875 0.01484375 0.01484375
0 0.86640625 0.29453125 0.01875 0.01875
0 0.83125 0.346875 0.01640625 0.015625
0 0.78984375 0.259375 0.02265625 0.02265625
0 0.81640625 0.19375 0.009375 0.009375
0 0.70078125 0.2421875 0.01875 0.01875
0 0.82578125 0.215625 0.01484375 0.0140625
0 0.85625 0.325 0.025 0.025
0 0.6578125 0.2703125 0.0109375 0.0109375
0 0.6734375 0.31484375 0.01484375 0.0140625
0 0.68203125 0.3234375 0.0171875 0.0171875
0 0.7625 0.28046875 0.0203125 0.0203125
0 0.63125 0.2453125 0.01875 0.01875
0 0.61796875 0.290625 0.0140625 0.0125
0 0.721875 0.06875 0.009375 0.009375
0 0.49609375 0.17734375 0.0125 0.0125
0 0.48203125 0.1859375 0.01484375 0.01484375
0 0.478125 0.16484375 0.0109375 0.0109375
0 0.26875 0.10859375 0.0125 0.0125
0 0.1390625 0.00546875 0.01640625 0.0109375
0 0.1140625 0.00859375 0.0171875 0.01640625
0 0.125 0.03984375 0.0109375 0.0109375
0 0.14375 0.64453125 0.009375 0.009375
0 0.20234375 0.64140625 0.01640625 0.01640625
0 0.26640625 0.49375 0.015625 0.015625
0 0.43203125 0.3765625 0.0109375 0.0109375
0 0.5703125 0.534375 0.01484375 0.0140625
0 0.55078125 0.53828125 0.0109375 0.0109375
0 0.66640625 0.63125 0.01640625 0.01640625
0 0.73125 0.43984375 0.0125 0.0125
0 0.8078125 0.45703125 0.01484375 0.01484375
0 0.84453125 0.50078125 0.01953125 0.01953125
0 0.840625 0.5203125 0.02421875 0.02421875
0 0.84609375 0.45625 0.0109375 0.0109375
0 0.90703125 0.46796875 0.0109375 0.0109375
0 0.6625 0.64921875 0.015625 0.01484375
0 0.85625 0.8296875 0.0078125 0.00859375
0 0.640625 0.8515625 0.0109375 0.0109375
0 0.54375 0.92734375 0.0109375 0.0109375
0 0.45 0.896875 0.009375 0.009375
0 0.415625 0.88828125 0.009375 0.009375
0 0.31875 0.9703125 0.01171875 0.01171875
0 0.18828125 0.89140625 0.009375 0.009375
0 0.13125 0.81953125 0.01171875 0.01171875
0 0.47734375 0.3875 0.075 0.0734375