0 0.2828125 0.903125 0.35078125 0.19375
0 0.0609375 0.77890625 0.01953125 0.0171875
0 0.75078125 0.4515625 0.02265625 0.0203125
0 0.896875 0.2296875 0.09296875 0.08515625
0 0.87421875 0.74375 0.2015625 0.18125
0 0.715625 0.55 0.0234375 0.021875
0 0.846875 0.1859375 0.07890625 0.07109375
0 0.6828125 0.2 0.0171875 0.01640625
0 0.24609375 0.3875 0.028125 0.0265625
0 0.36640625 0.7359375 0.165625 0.15
0 0.06640625 0.69375 0.02734375 0.02421875
0 0.0421875 0.440625 0.084375 0.115625
0 0.18046875 0.1125 0.03203125 0.0296875
0 0.8265625 0.03046875 0.0234375 0.021875
0 0.0140625 0.284375 0.0125 0.01171875
0 0.21484375 0.02265625 0.015625 0.0140625
0 0.340625 0.05234375 0.01484375 0.0140625
0 0.40625 0.35859375 0.0140625 0.0125
0 0.60859375 0.14375 0.3609375 0.2875
0 0.7140625 0.596875 0.0109375 0.009375
0 0.6484375 0.45703125 0.015625 0.01484375
0 0.70703125 0.54921875 0.01171875 0.0109375
0 0.2953125 0.525 0.0109375 0.009375
0 0.22578125 0.56875 0.01640625 0.01484375
0 0.22578125 0.675 0.01171875 0.0109375
0 0.13359375 0.65 0.0140625 0.0125
0 0.09140625 0.68125 0.015625 0.0140625
0 0.009375 0.6765625 0.0171875 0.015625
0 0.2171875 0.8734375 0.0140625 0.01171875
0 0.06171875 0.89375 0.01484375 0.0125
0 0.296875 0.2234375 0.01171875 0.0109375
0 0.18046875 0.875 0.0125 0.0109375
0 0.91015625 0.21171875 0.015625 0.0140625
0 0.9515625 0.9734375 0.0125 0.01171875
0 0.11796875 0.90703125 0.01171875 0.0109375
0 0.21171875 0.90859375 0.0109375 0.009375
0 0.2015625 0.91015625 0.0109375 0.009375