0 0.303125 0.23203125 0.1734375 0.19375
0 0.5828125 0.06015625 0.028125 0.03125
0 0.63203125 0.27890625 0.0265625 0.028125
0 0.30390625 0.43984375 0.03125 0.034375
0 0.27421875 0.509375 0.0484375 0.053125
0 0.10234375 0.4671875 0.03125 0.0359375
0 0.80078125 0.31484375 0.03125 0.0359375
0 0.8703125 0.42578125 0.0484375 0.05625
0 0.77890625 0.27890625 0.04375 0.0484375
0 0.7078125 0.30546875 0.05 0.05625
0 0.43515625 0.58046875 0.10625 0.11875
0 0.28125 0.553125 0.05 0.0578125
0 0.321875 0.55625 0.0484375 0.053125
0 0.028125 0.70703125 0.05625 0.1109375
0 0.77421875 0.7171875 0.059375 0.0671875
0 0.521875 0.1421875 0.028125 0.034375
0 0.4890625 0.115625 0.028125 0.03125
0 0.35 0.665625 0.0359375 0.040625
0 0.21171875 0.921875 0.0359375 0.040625
0 0.953125 0.16484375 0.034375 0.0359375
0 0.9640625 0.48203125 0.04375 0.0484375
0 0.90625 0.43125 0.04375 0.05
0 0.81953125 0.64765625 0.04375 0.0484375
0 0.76796875 0.646875 0.0453125 0.05