0 0.23203125 0.696875 0.19375 0.1734375
0 0.06015625 0.4171875 0.03125 0.028125
0 0.27890625 0.36796875 0.028125 0.0265625
0 0.43984375 0.69609375 0.034375 0.03125
0 0.509375 0.72578125 0.053125 0.0484375
0 0.4671875 0.89765625 0.0359375 0.03125
0 0.31484375 0.19921875 0.0359375 0.03125
0 0.42578125 0.1296875 0.05625 0.0484375
0 0.27890625 0.22109375 0.0484375 0.04375
0 0.30546875 0.2921875 0.05625 0.05
0 0.58046875 0.56484375 0.11875 0.10625
0 0.553125 0.71875 0.0578125 0.05
0 0.55625 0.678125 0.053125 0.0484375
0 0.70703125 0.971875 0.1109375 0.05625
0 0.7171875 0.22578125 0.0671875 0.059375
0 0.1421875 0.478125 0.034375 0.028125
0 0.115625 0.5109375 0.03125 0.028125
0 0.665625 0.65 0.040625 0.0359375
0 0.921875 0.78828125 0.040625 0.0359375
0 0.16484375 0.046875 0.0359375 0.034375
0 0.48203125 0.0359375 0.0484375 0.04375
0 0.43125 0.09375 0.05 0.04375
0 0.64765625 0.18046875 0.0484375 0.04375
0 0.646875 0.23203125 0.05 0.0453125