0 0.059375 0.584375 0.040625 0.040625
0 0.08046875 0.48515625 0.1609375 0.253125
0 0.0484375 0.16953125 0.01875 0.01875
0 0.278125 0.0203125 0.065625 0.040625
0 0.1921875 0.3 0.04375 0.04375
0 0.4578125 0.175 0.3875 0.35
0 0.20234375 0.459375 0.04375 0.04375
0 0.36640625 0.6359375 0.025 0.025
0 0.06015625 0.83515625 0.0578125 0.059375
0 0.49375 0.77265625 0.03125 0.03125
0 0.50625 0.5546875 0.109375 0.1125
0 0.6015625 0.79375 0.021875 0.021875
0 0.871875 0.90078125 0.225 0.1984375
0 0.51640625 0.91484375 0.015625 0.015625
0 0.60703125 0.821875 0.04375 0.0453125
0 0.11953125 0.965625 0.0109375 0.0109375
0 0.43828125 0.94375 0.015625 0.0171875
0 0.115625 0.7 0.015625 0.015625
0 0.31640625 0.0765625 0.0109375 0.0109375
0 0.04921875 0.02578125 0.0125 0.0140625