0 0.9375 0.9359375 0.025 0.0265625
0 0.7375 0.91640625 0.2796875 0.1671875
0 0.6765625 0.825 0.18125 0.190625
0 0.41015625 0.815625 0.0203125 0.021875
0 0.55546875 0.72421875 0.0390625 0.0421875
0 0.68359375 0.27265625 0.015625 0.0171875
0 0.7546875 0.4921875 0.05 0.053125
0 0.95546875 0.3703125 0.0203125 0.021875
0 0.2453125 0.571875 0.0375 0.0390625
0 0.78125 0.09609375 0.021875 0.021875
0 0.5125 0.00859375 0.021875 0.0171875
0 0.415625 0.13125 0.403125 0.2625
0 0.1578125 0.03203125 0.01875 0.0203125
0 0.14765625 0.14921875 0.021875 0.021875
0 0.12421875 0.2125 0.015625 0.015625
0 0.23359375 0.8453125 0.0625 0.065625
0 0.0859375 0.90078125 0.01875 0.0203125
0 0.0703125 0.99140625 0.01875 0.0171875
0 0.08125 0.18671875 0.1625 0.1953125
0 0.1859375 0.50234375 0.0109375 0.0109375
0 0.015625 0.91953125 0.0171875 0.01875
0 0.3625 0.05703125 0.0125 0.0140625
0 0.4 0.27265625 0.0171875 0.01875
0 0.940625 0.6546875 0.11875 0.153125
0 0.25 0.39140625 0.009375 0.0109375
0 0.0765625 0.04609375 0.034375 0.0359375
0 0.31328125 0.5796875 0.0125 0.0125
0 0.00703125 0.6046875 0.0140625 0.015625
0 0.396875 0.45 0.0125 0.0140625
0 0.4421875 0.20390625 0.009375 0.0109375
0 0.571875 0.0875 0.015625 0.015625
0 0.6359375 0.03984375 0.0140625 0.015625
0 0.50703125 0.0125 0.0109375 0.0109375
0 0.9234375 0.47890625 0.0109375 0.0125
0 0.934375 0.81953125 0.009375 0.0109375
0 0.06171875 0.73515625 0.015625 0.015625