0 0.584375 0.940625 0.040625 0.040625
0 0.48515625 0.91953125 0.2546875 0.1609375
0 0.16953125 0.9515625 0.0203125 0.01875
0 0.0203125 0.721875 0.040625 0.065625
0 0.3 0.8078125 0.04375 0.04375
0 0.175 0.540625 0.35 0.3875
0 0.459375 0.79765625 0.04375 0.04375
0 0.6359375 0.63359375 0.025 0.025
0 0.83515625 0.93984375 0.059375 0.0578125
0 0.77265625 0.50625 0.03125 0.03125
0 0.5546875 0.49375 0.1125 0.109375
0 0.79375 0.3984375 0.021875 0.021875
0 0.90078125 0.128125 0.1984375 0.2265625
0 0.91484375 0.48359375 0.015625 0.015625
0 0.821875 0.39296875 0.0453125 0.04375
0 0.965625 0.88046875 0.0109375 0.0109375
0 0.94375 0.56171875 0.0171875 0.015625
0 0.7 0.884375 0.015625 0.015625
0 0.08359375 0.69296875 0.0109375 0.0109375
0 0.02578125 0.95078125 0.0140625 0.0125