0 0.28046875 0.9171875 0.025 0.0234375
0 0.39921875 0.93671875 0.15703125 0.12578125
0 0.1390625 0.7359375 0.27734375 0.31953125
0 0.6296875 0.7640625 0.0203125 0.01875
0 0.8625 0.54140625 0.228125 0.21015625
0 0.453125 0.77421875 0.01953125 0.01875
0 0.884375 0.4015625 0.23125 0.29609375
0 0.74140625 0.415625 0.03515625 0.03203125
0 0.7453125 0.3703125 0.021875 0.01953125
0 0.5640625 0.5140625 0.0234375 0.021875
0 0.19296875 0.5171875 0.090625 0.0828125
0 0.2171875 0.040625 0.06171875 0.0578125
0 0.40546875 0.09921875 0.02734375 0.025
0 0.50078125 0.103125 0.2078125 0.19140625
0 0.4953125 0.31875 0.0171875 0.01640625
0 0.28046875 0.4578125 0.01875 0.0171875
0 0.246875 0.5203125 0.028125 0.0265625
0 0.8546875 0.1390625 0.0171875 0.01640625
0 0.9625 0.00703125 0.0125 0.01171875
0 0.8828125 0.2171875 0.015625 0.01484375
0 0.9359375 0.7625 0.01484375 0.0140625
0 0.94609375 0.29765625 0.0140625 0.0125
0 0.7640625 0.25078125 0.01484375 0.0140625
0 0.575 0.6984375 0.01171875 0.0109375
0 0.37578125 0.53828125 0.01171875 0.0109375
0 0.3421875 0.5703125 0.015625 0.01484375
0 0.1828125 0.68984375 0.01171875 0.0109375
0 0.11796875 0.665625 0.0125 0.01171875
0 0.13984375 0.49921875 0.0140625 0.0125
0 0.07890625 0.25234375 0.01953125 0.0171875
0 0.12109375 0.8 0.01484375 0.0125
0 0.61484375 0.996875 0.01171875 0.00625
0 0.253125 0.39453125 0.01171875 0.0109375
0 0.93359375 0.56171875 0.0140625 0.01171875
0 0.8625 0.12734375 0.0125 0.01171875
0 0.29453125 0.5921875 0.0125 0.01171875
0 0.471875 0.2140625 0.01875 0.01640625
0 0.446875 0.12265625 0.01171875 0.0109375
0 0.06484375 0.2140625 0.01171875 0.0109375
0 0.19921875 0.559375 0.0109375 0.009375
0 0.171875 0.39921875 0.01171875 0.0109375
0 0.4375 0.04375 0.0140625 0.0125