0 0.50703125 0.62734375 0.028125 0.028125
0 0.4578125 0.72734375 0.01875 0.0171875
0 0.4375 0.84921875 0.503125 0.3015625
0 0.18671875 0.765625 0.0265625 0.025
0 0.21796875 0.48671875 0.03125 0.0296875
0 0.51015625 0.38046875 0.025 0.0234375
0 0.5078125 0.34921875 0.0203125 0.0203125
0 0.240625 0.3390625 0.0171875 0.0171875
0 0.70703125 0.01953125 0.0796875 0.0390625
0 0.7171875 0.1234375 0.28125 0.246875
0 0.85078125 0.27265625 0.0234375 0.0234375
0 0.753125 0.403125 0.0296875 0.028125
0 0.8578125 0.403125 0.21875 0.215625
0 0.7203125 0.296875 0.01875 0.0171875
0 0.8265625 0.65625 0.0859375 0.084375
0 0.15546875 0.0234375 0.015625 0.015625
0 0.15703125 0.08046875 0.284375 0.1609375
0 0.66484375 0.27421875 0.0125 0.0125
0 0.90234375 0.85078125 0.0140625 0.0125
0 0.98671875 0.72734375 0.009375 0.015625
0 0.9 0.35546875 0.0125 0.0125
0 0.63203125 0.66171875 0.11875 0.115625
0 0.52109375 0.3640625 0.015625 0.015625
0 0.275 0.3484375 0.0140625 0.0125
0 0.29296875 0.40859375 0.0125 0.0125
0 0.096875 0.659375 0.015625 0.015625
0 0.09296875 0.7921875 0.0171875 0.0171875
0 0.07890625 0.7890625 0.015625 0.015625
0 0.19296875 0.85625 0.015625 0.015625
0 0.134375 0.84140625 0.0109375 0.009375
0 0.4875 0.01875 0.0125 0.0109375
0 0.41953125 0.1828125 0.0109375 0.009375
0 0.36640625 0.1046875 0.0109375 0.0109375
0 0.9265625 0.228125 0.015625 0.015625
0 0.7375 0.215625 0.0125 0.0125
0 0.86484375 0.58984375 0.0125 0.0125
0 0.83984375 0.9 0.0171875 0.015625
0 0.89375 0.95859375 0.0125 0.0125
0 0.61875 0.19609375 0.0140625 0.0125
0 0.0140625 0.4015625 0.0109375 0.0109375
0 0.0234375 0.55546875 0.0109375 0.009375