0 0.99296875 0.95859375 0.0140625 0.0234375
0 0.709375 0.28359375 0.578125 0.5671875
0 0.58671875 0.23515625 0.63125 0.46875
0 0.31171875 0.3078125 0.059375 0.059375
0 0.6375 0.76171875 0.025 0.025
0 0.55390625 0.58203125 0.0125 0.0125
0 0.01796875 0.88828125 0.01875 0.01875
0 0.86328125 0.75078125 0.01875 0.0203125
0 0.778125 0.58515625 0.028125 0.028125
0 0.45390625 0.409375 0.034375 0.034375
0 0.4109375 0.4796875 0.01875 0.01875
0 0.0546875 0.9125 0.0125 0.0125
0 0.109375 0.81953125 0.0140625 0.0140625
0 0.278125 0.56953125 0.0140625 0.0140625
0 0.09921875 0.96328125 0.0125 0.0125
0 0.05625 0.79453125 0.0125 0.0125
0 0.371875 0.27734375 0.0140625 0.0140625
0 0.896875 0.3 0.0125 0.0125
0 0.64765625 0.83515625 0.0125 0.0125
0 0.746875 0.74921875 0.015625 0.015625
0 0.7796875 0.1765625 0.015625 0.015625
0 0.4 0.10625 0.0109375 0.0109375
0 0.3453125 0.5421875 0.015625 0.015625
0 0.3921875 0.70390625 0.0125 0.0125
0 0.134375 0.321875 0.0109375 0.0109375
0 0.290625 0.0515625 0.0265625 0.0265625
0 0.7625 0.7140625 0.0125 0.0125
0 0.784375 0.925 0.0109375 0.0109375
0 0.51953125 0.88203125 0.0125 0.0125
0 0.99453125 0.5375 0.0109375 0.0125