0 0.9359375 0.0625 0.0265625 0.025
0 0.91640625 0.2625 0.1671875 0.2796875
0 0.825 0.3234375 0.190625 0.18125
0 0.815625 0.58984375 0.021875 0.0203125
0 0.72421875 0.44453125 0.0421875 0.0390625
0 0.27265625 0.31640625 0.0171875 0.015625
0 0.4921875 0.2453125 0.053125 0.05
0 0.3703125 0.04453125 0.021875 0.0203125
0 0.571875 0.7546875 0.0390625 0.0375
0 0.09609375 0.21875 0.021875 0.021875
0 0.00859375 0.4875 0.0171875 0.021875
0 0.13125 0.584375 0.2625 0.403125
0 0.03203125 0.8421875 0.0203125 0.01875
0 0.14921875 0.85234375 0.021875 0.021875
0 0.2125 0.87578125 0.015625 0.015625
0 0.8453125 0.76640625 0.065625 0.0625
0 0.90078125 0.9140625 0.0203125 0.01875
0 0.99140625 0.9296875 0.0171875 0.01875
0 0.18671875 0.91875 0.1953125 0.1625
0 0.50234375 0.8140625 0.0109375 0.0109375
0 0.91953125 0.984375 0.01875 0.0171875
0 0.05703125 0.6375 0.0140625 0.0125
0 0.27265625 0.6 0.01875 0.0171875
0 0.6546875 0.059375 0.153125 0.11875
0 0.39140625 0.75 0.0109375 0.009375
0 0.04609375 0.9234375 0.0359375 0.034375
0 0.5796875 0.68671875 0.0125 0.0125
0 0.6046875 0.99296875 0.015625 0.0140625
0 0.45 0.603125 0.0140625 0.0125
0 0.20390625 0.5578125 0.0109375 0.009375
0 0.0875 0.428125 0.015625 0.015625
0 0.03984375 0.3640625 0.015625 0.0140625
0 0.0125 0.49296875 0.0109375 0.0109375
0 0.47890625 0.0765625 0.0125 0.0109375
0 0.81953125 0.065625 0.0109375 0.009375
0 0.73515625 0.93828125 0.015625 0.015625