0 0.9375 0.0640625 0.025 0.0265625
0 0.7375 0.08359375 0.2796875 0.1671875
0 0.6765625 0.175 0.18125 0.190625
0 0.409375 0.1796875 0.0203125 0.021875
0 0.55546875 0.27578125 0.0390625 0.0421875
0 0.68359375 0.73046875 0.015625 0.0171875
0 0.7546875 0.5078125 0.05 0.053125
0 0.95625 0.63046875 0.0203125 0.021875
0 0.24453125 0.4234375 0.0375 0.0390625
0 0.784375 0.903125 0.021875 0.021875
0 0.5125 0.99140625 0.021875 0.0171875
0 0.415625 0.86875 0.403125 0.2625
0 0.1578125 0.971875 0.01875 0.0203125
0 0.1484375 0.85859375 0.021875 0.021875
0 0.12578125 0.79375 0.015625 0.015625
0 0.23359375 0.1546875 0.0625 0.065625
0 0.0859375 0.0921875 0.01875 0.0203125
0 0.06875 0.0078125 0.01875 0.015625
0 0.08125 0.79453125 0.1625 0.1953125
0 0.1875 0.49375 0.0109375 0.0109375
0 0.01796875 0.07734375 0.0171875 0.01875
0 0.3625 0.93828125 0.0125 0.0140625
0 0.40390625 0.72265625 0.0171875 0.01875
0 0.940625 0.3453125 0.11875 0.153125
0 0.253125 0.6078125 0.009375 0.0109375
0 0.0765625 0.95390625 0.034375 0.0359375
0 0.31328125 0.41796875 0.0125 0.0125
0 0.00703125 0.390625 0.0140625 0.015625
0 0.39921875 0.553125 0.0125 0.0140625
0 0.42734375 0.79921875 0.009375 0.0109375
0 0.57109375 0.90703125 0.015625 0.015625
0 0.634375 0.95390625 0.0140625 0.015625
0 0.50703125 0.9875 0.0109375 0.0109375
0 0.9234375 0.5203125 0.0109375 0.0125
0 0.92421875 0.1859375 0.009375 0.0109375
0 0.06171875 0.26484375 0.015625 0.015625