0 0.9359375 0.9375 0.0265625 0.025
0 0.91640625 0.7375 0.1671875 0.2796875
0 0.825 0.6765625 0.190625 0.18046875
0 0.815625 0.41015625 0.021875 0.0203125
0 0.72421875 0.55546875 0.0421875 0.0390625
0 0.27265625 0.68359375 0.0171875 0.01640625
0 0.4921875 0.7546875 0.05390625 0.05078125
0 0.3703125 0.95546875 0.021875 0.0203125
0 0.571875 0.2453125 0.0390625 0.0375
0 0.09609375 0.78125 0.02265625 0.021875
0 0.00859375 0.5125 0.0171875 0.02265625
0 0.13125 0.415625 0.2625 0.40234375
0 0.03203125 0.1578125 0.0203125 0.01875
0 0.14921875 0.14765625 0.02265625 0.021875
0 0.2125 0.12421875 0.015625 0.01484375
0 0.8453125 0.23359375 0.065625 0.0625
0 0.90078125 0.0859375 0.0203125 0.01953125
0 0.99140625 0.0703125 0.0171875 0.01875
0 0.18671875 0.08125 0.1953125 0.1625
0 0.50234375 0.1859375 0.0109375 0.0109375
0 0.91953125 0.015625 0.01875 0.0171875
0 0.05703125 0.3625 0.0140625 0.0125
0 0.27265625 0.4 0.01875 0.0171875
0 0.6546875 0.940625 0.15234375 0.11796875
0 0.39140625 0.25 0.0109375 0.009375
0 0.04609375 0.0765625 0.0359375 0.034375
0 0.5796875 0.31328125 0.0125 0.01171875
0 0.6046875 0.00703125 0.015625 0.0140625
0 0.45 0.396875 0.0140625 0.0125
0 0.20390625 0.4421875 0.0109375 0.009375
0 0.0875 0.571875 0.01640625 0.015625
0 0.03984375 0.6359375 0.01640625 0.0140625
0 0.0125 0.50703125 0.0109375 0.0109375
0 0.47890625 0.9234375 0.01171875 0.0109375
0 0.81953125 0.934375 0.0109375 0.009375
0 0.73515625 0.06171875 0.015625 0.01484375