0 0.00703125 0.95859375 0.0140625 0.0234375
0 0.290625 0.28359375 0.578125 0.5671875
0 0.41328125 0.23515625 0.63125 0.46875
0 0.68828125 0.3078125 0.059375 0.059375
0 0.3625 0.76171875 0.025 0.025
0 0.44609375 0.58203125 0.0125 0.0125
0 0.98203125 0.88828125 0.01875 0.01875
0 0.13671875 0.75078125 0.01875 0.0203125
0 0.221875 0.58515625 0.028125 0.028125
0 0.54609375 0.409375 0.034375 0.034375
0 0.5890625 0.4796875 0.01875 0.01875
0 0.9453125 0.9125 0.0125 0.0125
0 0.890625 0.81953125 0.0140625 0.0140625
0 0.721875 0.56953125 0.0140625 0.0140625
0 0.90078125 0.96328125 0.0125 0.0125
0 0.94375 0.79453125 0.0125 0.0125
0 0.628125 0.27734375 0.0140625 0.0140625
0 0.103125 0.3 0.0125 0.0125
0 0.35234375 0.83515625 0.0125 0.0125
0 0.253125 0.74921875 0.015625 0.015625
0 0.2203125 0.1765625 0.015625 0.015625
0 0.6 0.10625 0.0109375 0.0109375
0 0.6546875 0.5421875 0.015625 0.015625
0 0.6078125 0.70390625 0.0125 0.0125
0 0.865625 0.321875 0.0109375 0.0109375
0 0.709375 0.0515625 0.0265625 0.0265625
0 0.2375 0.7140625 0.0125 0.0125
0 0.215625 0.925 0.0109375 0.0109375
0 0.48046875 0.88203125 0.0125 0.0125
0 0.00546875 0.5375 0.0109375 0.0125