0 0.62734375 0.49296875 0.028125 0.028125
0 0.72734375 0.5421875 0.0171875 0.01875
0 0.84921875 0.5625 0.3015625 0.503125
0 0.765625 0.81328125 0.025 0.0265625
0 0.48671875 0.78203125 0.0296875 0.03125
0 0.38046875 0.48984375 0.0234375 0.025
0 0.34921875 0.4921875 0.0203125 0.0203125
0 0.3390625 0.759375 0.0171875 0.0171875
0 0.01953125 0.29296875 0.0390625 0.0796875
0 0.1234375 0.2828125 0.246875 0.28125
0 0.27265625 0.14921875 0.0234375 0.0234375
0 0.403125 0.246875 0.028125 0.0296875
0 0.403125 0.1421875 0.215625 0.21875
0 0.296875 0.2796875 0.0171875 0.01875
0 0.65625 0.1734375 0.084375 0.0859375
0 0.0234375 0.84453125 0.015625 0.015625
0 0.08046875 0.84296875 0.1609375 0.284375
0 0.27421875 0.33515625 0.0125 0.0125
0 0.85078125 0.09765625 0.0125 0.0140625
0 0.72734375 0.01328125 0.015625 0.009375
0 0.35546875 0.1 0.0125 0.0125
0 0.66171875 0.36796875 0.115625 0.11875
0 0.3640625 0.47890625 0.015625 0.015625
0 0.3484375 0.725 0.0125 0.0140625
0 0.40859375 0.70703125 0.0125 0.0125
0 0.659375 0.903125 0.015625 0.015625
0 0.7921875 0.90703125 0.0171875 0.0171875
0 0.7890625 0.92109375 0.015625 0.015625
0 0.85625 0.80703125 0.015625 0.0171875
0 0.84140625 0.865625 0.009375 0.0109375
0 0.01875 0.5125 0.0109375 0.0125
0 0.1828125 0.58046875 0.009375 0.0109375
0 0.1046875 0.63359375 0.0109375 0.0109375
0 0.228125 0.0734375 0.015625 0.015625
0 0.215625 0.2625 0.0125 0.0125
0 0.58984375 0.13515625 0.0125 0.0125
0 0.9 0.16015625 0.015625 0.0171875
0 0.95859375 0.10625 0.0125 0.0125
0 0.19609375 0.38125 0.0125 0.0140625
0 0.4015625 0.9859375 0.0109375 0.0109375
0 0.55546875 0.9765625 0.009375 0.0109375