0 0.2515625 0.91796875 0.02265625 0.02265625
0 0.46328125 0.91328125 0.028125 0.02734375
0 0.209375 0.96015625 0.03046875 0.03046875
0 0.58828125 0.7296875 0.0265625 0.0265625
0 0.44609375 0.5453125 0.05 0.0484375
0 0.3203125 0.57109375 0.01953125 0.01875
0 0.10703125 0.54375 0.015625 0.015625
0 0.7328125 0.415625 0.02265625 0.02265625
0 0.6390625 0.31015625 0.0171875 0.0171875
0 0.4890625 0.27265625 0.03984375 0.0390625
0 0.86015625 0.29140625 0.01953125 0.01953125
0 0.13515625 0.36171875 0.015625 0.015625
0 0.2359375 0.0984375 0.0171875 0.0171875
0 0.484375 0.065625 0.0171875 0.01640625
0 0.46953125 0.265625 0.015625 0.01484375
0 0.04375 0.0203125 0.01640625 0.01640625
0 0.3875 0.1359375 0.0125 0.0125
0 0.9703125 0.109375 0.05859375 0.071875
0 0.4484375 0.69765625 0.0125 0.0125
0 0.53984375 0.3328125 0.0125 0.0125
0 0.27421875 0.4234375 0.0140625 0.0140625
0 0.21171875 0.565625 0.015625 0.015625
0 0.1296875 0.284375 0.0125 0.0125
0 0.090625 0.56796875 0.01640625 0.01640625
0 0.21015625 0.37890625 0.0109375 0.0109375
0 0.2671875 0.35234375 0.534375 0.6328125
0 0.60078125 0.2 0.01171875 0.01171875
0 0.75546875 0.88359375 0.0140625 0.0140625
0 0.77109375 0.76875 0.0125 0.0125
0 0.8078125 0.78203125 0.0140625 0.0140625
0 0.571875 0.10703125 0.009375 0.009375
0 0.0640625 0.3921875 0.0125 0.0125
0 0.4984375 0.940625 0.01171875 0.0109375
0 0.56171875 0.28046875 0.0109375 0.0109375
0 0.70703125 0.13984375 0.0109375 0.009375
0 0.5984375 0.0984375 0.009375 0.009375
0 0.03828125 0.1484375 0.01171875 0.0109375
0 0.653125 0.7640625 0.0109375 0.0109375
0 0.565625 0.73359375 0.0109375 0.0109375
0 0.87578125 0.8375 0.0109375 0.0109375
0 0.98203125 0.62578125 0.01875 0.01875
0 0.9125 0.54296875 0.0109375 0.0109375
0 0.57109375 0.9703125 0.0109375 0.0109375
0 0.54296875 0.98125 0.01171875 0.01171875
0 0.9859375 0.94140625 0.01171875 0.01171875
0 0.94375 0.96953125 0.0171875 0.01640625