0 0.940625 0.415625 0.040625 0.040625
0 0.91953125 0.51484375 0.1609375 0.253125
0 0.9515625 0.83046875 0.01875 0.01875
0 0.721875 0.9796875 0.065625 0.040625
0 0.8078125 0.7 0.04375 0.04375
0 0.5421875 0.825 0.3875 0.35
0 0.79765625 0.540625 0.04375 0.04375
0 0.63359375 0.3640625 0.025 0.025
0 0.93984375 0.16484375 0.0578125 0.059375
0 0.50625 0.22734375 0.03125 0.03125
0 0.49375 0.4453125 0.109375 0.1125
0 0.3984375 0.20625 0.021875 0.021875
0 0.128125 0.09921875 0.225 0.1984375
0 0.48359375 0.08515625 0.015625 0.015625
0 0.39296875 0.178125 0.04375 0.0453125
0 0.88046875 0.034375 0.0109375 0.0109375
0 0.56171875 0.05625 0.015625 0.0171875
0 0.884375 0.3 0.015625 0.015625
0 0.68359375 0.9234375 0.0109375 0.0109375
0 0.95078125 0.97421875 0.0125 0.0140625