0 0.9171875 0.71953125 0.0234375 0.025
0 0.93671875 0.60078125 0.125 0.1578125
0 0.7359375 0.8609375 0.31875 0.278125
0 0.7640625 0.3703125 0.01875 0.0203125
0 0.54140625 0.1375 0.209375 0.228125
0 0.77421875 0.546875 0.01875 0.01875
0 0.4015625 0.115625 0.296875 0.23125
0 0.415625 0.25859375 0.03125 0.034375
0 0.3703125 0.2546875 0.01875 0.021875
0 0.5140625 0.4359375 0.021875 0.0234375
0 0.5171875 0.80703125 0.0828125 0.090625
0 0.040625 0.7828125 0.0578125 0.0625
0 0.09921875 0.59453125 0.025 0.0265625
0 0.103125 0.49921875 0.190625 0.2078125
0 0.31875 0.5046875 0.015625 0.0171875
0 0.4578125 0.71953125 0.0171875 0.01875
0 0.5203125 0.753125 0.0265625 0.028125
0 0.1390625 0.1453125 0.015625 0.0171875
0 0.00703125 0.0375 0.0125 0.0125
0 0.2171875 0.1171875 0.015625 0.015625
0 0.7625 0.0640625 0.0140625 0.015625
0 0.29765625 0.05390625 0.0125 0.0140625
0 0.25078125 0.2359375 0.0140625 0.015625
0 0.6984375 0.425 0.0109375 0.0125
0 0.53828125 0.62421875 0.0109375 0.0125
0 0.5703125 0.6578125 0.015625 0.015625
0 0.68984375 0.8171875 0.0109375 0.0125
0 0.665625 0.88203125 0.0125 0.0125
0 0.49921875 0.86015625 0.0125 0.0140625
0 0.25234375 0.92109375 0.0171875 0.01875
0 0.8 0.87890625 0.0125 0.015625
0 0.996875 0.38515625 0.00625 0.0125
0 0.39453125 0.746875 0.0109375 0.0125
0 0.56171875 0.06640625 0.0125 0.0140625
0 0.12734375 0.1375 0.0125 0.0125
0 0.5921875 0.70546875 0.0125 0.0125
0 0.2140625 0.528125 0.015625 0.01875
0 0.12265625 0.553125 0.0109375 0.0125
0 0.2140625 0.93515625 0.0109375 0.0125
0 0.559375 0.80078125 0.009375 0.0109375
0 0.39921875 0.828125 0.0109375 0.0125
0 0.04375 0.5625 0.0125 0.0140625