0 0.8796875 0.13671875 0.0203125 0.0203125
0 0.8375 0.715625 0.015625 0.0171875
0 0.7171875 0.41484375 0.015625 0.015625
0 0.45625 0.53828125 0.015625 0.0171875
0 0.37109375 0.453125 0.015625 0.015625
0 0.315625 0.2546875 0.0265625 0.028125
0 0.5453125 0.88359375 0.19375 0.196875
0 0.7640625 0.8734375 0.046875 0.0484375
0 0.78984375 0.75859375 0.203125 0.20625
0 0.22109375 0.378125 0.021875 0.021875
0 0.20546875 0.93828125 0.021875 0.021875
0 0.32578125 0.48125 0.065625 0.065625
0 0.515625 0.490625 0.2125 0.215625
0 0.01015625 0.9828125 0.015625 0.015625
0 0.171875 0.60390625 0.1171875 0.11875
0 0.20625 0.4734375 0.125 0.1265625
0 0.05390625 0.43671875 0.1078125 0.184375
0 0.12265625 0.12890625 0.015625 0.015625
0 0.10546875 0.83671875 0.1015625 0.103125
0 0.01171875 0.290625 0.009375 0.009375
0 0.06484375 0.26015625 0.009375 0.009375
0 0.7359375 0.08125 0.0125 0.0125
0 0.3796875 0.5046875 0.0125 0.0125
0 0.55078125 0.31953125 0.0125 0.0140625
0 0.80078125 0.5796875 0.0125 0.0125
0 0.94609375 0.44609375 0.0125 0.0125
0 0.7609375 0.96484375 0.0125 0.0125
0 0.91640625 0.17890625 0.0109375 0.0109375
0 0.99375 0.0515625 0.0125 0.0125
0 0.83359375 0.21171875 0.3234375 0.328125
0 0.678125 0.94453125 0.0125 0.0125
0 0.5984375 0.90859375 0.0125 0.0125
0 0.715625 0.68359375 0.0109375 0.0109375
0 0.26484375 0.89296875 0.0125 0.0125
0 0.3640625 0.5015625 0.0125 0.0125
0 0.74921875 0.1453125 0.009375 0.009375
0 0.05703125 0.628125 0.0109375 0.0109375
0 0.0125 0.753125 0.025 0.0296875
0 0.09609375 0.92421875 0.009375 0.009375
0 0.06875 0.775 0.015625 0.015625
0 0.04765625 0.06796875 0.009375 0.009375
0 0.2671875 0.45390625 0.0109375 0.0109375
0 0.65078125 0.8328125 0.0109375 0.0109375
0 0.56796875 0.496875 0.0109375 0.0109375
0 0.60703125 0.44921875 0.009375 0.0109375
0 0.909375 0.60390625 0.18125 0.3796875