0 0.67265625 0.96015625 0.071875 0.07109375
0 0.875 0.83125 0.25 0.25703125
0 0.57421875 0.72578125 0.0203125 0.01953125
0 0.334375 0.62734375 0.05390625 0.053125
0 0.325 0.646875 0.0390625 0.03828125
0 0.090625 0.94453125 0.06875 0.0671875
0 0.20625 0.675 0.246875 0.2421875
0 0.021875 0.459375 0.02265625 0.02265625
0 0.3171875 0.41015625 0.021875 0.021875
0 0.73125 0.45546875 0.02421875 0.0234375
0 0.865625 0.45234375 0.0546875 0.05390625
0 0.94921875 0.478125 0.01875 0.01875
0 0.95625 0.1828125 0.0390625 0.03828125
0 0.803125 0.35234375 0.0328125 0.0328125
0 0.8703125 0.2 0.25859375 0.26640625
0 0.4046875 0.0953125 0.37578125 0.190625
0 0.621875 0.2546875 0.0109375 0.0109375
0 0.94453125 0.1375 0.0125 0.0125
0 0.684375 0.57890625 0.0125 0.01171875
0 0.72421875 0.6921875 0.0109375 0.0109375
0 0.665625 0.67421875 0.0125 0.0125
0 0.875 0.78359375 0.0171875 0.0171875
0 0.7921875 0.7984375 0.0125 0.01171875
0 0.55078125 0.7140625 0.015625 0.01484375
0 0.5703125 0.34296875 0.0109375 0.0109375
0 0.31640625 0.36953125 0.01640625 0.015625
0 0.18671875 0.49140625 0.01171875 0.01171875
0 0.35859375 0.71171875 0.0109375 0.009375
0 0.4359375 0.640625 0.0140625 0.0140625
0 0.1609375 0.82109375 0.0140625 0.0125
0 0.9859375 0.8921875 0.009375 0.01171875
0 0.04765625 0.5265625 0.01171875 0.01171875
0 0.40234375 0.40234375 0.0109375 0.0109375
0 0.6625 0.1359375 0.01171875 0.01171875
0 0.471875 0.25390625 0.0125 0.01171875
0 0.0484375 0.1890625 0.009375 0.009375
0 0.03125 0.00859375 0.0109375 0.0109375
0 0.25 0.64453125 0.01171875 0.0109375
0 0.31875 0.37265625 0.009375 0.009375
0 0.9015625 0.3671875 0.0109375 0.0109375
0 0.8765625 0.56015625 0.0109375 0.0109375
0 0.990625 0.3484375 0.00703125 0.0109375
0 0.4203125 0.7140625 0.009375 0.009375
0 0.259375 0.0328125 0.02734375 0.02734375
0 0.65703125 0.53046875 0.0203125 0.01953125
0 0.0640625 0.46796875 0.128125 0.42734375