0 0.96015625 0.32734375 0.071875 0.071875
0 0.83125 0.125 0.25625 0.25
0 0.72578125 0.42578125 0.01875 0.0203125
0 0.62734375 0.665625 0.053125 0.053125
0 0.646875 0.675 0.0375 0.0390625
0 0.94453125 0.909375 0.0671875 0.06875
0 0.675 0.79375 0.2421875 0.246875
0 0.459375 0.978125 0.021875 0.0234375
0 0.41015625 0.6828125 0.021875 0.021875
0 0.45546875 0.26875 0.0234375 0.025
0 0.45234375 0.134375 0.053125 0.0546875
0 0.478125 0.05078125 0.01875 0.01875
0 0.1828125 0.04375 0.0375 0.0390625
0 0.35234375 0.196875 0.0328125 0.0328125
0 0.2 0.1296875 0.265625 0.259375
0 0.0953125 0.5953125 0.190625 0.3765625
0 0.2546875 0.378125 0.0109375 0.0109375
0 0.1375 0.05546875 0.0125 0.0125
0 0.57890625 0.315625 0.0125 0.0125
0 0.6921875 0.27578125 0.0109375 0.0109375
0 0.67421875 0.334375 0.0125 0.0125
0 0.78359375 0.125 0.0171875 0.0171875
0 0.7984375 0.2078125 0.0125 0.0125
0 0.7140625 0.44921875 0.015625 0.015625
0 0.34296875 0.4296875 0.0109375 0.0109375
0 0.36953125 0.68359375 0.015625 0.015625
0 0.49140625 0.81328125 0.0125 0.0125
0 0.71171875 0.64140625 0.009375 0.0109375
0 0.640625 0.5640625 0.0140625 0.0140625
0 0.82109375 0.8390625 0.0125 0.0140625
0 0.8921875 0.0140625 0.0125 0.009375
0 0.5265625 0.95234375 0.0125 0.0125
0 0.40234375 0.59765625 0.0109375 0.0109375
0 0.1359375 0.3375 0.0125 0.0125
0 0.25390625 0.528125 0.0125 0.0125
0 0.1890625 0.9515625 0.009375 0.009375
0 0.00859375 0.96875 0.0109375 0.0109375
0 0.64453125 0.75 0.0109375 0.0125
0 0.37265625 0.68125 0.009375 0.009375
0 0.3671875 0.0984375 0.0109375 0.0109375
0 0.56015625 0.1234375 0.0109375 0.0109375
0 0.3484375 0.009375 0.0109375 0.00625
0 0.7140625 0.5796875 0.009375 0.009375
0 0.0328125 0.740625 0.028125 0.028125
0 0.53046875 0.34296875 0.01875 0.0203125
0 0.46796875 0.9359375 0.428125 0.128125