0 0.1203125 0.13671875 0.0203125 0.0203125
0 0.1625 0.715625 0.015625 0.0171875
0 0.2828125 0.41484375 0.015625 0.015625
0 0.54375 0.53828125 0.015625 0.0171875
0 0.62890625 0.453125 0.015625 0.015625
0 0.684375 0.2546875 0.0265625 0.028125
0 0.4546875 0.88359375 0.19375 0.196875
0 0.2359375 0.8734375 0.046875 0.0484375
0 0.21015625 0.75859375 0.203125 0.20625
0 0.77890625 0.378125 0.021875 0.021875
0 0.79453125 0.93828125 0.021875 0.021875
0 0.67421875 0.48125 0.065625 0.065625
0 0.484375 0.490625 0.2125 0.215625
0 0.98984375 0.9828125 0.015625 0.0171875
0 0.828125 0.60390625 0.1171875 0.11875
0 0.79375 0.4734375 0.125 0.1265625
0 0.94609375 0.43671875 0.1078125 0.184375
0 0.87734375 0.12890625 0.015625 0.015625
0 0.89453125 0.83671875 0.1015625 0.103125
0 0.98828125 0.290625 0.009375 0.009375
0 0.93515625 0.26015625 0.009375 0.009375
0 0.2640625 0.08125 0.0125 0.0125
0 0.6203125 0.5046875 0.0125 0.0125
0 0.44921875 0.31953125 0.0125 0.0140625
0 0.19921875 0.5796875 0.0125 0.0125
0 0.05390625 0.44609375 0.0125 0.0125
0 0.2390625 0.96484375 0.0125 0.0125
0 0.08359375 0.17890625 0.0109375 0.0109375
0 0.00625 0.0515625 0.0125 0.0125
0 0.16640625 0.21171875 0.3234375 0.328125
0 0.321875 0.94453125 0.0125 0.0125
0 0.4015625 0.90859375 0.0125 0.0125
0 0.284375 0.68359375 0.0109375 0.0109375
0 0.73515625 0.89296875 0.0125 0.0125
0 0.6359375 0.5015625 0.0125 0.0125
0 0.25078125 0.1453125 0.009375 0.009375
0 0.94296875 0.628125 0.0109375 0.0109375
0 0.9875 0.753125 0.025 0.0296875
0 0.90390625 0.92421875 0.009375 0.009375
0 0.93125 0.775 0.015625 0.015625
0 0.95234375 0.06796875 0.009375 0.009375
0 0.7328125 0.45390625 0.0109375 0.0109375
0 0.34921875 0.8328125 0.0109375 0.0109375
0 0.43203125 0.496875 0.0109375 0.0109375
0 0.39296875 0.44921875 0.009375 0.0109375
0 0.090625 0.60390625 0.18125 0.3796875