0 0.32734375 0.03984375 0.071875 0.071875
0 0.125 0.16875 0.25 0.2578125
0 0.42578125 0.27421875 0.0203125 0.01875
0 0.665625 0.37265625 0.053125 0.053125
0 0.675 0.353125 0.0390625 0.0375
0 0.909375 0.05546875 0.06875 0.0671875
0 0.79375 0.325 0.246875 0.2421875
0 0.978125 0.540625 0.021875 0.021875
0 0.6828125 0.58984375 0.021875 0.021875
0 0.26875 0.54453125 0.025 0.0234375
0 0.134375 0.54765625 0.0546875 0.0546875
0 0.05078125 0.521875 0.01875 0.01875
0 0.04375 0.8171875 0.0390625 0.0375
0 0.196875 0.64765625 0.0328125 0.0328125
0 0.1296875 0.8 0.259375 0.265625
0 0.5953125 0.9046875 0.3765625 0.190625
0 0.378125 0.7453125 0.0109375 0.0109375
0 0.05546875 0.8625 0.0125 0.0125
0 0.315625 0.42109375 0.0125 0.0125
0 0.27578125 0.3078125 0.0109375 0.0109375
0 0.334375 0.32578125 0.0125 0.0125
0 0.125 0.21640625 0.0171875 0.0171875
0 0.2078125 0.2015625 0.0125 0.0125
0 0.44921875 0.2859375 0.015625 0.015625
0 0.4296875 0.65703125 0.0109375 0.0109375
0 0.68359375 0.63046875 0.015625 0.015625
0 0.81328125 0.50859375 0.0125 0.0125
0 0.64140625 0.28828125 0.0109375 0.009375
0 0.5640625 0.359375 0.0140625 0.0140625
0 0.8390625 0.17890625 0.0140625 0.0125
0 0.0140625 0.1078125 0.009375 0.0125
0 0.95234375 0.4734375 0.0125 0.0125
0 0.59765625 0.59765625 0.0109375 0.0109375
0 0.3375 0.8640625 0.0125 0.0125
0 0.528125 0.74609375 0.0125 0.0125
0 0.9515625 0.8109375 0.009375 0.009375
0 0.96875 0.99140625 0.0109375 0.0109375
0 0.75 0.35546875 0.0125 0.0109375
0 0.68125 0.62734375 0.009375 0.009375
0 0.0984375 0.6328125 0.0109375 0.0109375
0 0.1234375 0.43984375 0.0109375 0.0109375
0 0.009375 0.6515625 0.0078125 0.0109375
0 0.5796875 0.2859375 0.009375 0.009375
0 0.740625 0.9671875 0.028125 0.028125
0 0.34296875 0.46953125 0.0203125 0.01875
0 0.9359375 0.53203125 0.128125 0.428125