0 0.0328125 0.20625 0.0546875 0.053125
0 0.1546875 0.06015625 0.021875 0.0203125
0 0.3171875 0.1359375 0.0609375 0.059375
0 0.32265625 0.109375 0.01875 0.01875
0 0.53984375 0.0875 0.03125 0.03125
0 0.82578125 0.22734375 0.01875 0.01875
0 0.6140625 0.4265625 0.3328125 0.325
0 0.84453125 0.4265625 0.0375 0.0375
0 0.8578125 0.3921875 0.04375 0.0421875
0 0.05625 0.72890625 0.0203125 0.01875
0 0.63984375 0.89375 0.0390625 0.0375
0 0.45546875 0.8765625 0.01875 0.01875
0 0.55390625 0.82890625 0.028125 0.028125
0 0.92265625 0.809375 0.0375 0.0359375
0 0.08515625 0.33359375 0.0140625 0.0125
0 0.02421875 0.99375 0.0140625 0.0125
0 0.0703125 0.91015625 0.0109375 0.0109375
0 0.14765625 0.96015625 0.0109375 0.0109375
0 0.12734375 0.23125 0.0125 0.0125
0 0.50390625 0.21875 0.0125 0.0125
0 0.49765625 0.975 0.0109375 0.0109375
0 0.75390625 0.8796875 0.0125 0.0125
0 0.24296875 0.69609375 0.0109375 0.0109375
0 0.2328125 0.66796875 0.0140625 0.0125
0 0.2171875 0.66171875 0.015625 0.015625
0 0.1609375 0.6125 0.015625 0.0140625
0 0.2578125 0.55 0.0140625 0.0140625
0 0.10703125 0.7859375 0.009375 0.009375
0 0.1015625 0.5109375 0.0125 0.0125
0 0.3703125 0.465625 0.0109375 0.009375