0 0.98984375 0.27734375 0.0203125 0.025
0 0.7296875 0.2515625 0.040625 0.0375
0 0.68203125 0.59453125 0.0609375 0.0578125
0 0.6109375 0.07578125 0.025 0.0234375
0 0.14921875 0.37109375 0.025 0.025
0 0.16875 0.5171875 0.04375 0.040625
0 0.22890625 0.44609375 0.0234375 0.021875
0 0.34296875 0.38125 0.071875 0.06875
0 0.4109375 0.56953125 0.0828125 0.078125
0 0.56796875 0.19375 0.025 0.021875
0 0.08359375 0.746875 0.028125 0.025
0 0.0734375 0.8078125 0.01875 0.0171875
0 0.6578125 0.9078125 0.021875 0.021875
0 0.8046875 0.79140625 0.021875 0.021875
0 0.9921875 0.6625 0.015625 0.028125
0 0.8609375 0.746875 0.0171875 0.015625
0 0.9546875 0.8765625 0.090625 0.0921875
0 0.81328125 0.94140625 0.015625 0.015625
0 0.15703125 0.28125 0.08125 0.078125
0 0.46015625 0.7328125 0.015625 0.015625
0 0.36796875 0.928125 0.015625 0.015625
0 0.0140625 0.8984375 0.0109375 0.0109375
0 0.09296875 0.45546875 0.0140625 0.0125
0 0.06015625 0.10703125 0.0109375 0.009375
0 0.16796875 0.4609375 0.0125 0.0109375
0 0.97578125 0.0453125 0.0109375 0.0109375
0 0.87578125 0.8359375 0.0125 0.0109375
0 0.91875 0.57109375 0.0125 0.0125
0 0.5359375 0.665625 0.0109375 0.009375
0 0.71328125 0.6015625 0.121875 0.115625
0 0.7359375 0.64765625 0.0140625 0.0140625
0 0.3046875 0.74765625 0.0109375 0.009375
0 0.9921875 0.4484375 0.0109375 0.0109375
0 0.98359375 0.90234375 0.021875 0.0203125
0 0.03984375 0.93984375 0.0125 0.0109375
0 0.36875 0.4046875 0.0125 0.0125
0 0.45859375 0.23359375 0.0140625 0.0125
0 0.41796875 0.18359375 0.0140625 0.0125
0 0.4140625 0.11640625 0.0125 0.0125
0 0.121875 0.0984375 0.0109375 0.009375
0 0.16953125 0.1078125 0.0125 0.0125
0 0.5296875 0.04609375 0.2375 0.0921875
0 0.0328125 0.16484375 0.065625 0.1625
0 0.98984375 0.0296875 0.0203125 0.0375