0 0.95078125 0.50546875 0.0625 0.0625
0 0.971875 0.85703125 0.05625 0.08125
0 0.4578125 0.9484375 0.040625 0.040625
0 0.50859375 0.871875 0.0453125 0.0453125
0 0.6078125 0.93125 0.0234375 0.0234375
0 0.7078125 0.409375 0.01875 0.01875
0 0.7015625 0.2296875 0.0234375 0.0234375
0 0.465625 0.13359375 0.0328125 0.034375
0 0.428125 0.55546875 0.0171875 0.0171875
0 0.01796875 0.603125 0.03125 0.03125
0 0.29765625 0.2 0.015625 0.015625
0 0.14609375 0.06171875 0.0125 0.0125
0 0.246875 0.35234375 0.015625 0.015625
0 0.41796875 0.653125 0.109375 0.1109375
0 0.515625 0.5390625 0.0125 0.0125
0 0.89921875 0.9015625 0.0125 0.0125
0 0.6296875 0.85078125 0.015625 0.015625
0 0.66015625 0.99140625 0.0125 0.0125
0 0.8671875 0.59921875 0.0171875 0.0171875
0 0.6609375 0.121875 0.015625 0.015625
0 0.96171875 0.26640625 0.015625 0.015625
0 0.896875 0.1984375 0.04375 0.0453125
0 0.1765625 0.99609375 0.0125 0.0078125
0 0.10859375 0.709375 0.0140625 0.0140625
0 0.0421875 0.60234375 0.0125 0.0125
0 0.0609375 0.5171875 0.0125 0.0125
0 0.35546875 0.01171875 0.0125 0.0078125
0 0.24453125 0.053125 0.0125 0.0125
0 0.48359375 0.153125 0.0140625 0.0140625
0 0.259375 0.2828125 0.0109375 0.0109375
0 0.39375 0.42421875 0.009375 0.009375
0 0.409375 0.53046875 0.0125 0.0125
0 0.55625 0.4734375 0.0125 0.0125
0 0.53046875 0.6125 0.015625 0.015625
0 0.3671875 0.7734375 0.015625 0.015625
0 0.6078125 0.9609375 0.009375 0.009375
0 0.615625 0.85234375 0.0125 0.0125
0 0.67890625 0.8546875 0.0109375 0.0109375
0 0.35078125 0.85 0.0109375 0.0109375
0 0.66640625 0.759375 0.0109375 0.0109375
0 0.60859375 0.7484375 0.0109375 0.0109375
0 0.74609375 0.6375 0.0140625 0.0140625
0 0.8265625 0.1140625 0.0125 0.0125
0 0.8453125 0.3453125 0.015625 0.015625
0 0.8078125 0.28984375 0.0140625 0.0140625
0 0.365625 0.09921875 0.03125 0.03125
0 0.53125 0.34921875 0.0453125 0.0453125
0 0.596875 0.28203125 0.0140625 0.015625
0 0.2921875 0.7984375 0.0515625 0.0515625
0 0.24375 0.8546875 0.015625 0.015625