0 0.1734375 0.88125 0.0171875 0.0203125
0 0.23203125 0.8828125 0.021875 0.025
0 0.04765625 0.03515625 0.03125 0.0359375
0 0.1140625 0.0765625 0.0203125 0.0234375
0 0.4578125 0.16015625 0.025 0.028125
0 0.525 0.25078125 0.015625 0.01875
0 0.5828125 0.409375 0.03125 0.034375
0 0.49609375 0.4765625 0.0171875 0.0203125
0 0.8078125 0.4828125 0.03125 0.034375
0 0.83359375 0.16015625 0.0578125 0.0640625
0 0.778125 0.0375 0.01875 0.021875
0 0.7390625 0.40859375 0.103125 0.1171875
0 0.5953125 0.59453125 0.0359375 0.040625
0 0.65703125 0.7828125 0.028125 0.03125
0 0.58828125 0.78984375 0.0328125 0.0375
0 0.70234375 0.68203125 0.01875 0.021875
0 0.8984375 0.6125 0.0203125 0.0234375
0 0.415625 0.68515625 0.01875 0.021875
0 0.97109375 0.73671875 0.0578125 0.1109375
0 0.65546875 0.9078125 0.1015625 0.115625
0 0.86796875 0.0984375 0.0421875 0.046875
0 0.61796875 0.00703125 0.015625 0.0140625
0 0.75703125 0.3390625 0.0140625 0.015625
0 0.87890625 0.5984375 0.015625 0.0171875
0 0.821875 0.45234375 0.0109375 0.0125
0 0.8015625 0.7078125 0.009375 0.0125
0 0.4734375 0.65390625 0.0140625 0.015625
0 0.190625 0.4953125 0.0109375 0.0125
0 0.05390625 0.365625 0.0125 0.0125
0 0.33671875 0.03984375 0.0109375 0.0125
0 0.675 0.8921875 0.0109375 0.0125
0 0.6734375 0.615625 0.0109375 0.0125
0 0.346875 0.38125 0.009375 0.0109375
0 0.4046875 0.6859375 0.0125 0.0140625