0 0.50546875 0.04921875 0.0625 0.0625
0 0.85703125 0.028125 0.08125 0.05625
0 0.9484375 0.5421875 0.040625 0.040625
0 0.871875 0.49140625 0.0453125 0.0453125
0 0.93125 0.3921875 0.0234375 0.0234375
0 0.409375 0.2921875 0.01875 0.01875
0 0.2296875 0.2984375 0.0234375 0.0234375
0 0.13359375 0.534375 0.034375 0.0328125
0 0.55546875 0.571875 0.0171875 0.0171875
0 0.603125 0.98203125 0.03125 0.03125
0 0.2 0.70234375 0.015625 0.015625
0 0.06171875 0.85390625 0.0125 0.0125
0 0.35234375 0.753125 0.015625 0.015625
0 0.653125 0.58203125 0.1109375 0.109375
0 0.5390625 0.484375 0.0125 0.0125
0 0.9015625 0.10078125 0.0125 0.0125
0 0.85078125 0.3703125 0.015625 0.015625
0 0.99140625 0.33984375 0.0125 0.0125
0 0.59921875 0.1328125 0.0171875 0.0171875
0 0.121875 0.3390625 0.015625 0.015625
0 0.26640625 0.03828125 0.015625 0.015625
0 0.1984375 0.103125 0.0453125 0.04375
0 0.99609375 0.8234375 0.0078125 0.0125
0 0.709375 0.89140625 0.0140625 0.0140625
0 0.60234375 0.9578125 0.0125 0.0125
0 0.5171875 0.9390625 0.0125 0.0125
0 0.01171875 0.64453125 0.0078125 0.0125
0 0.053125 0.75546875 0.0125 0.0125
0 0.153125 0.51640625 0.0140625 0.0140625
0 0.2828125 0.740625 0.0109375 0.0109375
0 0.42421875 0.60625 0.009375 0.009375
0 0.53046875 0.590625 0.0125 0.0125
0 0.4734375 0.44375 0.0125 0.0125
0 0.6125 0.46953125 0.015625 0.015625
0 0.7734375 0.6328125 0.015625 0.015625
0 0.9609375 0.3921875 0.009375 0.009375
0 0.85234375 0.384375 0.0125 0.0125
0 0.8546875 0.32109375 0.0109375 0.0109375
0 0.85 0.64921875 0.0109375 0.0109375
0 0.759375 0.33359375 0.0109375 0.0109375
0 0.7484375 0.39140625 0.0109375 0.0109375
0 0.6375 0.25390625 0.0140625 0.0140625
0 0.1140625 0.1734375 0.0125 0.0125
0 0.3453125 0.1546875 0.015625 0.015625
0 0.28984375 0.1921875 0.0140625 0.0140625
0 0.09921875 0.634375 0.03125 0.03125
0 0.34921875 0.46875 0.0453125 0.0453125
0 0.28203125 0.403125 0.015625 0.0140625
0 0.7984375 0.7078125 0.0515625 0.0515625
0 0.8546875 0.75625 0.015625 0.015625