0 0.98984375 0.72265625 0.0203125 0.025
0 0.7296875 0.7484375 0.040625 0.0375
0 0.68203125 0.40546875 0.0609375 0.0578125
0 0.6109375 0.92421875 0.025 0.0234375
0 0.14921875 0.62890625 0.025 0.025
0 0.16875 0.4828125 0.04375 0.040625
0 0.22890625 0.55390625 0.0234375 0.021875
0 0.34296875 0.61875 0.071875 0.06875
0 0.4109375 0.43046875 0.0828125 0.078125
0 0.56796875 0.80625 0.025 0.021875
0 0.08359375 0.253125 0.028125 0.025
0 0.0734375 0.1921875 0.01875 0.0171875
0 0.6578125 0.0921875 0.021875 0.021875
0 0.8046875 0.20859375 0.021875 0.021875
0 0.9921875 0.3375 0.015625 0.028125
0 0.8609375 0.253125 0.0171875 0.0171875
0 0.9546875 0.1234375 0.090625 0.0921875
0 0.81328125 0.05859375 0.015625 0.015625
0 0.15703125 0.71875 0.08125 0.078125
0 0.46015625 0.2671875 0.015625 0.015625
0 0.36796875 0.071875 0.015625 0.015625
0 0.0140625 0.1015625 0.0109375 0.0109375
0 0.09296875 0.54453125 0.0140625 0.0125
0 0.06015625 0.89296875 0.0109375 0.009375
0 0.16796875 0.5390625 0.0125 0.0109375
0 0.97578125 0.9546875 0.0109375 0.0109375
0 0.87578125 0.1640625 0.0125 0.0109375
0 0.91875 0.42890625 0.0125 0.0125
0 0.5359375 0.334375 0.0109375 0.009375
0 0.71328125 0.3984375 0.121875 0.115625
0 0.7359375 0.35234375 0.0140625 0.0140625
0 0.3046875 0.25234375 0.0109375 0.009375
0 0.9921875 0.5515625 0.0109375 0.0109375
0 0.98359375 0.09765625 0.021875 0.0203125
0 0.03984375 0.06015625 0.0125 0.0109375
0 0.36875 0.5953125 0.0125 0.0125
0 0.45859375 0.76640625 0.0140625 0.0125
0 0.41796875 0.81640625 0.0140625 0.0125
0 0.4140625 0.88359375 0.0125 0.0125
0 0.121875 0.9015625 0.0109375 0.009375
0 0.16953125 0.8921875 0.0125 0.0125
0 0.5296875 0.95390625 0.2375 0.0921875
0 0.0328125 0.83515625 0.065625 0.1625
0 0.98984375 0.9703125 0.0203125 0.0375