0 0.49453125 0.95078125 0.0625 0.0625
0 0.14296875 0.971875 0.08203125 0.05625
0 0.0515625 0.4578125 0.040625 0.040625
0 0.128125 0.50859375 0.0453125 0.0453125
0 0.06875 0.6078125 0.0234375 0.0234375
0 0.590625 0.7078125 0.01875 0.01875
0 0.7703125 0.7015625 0.0234375 0.0234375
0 0.86640625 0.465625 0.034375 0.0328125
0 0.44453125 0.428125 0.0171875 0.0171875
0 0.396875 0.01796875 0.03046875 0.03046875
0 0.8 0.29765625 0.015625 0.015625
0 0.93828125 0.14609375 0.0125 0.0125
0 0.64765625 0.246875 0.01640625 0.01640625
0 0.346875 0.41796875 0.1109375 0.11015625
0 0.4609375 0.515625 0.0125 0.0125
0 0.0984375 0.89921875 0.0125 0.0125
0 0.14921875 0.6296875 0.01484375 0.01484375
0 0.00859375 0.66015625 0.0125 0.0125
0 0.40078125 0.8671875 0.0171875 0.0171875
0 0.878125 0.6609375 0.015625 0.015625
0 0.73359375 0.96171875 0.01640625 0.01640625
0 0.8015625 0.896875 0.0453125 0.04375
0 0.00390625 0.1765625 0.0078125 0.01171875
0 0.290625 0.10859375 0.0140625 0.0140625
0 0.39765625 0.0421875 0.01171875 0.01171875
0 0.4828125 0.0609375 0.01171875 0.01171875
0 0.98828125 0.35546875 0.0078125 0.01171875
0 0.946875 0.24453125 0.0125 0.0125
0 0.846875 0.48359375 0.0140625 0.0140625
0 0.7171875 0.259375 0.0109375 0.0109375
0 0.57578125 0.39375 0.009375 0.009375
0 0.46953125 0.409375 0.01171875 0.01171875
0 0.5265625 0.55625 0.01171875 0.01171875
0 0.3875 0.53046875 0.01484375 0.01484375
0 0.2265625 0.3671875 0.015625 0.015625
0 0.0390625 0.6078125 0.009375 0.009375
0 0.14765625 0.615625 0.01171875 0.01171875
0 0.1453125 0.67890625 0.0109375 0.0109375
0 0.15 0.35078125 0.0109375 0.0109375
0 0.240625 0.66640625 0.0109375 0.0109375
0 0.2515625 0.60859375 0.0109375 0.0109375
0 0.3625 0.74609375 0.0140625 0.0140625
0 0.8859375 0.8265625 0.01171875 0.01171875
0 0.6546875 0.8453125 0.01640625 0.01640625
0 0.71015625 0.8078125 0.0140625 0.0140625
0 0.90078125 0.365625 0.03125 0.03125
0 0.65078125 0.53125 0.0453125 0.0453125
0 0.71796875 0.596875 0.01484375 0.0140625
0 0.2015625 0.2921875 0.0515625 0.0515625
0 0.1453125 0.24375 0.01484375 0.01484375