0 0.88125 0.8265625 0.0203125 0.0171875
0 0.8828125 0.76796875 0.025 0.02265625
0 0.03515625 0.95234375 0.0359375 0.03125
0 0.0765625 0.8859375 0.0234375 0.0203125
0 0.16015625 0.5421875 0.028125 0.02421875
0 0.25078125 0.475 0.01953125 0.01640625
0 0.409375 0.4171875 0.03515625 0.03046875
0 0.4765625 0.50390625 0.0203125 0.0171875
0 0.4828125 0.1921875 0.034375 0.03046875
0 0.16015625 0.16640625 0.0640625 0.0578125
0 0.0375 0.221875 0.021875 0.01875
0 0.40859375 0.2609375 0.1171875 0.103125
0 0.59453125 0.4046875 0.040625 0.0359375
0 0.7828125 0.34296875 0.03125 0.02734375
0 0.78984375 0.41171875 0.03828125 0.0328125
0 0.68203125 0.29765625 0.02265625 0.01953125
0 0.6125 0.1015625 0.0234375 0.0203125
0 0.68515625 0.584375 0.02265625 0.01953125
0 0.73671875 0.02890625 0.1109375 0.0578125
0 0.9078125 0.34453125 0.115625 0.1015625
0 0.0984375 0.13203125 0.04765625 0.0421875
0 0.00703125 0.38203125 0.0140625 0.01484375
0 0.3390625 0.24296875 0.015625 0.0140625
0 0.5984375 0.12109375 0.0171875 0.015625
0 0.45234375 0.178125 0.01171875 0.0109375
0 0.7078125 0.1984375 0.01171875 0.009375
0 0.65390625 0.5265625 0.015625 0.0140625
0 0.4953125 0.809375 0.01171875 0.0109375
0 0.365625 0.94609375 0.0125 0.01171875
0 0.03984375 0.66328125 0.01171875 0.0109375
0 0.8921875 0.325 0.01171875 0.0109375
0 0.615625 0.3265625 0.0125 0.0109375
0 0.38125 0.653125 0.0109375 0.009375
0 0.6859375 0.5953125 0.0140625 0.01171875