0 0.9671875 0.79375 0.0546875 0.05390625
0 0.8453125 0.93984375 0.021875 0.0203125
0 0.6828125 0.8640625 0.0609375 0.05859375
0 0.67734375 0.890625 0.01875 0.01875
0 0.46015625 0.9125 0.03203125 0.03125
0 0.17421875 0.77265625 0.01875 0.01875
0 0.3859375 0.5734375 0.3328125 0.32421875
0 0.15546875 0.5734375 0.03828125 0.0375
0 0.1421875 0.6078125 0.04296875 0.0421875
0 0.94375 0.27109375 0.01953125 0.01953125
0 0.36015625 0.10625 0.0390625 0.03828125
0 0.54453125 0.1234375 0.01875 0.01875
0 0.44609375 0.17109375 0.028125 0.02734375
0 0.07734375 0.190625 0.0375 0.0359375
0 0.91484375 0.66640625 0.0140625 0.0125
0 0.97578125 0.00625 0.0140625 0.0125
0 0.9296875 0.08984375 0.0109375 0.0109375
0 0.85234375 0.03984375 0.0109375 0.0109375
0 0.87265625 0.76875 0.0125 0.01171875
0 0.49609375 0.78125 0.01171875 0.01171875
0 0.50234375 0.025 0.0109375 0.0109375
0 0.00078125 0.1359375 0.00078125 0.009375
0 0.24609375 0.1203125 0.01171875 0.01171875
0 0.75703125 0.30390625 0.0109375 0.0109375
0 0.7671875 0.33203125 0.0140625 0.0125
0 0.7828125 0.33828125 0.01484375 0.01484375
0 0.8390625 0.3875 0.01484375 0.0140625
0 0.7421875 0.45 0.0140625 0.0140625
0 0.89296875 0.2140625 0.009375 0.009375
0 0.8984375 0.4890625 0.01171875 0.01171875
0 0.6296875 0.534375 0.0109375 0.009375