0 0.04921875 0.49453125 0.0625 0.0625
0 0.028125 0.14296875 0.05625 0.08125
0 0.5421875 0.0515625 0.040625 0.040625
0 0.49140625 0.128125 0.0453125 0.0453125
0 0.3921875 0.06875 0.0234375 0.0234375
0 0.2921875 0.590625 0.01875 0.01875
0 0.2984375 0.7703125 0.0234375 0.0234375
0 0.534375 0.86640625 0.0328125 0.034375
0 0.571875 0.44453125 0.0171875 0.0171875
0 0.98203125 0.396875 0.03125 0.03125
0 0.70234375 0.8 0.015625 0.015625
0 0.85390625 0.93828125 0.0125 0.0125
0 0.753125 0.64765625 0.015625 0.015625
0 0.58203125 0.346875 0.109375 0.1109375
0 0.484375 0.4609375 0.0125 0.0125
0 0.10078125 0.0984375 0.0125 0.0125
0 0.3703125 0.14921875 0.015625 0.015625
0 0.33984375 0.00859375 0.0125 0.0125
0 0.1328125 0.40078125 0.0171875 0.0171875
0 0.3390625 0.878125 0.015625 0.015625
0 0.03828125 0.73359375 0.015625 0.015625
0 0.103125 0.8015625 0.04375 0.0453125
0 0.8234375 0.00390625 0.0125 0.0078125
0 0.89140625 0.290625 0.0140625 0.0140625
0 0.9578125 0.39765625 0.0125 0.0125
0 0.9390625 0.4828125 0.0125 0.0125
0 0.64453125 0.98828125 0.0125 0.0078125
0 0.75546875 0.946875 0.0125 0.0125
0 0.51640625 0.846875 0.0140625 0.0140625
0 0.740625 0.7171875 0.0109375 0.0109375
0 0.60625 0.57578125 0.009375 0.009375
0 0.590625 0.46953125 0.0125 0.0125
0 0.44375 0.5265625 0.0125 0.0125
0 0.46953125 0.3875 0.015625 0.015625
0 0.6328125 0.2265625 0.015625 0.015625
0 0.3921875 0.0390625 0.009375 0.009375
0 0.384375 0.14765625 0.0125 0.0125
0 0.32109375 0.1453125 0.0109375 0.0109375
0 0.64921875 0.15 0.0109375 0.0109375
0 0.33359375 0.240625 0.0109375 0.0109375
0 0.39140625 0.2515625 0.0109375 0.0109375
0 0.25390625 0.3625 0.0140625 0.0140625
0 0.1734375 0.8859375 0.0125 0.0125
0 0.1546875 0.6546875 0.015625 0.015625
0 0.1921875 0.71015625 0.0140625 0.0140625
0 0.634375 0.90078125 0.03125 0.03125
0 0.46875 0.65078125 0.0453125 0.0453125
0 0.403125 0.71796875 0.0140625 0.015625
0 0.7078125 0.2015625 0.0515625 0.0515625
0 0.75625 0.1453125 0.015625 0.015625