0 0.2328125 0.02109375 0.0609375 0.0421875
0 0.7828125 0.5203125 0.01875 0.0171875
0 0.84453125 0.2640625 0.3109375 0.49375
0 0.61484375 0.2328125 0.025 0.025
0 0.45 0.3359375 0.015625 0.015625
0 0.4703125 0.4828125 0.159375 0.15625
0 0.084375 0.321875 0.16875 0.3296875
0 0.2359375 0.703125 0.471875 0.55625
0 0.3234375 0.4109375 0.26875 0.265625
0 0.15 0.96796875 0.059375 0.059375
0 0.35078125 0.94609375 0.0265625 0.025
0 0.41328125 0.934375 0.015625 0.015625
0 0.84296875 0.784375 0.015625 0.015625
0 0.43515625 0.93984375 0.084375 0.0828125
0 0.0875 0.946875 0.015625 0.015625
0 0.40625 0.98515625 0.015625 0.0140625
0 0.75859375 0.97578125 0.0125 0.0125
0 0.7984375 0.88828125 0.0234375 0.0234375
0 0.5984375 0.8828125 0.0109375 0.0109375
0 0.8046875 0.60234375 0.0125 0.0125
0 0.9015625 0.66875 0.0125 0.0125
0 0.978125 0.8265625 0.0125 0.0125
0 0.0421875 0.54140625 0.0109375 0.0109375
0 0.58984375 0.31875 0.0140625 0.0140625
0 0.88828125 0.37890625 0.009375 0.009375
0 0.459375 0.10859375 0.015625 0.015625
0 0.490625 0.15859375 0.0140625 0.0140625
0 0.51171875 0.1421875 0.0125 0.0125
0 0.03828125 0.3015625 0.0109375 0.0109375
0 0.128125 0.29453125 0.0109375 0.0109375
0 0.009375 0.2703125 0.0109375 0.0109375
0 0.83671875 0.2078125 0.0125 0.0125
0 0.72578125 0.553125 0.0125 0.0109375
0 0.7921875 0.871875 0.0203125 0.0203125
0 0.37421875 0.13984375 0.0109375 0.0109375
0 0.4421875 0.09453125 0.0453125 0.04375
0 0.17421875 0.0296875 0.0125 0.0109375