0 0.1421875 0.525 0.0234375 0.0234375
0 0.36484375 0.09765625 0.159375 0.159375
0 0.50078125 0.66328125 0.01875 0.01875
0 0.8859375 0.7484375 0.05625 0.05625
0 0.8859375 0.53046875 0.0984375 0.0984375
0 0.875 0.4203125 0.0234375 0.0234375
0 0.6515625 0.39375 0.03125 0.03125
0 0.4109375 0.58125 0.053125 0.053125
0 0.44296875 0.3421875 0.15 0.15
0 0.8609375 0.2078125 0.0203125 0.0203125
0 0.74296875 0.8203125 0.0171875 0.0171875
0 0.44296875 0.8265625 0.015625 0.015625
0 0.496875 0.8796875 0.0140625 0.0140625
0 0.403125 0.96171875 0.0140625 0.0140625
0 0.6734375 0.5265625 0.0125 0.0125
0 0.4625 0.21328125 0.0140625 0.0140625
0 0.21953125 0.175 0.0125 0.0125
0 0.0265625 0.26875 0.0125 0.0125
0 0.04609375 0.5875 0.0125 0.0125
0 0.071875 0.95234375 0.03125 0.03125
0 0.2171875 0.9515625 0.0109375 0.0109375
0 0.15546875 0.29765625 0.0125 0.0125
0 0.0984375 0.42890625 0.0109375 0.0109375
0 0.390625 0.8453125 0.0125 0.0125
0 0.565625 0.6703125 0.0109375 0.0109375
0 0.5796875 0.58125 0.0109375 0.0109375
0 0.75078125 0.04609375 0.0125 0.0125
0 0.78203125 0.88359375 0.0125 0.0125
0 0.68046875 0.89140625 0.0109375 0.0109375
0 0.53046875 0.6390625 0.009375 0.009375
0 0.54609375 0.30625 0.090625 0.090625