0 0.475 0.8578125 0.0234375 0.0234375
0 0.90234375 0.63515625 0.16015625 0.159375
0 0.33671875 0.49921875 0.01953125 0.01953125
0 0.2515625 0.1140625 0.05625 0.05625
0 0.46953125 0.1140625 0.0984375 0.0984375
0 0.5796875 0.125 0.0234375 0.0234375
0 0.60625 0.3484375 0.03203125 0.03203125
0 0.41875 0.5890625 0.05390625 0.05390625
0 0.6578125 0.55703125 0.15 0.14921875
0 0.7921875 0.1390625 0.0203125 0.0203125
0 0.1796875 0.25703125 0.0171875 0.0171875
0 0.1734375 0.55703125 0.01484375 0.01484375
0 0.1203125 0.503125 0.0140625 0.0140625
0 0.03828125 0.596875 0.0140625 0.0140625
0 0.4734375 0.3265625 0.01171875 0.01171875
0 0.78671875 0.5375 0.0140625 0.0140625
0 0.825 0.78046875 0.0125 0.0125
0 0.73125 0.9734375 0.0125 0.0125
0 0.4125 0.95390625 0.0125 0.0125
0 0.04765625 0.928125 0.03203125 0.03203125
0 0.0484375 0.7828125 0.0109375 0.0109375
0 0.70234375 0.84453125 0.01171875 0.01171875
0 0.57109375 0.9015625 0.0109375 0.0109375
0 0.1546875 0.609375 0.0125 0.0125
0 0.3296875 0.434375 0.0109375 0.0109375
0 0.41875 0.4203125 0.0109375 0.0109375
0 0.95390625 0.24921875 0.01171875 0.01171875
0 0.11640625 0.21796875 0.01171875 0.01171875
0 0.10859375 0.31953125 0.0109375 0.0109375
0 0.3609375 0.46953125 0.009375 0.009375
0 0.69375 0.45390625 0.090625 0.090625