0 0.32734375 0.42109375 0.140625 0.1375
0 0.41484375 0.1 0.0296875 0.0296875
0 0.77109375 0.24296875 0.0265625 0.025
0 0.70390625 0.96171875 0.0375 0.0359375
0 0.5609375 0.8859375 0.15 0.146875
0 0.3265625 0.85625 0.0734375 0.071875
0 0.03046875 0.9859375 0.0265625 0.0265625
0 0.159375 0.82890625 0.04375 0.04375
0 0.275 0.74609375 0.1390625 0.1359375
0 0.3609375 0.74296875 0.1234375 0.121875
0 0.46328125 0.96328125 0.0765625 0.0734375
0 0.2984375 0.5109375 0.015625 0.015625
0 0.68125 0.44453125 0.015625 0.015625
0 0.4125 0.03125 0.021875 0.0203125
0 0.1703125 0.1234375 0.028125 0.028125
0 0.178125 0.09765625 0.0265625 0.0265625
0 0.25 0.821875 0.01875 0.01875
0 0.42265625 0.79296875 0.0109375 0.009375
0 0.45703125 0.7546875 0.0109375 0.0109375
0 0.61875 0.971875 0.0109375 0.0109375
0 0.703125 0.8390625 0.009375 0.009375
0 0.9359375 0.75703125 0.015625 0.015625
0 0.99140625 0.6078125 0.009375 0.0125
0 0.95625 0.590625 0.0203125 0.0203125
0 0.8703125 0.665625 0.0109375 0.009375
0 0.8828125 0.5125 0.0109375 0.009375
0 0.59765625 0.4265625 0.0125 0.0125
0 0.55703125 0.57890625 0.0125 0.0125
0 0.4671875 0.54765625 0.015625 0.015625
0 0.45390625 0.52421875 0.0140625 0.0140625
0 0.4625 0.6578125 0.0171875 0.0171875
0 0.4359375 0.6359375 0.0171875 0.0171875
0 0.196875 0.559375 0.0234375 0.021875
0 0.1578125 0.55546875 0.0203125 0.01875
0 0.23515625 0.565625 0.03125 0.03125
0 0.2203125 0.090625 0.040625 0.0390625
0 0.2921875 0.0859375 0.046875 0.046875
0 0.39609375 0.1359375 0.0109375 0.0109375
0 0.61875 0.1953125 0.021875 0.021875
0 0.59921875 0.15 0.0109375 0.009375
0 0.790625 0.2328125 0.0109375 0.009375
0 0.32890625 0.0796875 0.0171875 0.0171875
0 0.7453125 0.3265625 0.01875 0.01875
0 0.95234375 0.453125 0.0140625 0.0140625
0 0.04453125 0.32578125 0.0890625 0.3046875