0 0.44453125 0.9265625 0.26875 0.146875
0 0.1859375 0.7 0.028125 0.028125
0 0.3640625 0.65234375 0.0234375 0.021875
0 0.6234375 0.696875 0.0203125 0.0203125
0 0.53671875 0.5140625 0.2875 0.28125
0 0.3578125 0.45625 0.2015625 0.1953125
0 0.05625 0.66640625 0.0265625 0.0265625
0 0.490625 0.240625 0.39375 0.3828125
0 0.2796875 0.19609375 0.015625 0.015625
0 0.2359375 0.128125 0.01875 0.01875
0 0.01640625 0.1421875 0.028125 0.028125
0 0.06796875 0.028125 0.090625 0.05625
0 0.1515625 0.1015625 0.1125 0.109375
0 0.671875 0.93046875 0.0390625 0.0375
0 0.65546875 0.89765625 0.0375 0.0359375
0 0.6734375 0.8171875 0.03125 0.03125
0 0.821875 0.78203125 0.153125 0.1484375
0 0.7328125 0.175 0.0625 0.0625
0 0.10625 0.578125 0.0171875 0.015625
0 0.034375 0.7875 0.01875 0.0171875
0 0.6734375 0.97265625 0.03125 0.0296875
0 0.5890625 0.9703125 0.028125 0.028125
0 0.60859375 0.953125 0.0328125 0.03125
0 0.946875 0.11484375 0.015625 0.015625
0 0.378125 0.1265625 0.03125 0.03125
0 0.215625 0.0625 0.0125 0.0125
0 0.0328125 0.471875 0.0125 0.0125
0 0.5015625 0.475 0.0109375 0.0109375
0 0.128125 0.36640625 0.028125 0.028125
0 0.11796875 0.38125 0.021875 0.021875
0 0.66640625 0.2046875 0.021875 0.0203125
0 0.80234375 0.371875 0.0140625 0.0125
0 0.9328125 0.43828125 0.0125 0.0125
0 0.88984375 0.47734375 0.0109375 0.0109375
0 0.9875 0.31015625 0.009375 0.0125
0 0.8796875 0.18046875 0.0125 0.0125
0 0.828125 0.85625 0.0109375 0.009375
0 0.9359375 0.675 0.015625 0.015625
0 0.9234375 0.6515625 0.0109375 0.0109375
0 0.97578125 0.59375 0.0140625 0.0125
0 0.990625 0.59609375 0.01875 0.01875
0 0.690625 0.79765625 0.021875 0.021875
0 0.665625 0.85 0.01875 0.01875
0 0.64375 0.8015625 0.0140625 0.0140625
0 0.6125 0.578125 0.0203125 0.0203125
0 0.6515625 0.71015625 0.0109375 0.0109375
0 0.4109375 0.60625 0.015625 0.015625
0 0.39765625 0.621875 0.015625 0.015625
0 0.353125 0.80625 0.0375 0.0359375
0 0.31953125 0.83828125 0.0296875 0.0296875
0 0.153125 0.83671875 0.034375 0.034375
0 0.09609375 0.6375 0.015625 0.015625
0 0.08125 0.60390625 0.015625 0.0140625
0 0.09453125 0.55625 0.0109375 0.009375
0 0.1765625 0.978125 0.0109375 0.0109375
0 0.8609375 0.990625 0.021875 0.01875
0 0.753125 0.94375 0.015625 0.015625
0 0.8 0.98515625 0.021875 0.021875
0 0.78671875 0.98125 0.0125 0.0125
0 0.82109375 0.98515625 0.015625 0.0140625
0 0.87734375 0.965625 0.0296875 0.028125
0 0.63125 0.87890625 0.0171875 0.015625
0 0.5578125 0.8171875 0.0125 0.0125
0 0.5578125 0.78125 0.0125 0.0125
0 0.734375 0.96953125 0.0125 0.0125
0 0.84296875 0.76328125 0.01875 0.01875
0 0.2828125 0.94375 0.021875 0.021875
0 0.7 0.35859375 0.0265625 0.025
0 0.87734375 0.14375 0.01875 0.01875
0 0.76875 0.075 0.0140625 0.0140625