0 0.16328125 0.278125 0.015625 0.015625
0 0.33359375 0.528125 0.028125 0.028125
0 0.3609375 0.75703125 0.046875 0.046875
0 0.23203125 0.734375 0.021875 0.0234375
0 0.08984375 0.8125 0.1796875 0.2921875
0 0.17734375 0.83203125 0.209375 0.2203125
0 0.775 0.95625 0.03125 0.03125
0 0.81953125 0.571875 0.11875 0.125
0 0.6171875 0.71796875 0.453125 0.475
0 0.521875 0.63828125 0.0203125 0.021875
0 0.696875 0.146875 0.034375 0.0359375
0 0.7109375 0.1 0.01875 0.01875
0 0.95546875 0.08671875 0.0890625 0.171875
0 0.92421875 0.73046875 0.0125 0.0125
0 0.96171875 0.51171875 0.0125 0.0125
0 0.64765625 0.2546875 0.0125 0.0125
0 0.49609375 0.20234375 0.053125 0.05625
0 0.50625 0.3546875 0.0515625 0.0546875
0 0.5859375 0.5890625 0.0109375 0.0125
0 0.2609375 0.21328125 0.0125 0.0125
0 0.05859375 0.93359375 0.0140625 0.015625
0 0.096875 0.709375 0.0171875 0.0171875
0 0.0828125 0.11796875 0.05 0.053125
0 0.903125 0.9671875 0.0453125 0.046875
0 0.92265625 0.66796875 0.0125 0.0125
0 0.9046875 0.38515625 0.0125 0.0125
0 0.834375 0.29296875 0.0125 0.0140625
0 0.84453125 0.2921875 0.009375 0.0109375
0 0.5546875 0.309375 0.0125 0.0125
0 0.55625 0.353125 0.0109375 0.0109375
0 0.45 0.18046875 0.0375 0.040625
0 0.496875 0.5359375 0.015625 0.0171875
0 0.50234375 0.96484375 0.0125 0.0125
0 0.33359375 0.8640625 0.0109375 0.0125
0 0.14609375 0.88359375 0.0125 0.0125
0 0.20859375 0.62421875 0.0140625 0.015625
0 0.2703125 0.559375 0.009375 0.009375
0 0.178125 0.5421875 0.0140625 0.0140625
0 0.071875 0.584375 0.0109375 0.0109375
0 0.16953125 0.36796875 0.0140625 0.015625
0 0.034375 0.8828125 0.0140625 0.015625
0 0.02734375 0.86796875 0.021875 0.021875
0 0.32109375 0.78203125 0.025 0.0265625
0 0.58671875 0.44765625 0.0125 0.0125