0 0.58515625 0.88203125 0.0234375 0.0203125
0 0.8921875 0.7015625 0.0421875 0.0375
0 0.10703125 0.8109375 0.053125 0.046875
0 0.6203125 0.66015625 0.0703125 0.06171875
0 0.065625 0.06171875 0.13125 0.1234375
0 0.496875 0.32734375 0.140625 0.12421875
0 0.5 0.40234375 0.021875 0.01875
0 0.10859375 0.271875 0.2171875 0.2171875
0 0.584375 0.00703125 0.0125 0.01171875
0 0.05 0.396875 0.01484375 0.0125
0 0.246875 0.3375 0.01640625 0.01484375
0 0.35234375 0.19375 0.0203125 0.0171875
0 0.49921875 0.16796875 0.01484375 0.0125
0 0.47734375 0.35703125 0.0125 0.0109375
0 0.7 0.2125 0.0125 0.01171875
0 0.5375 0.190625 0.01171875 0.0109375
0 0.5171875 0.35078125 0.0125 0.0109375
0 0.53046875 0.34296875 0.01171875 0.0109375
0 0.65859375 0.64375 0.015625 0.0140625
0 0.68671875 0.50703125 0.0125 0.0109375
0 0.865625 0.52578125 0.015625 0.0140625
0 0.8390625 0.6015625 0.01484375 0.0125
0 0.89140625 0.6671875 0.0203125 0.0171875
0 0.9734375 0.2828125 0.01640625 0.01484375
0 0.8765625 0.21015625 0.0140625 0.01171875
0 0.446875 0.653125 0.0203125 0.0171875
0 0.7921875 0.96171875 0.0140625 0.01171875
0 0.70625 0.81015625 0.01484375 0.0125
0 0.41484375 0.9515625 0.0125 0.0109375
0 0.00859375 0.88984375 0.01640625 0.0140625
0 0.7921875 0.246875 0.0140625 0.01171875
0 0.66171875 0.33359375 0.01171875 0.009375
0 0.39765625 0.7921875 0.01484375 0.0125
0 0.48515625 0.834375 0.01171875 0.009375
0 0.5828125 0.825 0.0125 0.01171875
0 0.09921875 0.7375 0.01171875 0.0109375
0 0.39375 0.0453125 0.01171875 0.009375
0 0.721875 0.32890625 0.028125 0.025
0 0.3390625 0.4 0.01171875 0.0109375
0 0.0765625 0.2 0.01171875 0.0109375
0 0.0953125 0.534375 0.01171875 0.0109375
0 0.2421875 0.6046875 0.0125 0.0109375
0 0.78046875 0.93046875 0.0140625 0.01171875
0 0.69609375 0.81484375 0.0125 0.0109375
0 0.44765625 0.90546875 0.0125 0.0109375
0 0.52265625 0.93671875 0.0140625 0.01171875
0 0.53828125 0.771875 0.0125 0.0109375
0 0.3265625 0.9109375 0.01171875 0.009375