0 0.58046875 0.93671875 0.0171875 0.0171875
0 0.4734375 0.86640625 0.03046875 0.03046875
0 0.4484375 0.7671875 0.01875 0.01875
0 0.3484375 0.81328125 0.17109375 0.17109375
0 0.63359375 0.5421875 0.03515625 0.03515625
0 0.61640625 0.3109375 0.0296875 0.0296875
0 0.62890625 0.1890625 0.0203125 0.0203125
0 0.5484375 0.1515625 0.02734375 0.02734375
0 0.48359375 0.1265625 0.0140625 0.0125
0 0.28828125 0.371875 0.021875 0.021875
0 0.3578125 0.546875 0.015625 0.015625
0 0.26015625 0.621875 0.0296875 0.0296875
0 0.10078125 0.2765625 0.01484375 0.01484375
0 0.11953125 0.30625 0.2390625 0.371875
0 0.3640625 0.396875 0.01484375 0.01484375
0 0.76796875 0.81015625 0.0203125 0.0203125
0 0.84453125 0.94765625 0.0203125 0.0203125
0 0.95078125 0.528125 0.07890625 0.07890625
0 0.759375 0.22734375 0.11640625 0.11640625
0 0.78203125 0.090625 0.01484375 0.01484375
0 0.67421875 0.8171875 0.0109375 0.0109375
0 0.41171875 0.2171875 0.015625 0.015625
0 0.3828125 0.4796875 0.4171875 0.4171875
0 0.80546875 0.009375 0.0125 0.0125
0 0.67109375 0.17421875 0.0125 0.0125
0 0.58125 0.15625 0.0109375 0.0109375
0 0.246875 0.121875 0.01171875 0.01171875
0 0.28515625 0.37578125 0.0109375 0.0109375
0 0.2828125 0.49609375 0.0125 0.0125
0 0.20546875 0.509375 0.01171875 0.01171875
0 0.3703125 0.21484375 0.01171875 0.01171875
0 0.57890625 0.24296875 0.01171875 0.01171875
0 0.940625 0.19375 0.01171875 0.01171875
0 0.96953125 0.25078125 0.01171875 0.01171875
0 0.790625 0.68046875 0.0109375 0.0109375
0 0.56015625 0.74375 0.0125 0.0125
0 0.034375 0.97109375 0.0140625 0.0140625
0 0.184375 0.92421875 0.0109375 0.0109375