0 0.98828125 0.24453125 0.0234375 0.0421875
0 0.2203125 0.1625 0.025 0.0265625
0 0.1828125 0.20078125 0.025 0.028125
0 0.2609375 0.11875 0.03125 0.034375
0 0.3890625 0.21015625 0.040625 0.0453125
0 0.4234375 0.25234375 0.05 0.05625
0 0.3390625 0.69453125 0.025 0.0265625
0 0.4640625 0.61328125 0.034375 0.0359375
0 0.5171875 0.63828125 0.0484375 0.053125
0 0.39921875 0.55625 0.0453125 0.05
0 0.7953125 0.1578125 0.0375 0.04375
0 0.828125 0.7328125 0.0453125 0.053125
0 0.7609375 0.69609375 0.040625 0.0453125
0 0.9109375 0.89453125 0.0484375 0.05625