0 0.6390625 0.9703125 0.0578125 0.05078125
0 0.0453125 0.74140625 0.04296875 0.03828125
0 0.8515625 0.83359375 0.296875 0.28046875
0 0.340625 0.23984375 0.06328125 0.05625
0 0.24140625 0.334375 0.0328125 0.0296875
0 0.025 0.0296875 0.0171875 0.01640625
0 0.175 0.19609375 0.01484375 0.0140625
0 0.1921875 0.1109375 0.0171875 0.015625
0 0.18671875 0.07578125 0.015625 0.0140625
0 0.50859375 0.15 0.0140625 0.0125
0 0.5921875 0.17265625 0.0140625 0.01171875
0 0.22890625 0.06796875 0.16015625 0.1359375
0 0.29765625 0.30546875 0.0421875 0.03828125
0 0.3890625 0.040625 0.0453125 0.03984375
0 0.6546875 0.38984375 0.0125 0.01171875
0 0.67265625 0.028125 0.0125 0.0109375
0 0.8109375 0.65546875 0.01484375 0.0140625
0 0.7578125 0.58828125 0.0203125 0.01875
0 0.70703125 0.7125 0.0125 0.0109375
0 0.73515625 0.61484375 0.02265625 0.01953125
0 0.7453125 0.646875 0.040625 0.0375
0 0.8234375 0.59453125 0.0484375 0.04375
0 0.86640625 0.65703125 0.059375 0.05390625
0 0.62578125 0.53984375 0.02421875 0.021875
0 0.61171875 0.6203125 0.0125 0.0109375
0 0.60078125 0.846875 0.0125 0.0109375
0 0.59296875 0.87421875 0.0171875 0.015625
0 0.52265625 0.89453125 0.01171875 0.0109375
0 0.90859375 0.76640625 0.065625 0.0578125
0 0.40703125 0.73515625 0.0140625 0.01171875
0 0.3296875 0.7984375 0.01484375 0.0125
0 0.04609375 0.9390625 0.01875 0.015625
0 0.1625 0.69375 0.0125 0.01171875
0 0.640625 0.671875 0.0171875 0.015625
0 0.4359375 0.59296875 0.01484375 0.0125
0 0.6171875 0.7375 0.0234375 0.0203125
0 0.553125 0.53203125 0.01484375 0.0125
0 0.71875 0.68515625 0.01953125 0.0171875
0 0.959375 0.98515625 0.01171875 0.0078125
0 0.1984375 0.23515625 0.0140625 0.01171875
0 0.465625 0.3109375 0.0140625 0.01171875
0 0.45703125 0.24609375 0.01171875 0.0109375
0 0.47421875 0.2828125 0.01171875 0.009375
0 0.575 0.13046875 0.01171875 0.009375
0 0.44609375 0.03515625 0.01171875 0.0109375
0 0.3375 0.134375 0.03046875 0.02734375
0 0.7671875 0.25390625 0.02421875 0.021875
0 0.66875 0.365625 0.0140625 0.01171875
0 0.5671875 0.35078125 0.01171875 0.0109375
0 0.82578125 0.10703125 0.0109375 0.009375
0 0.8875 0.2140625 0.0234375 0.0203125
0 0.903125 0.2390625 0.01875 0.01640625
0 0.86953125 0.2578125 0.0109375 0.009375
0 0.95703125 0.44765625 0.01484375 0.0125
0 0.903125 0.6046875 0.01875 0.01640625
0 0.896875 0.6203125 0.0171875 0.015625
0 0.6578125 0.66875 0.01171875 0.0109375
0 0.9625 0.41328125 0.0125 0.0109375
0 0.9625 0.42421875 0.01640625 0.01484375
0 0.99375 0.5640625 0.0125 0.0140625
0 0.8234375 0.69375 0.02734375 0.02421875
0 0.8078125 0.3484375 0.01171875 0.0109375
0 0.6625 0.684375 0.01484375 0.0140625
0 0.64140625 0.684375 0.0171875 0.015625
0 0.4875 0.6625 0.01875 0.01640625
0 0.534375 0.58671875 0.015625 0.0140625
0 0.5671875 0.55 0.01953125 0.01640625
0 0.4671875 0.45546875 0.01875 0.01640625
0 0.38671875 0.4234375 0.0125 0.0109375
0 0.56875 0.52421875 0.015625 0.01484375
0 0.2625 0.63125 0.01171875 0.009375
0 0.684375 0.9328125 0.01484375 0.0125
0 0.67890625 0.97265625 0.0125 0.0109375
0 0.94296875 0.57421875 0.0140625 0.0125
0 0.9453125 0.565625 0.0109375 0.009375
0 0.7765625 0.63125 0.0203125 0.01875
0 0.746875 0.6078125 0.0234375 0.021875
0 0.775 0.54453125 0.0171875 0.01640625
0 0.946875 0.41015625 0.02421875 0.021875
0 0.78828125 0.3890625 0.01953125 0.0171875
0 0.784375 0.4015625 0.01875 0.01640625
0 0.43203125 0.4203125 0.01953125 0.0171875
0 0.1890625 0.4546875 0.028125 0.025
0 0.1234375 0.45390625 0.246875 0.678125