0 0.41953125 0.93671875 0.0171875 0.0171875
0 0.5265625 0.86640625 0.03125 0.03125
0 0.5515625 0.7671875 0.01875 0.01875
0 0.6515625 0.81328125 0.171875 0.171875
0 0.36640625 0.5421875 0.034375 0.034375
0 0.38359375 0.3109375 0.0296875 0.0296875
0 0.37109375 0.1890625 0.0203125 0.0203125
0 0.4515625 0.1515625 0.028125 0.028125
0 0.51640625 0.1265625 0.0140625 0.0125
0 0.71171875 0.371875 0.021875 0.021875
0 0.6421875 0.546875 0.015625 0.015625
0 0.73984375 0.621875 0.0296875 0.0296875
0 0.89921875 0.2765625 0.015625 0.015625
0 0.88046875 0.30625 0.2390625 0.371875
0 0.6359375 0.396875 0.015625 0.015625
0 0.23203125 0.81015625 0.0203125 0.0203125
0 0.15546875 0.94765625 0.0203125 0.0203125
0 0.04921875 0.528125 0.078125 0.078125
0 0.240625 0.22734375 0.115625 0.115625
0 0.21796875 0.090625 0.015625 0.015625
0 0.32578125 0.8171875 0.0109375 0.0109375
0 0.58828125 0.2171875 0.015625 0.015625
0 0.6171875 0.4796875 0.4171875 0.4171875
0 0.19453125 0.009375 0.0125 0.0125
0 0.32890625 0.17421875 0.0125 0.0125
0 0.41875 0.15625 0.0109375 0.0109375
0 0.753125 0.121875 0.0125 0.0125
0 0.71484375 0.37578125 0.0109375 0.0109375
0 0.7171875 0.49609375 0.0125 0.0125
0 0.79453125 0.509375 0.0125 0.0125
0 0.6296875 0.21484375 0.0125 0.0125
0 0.42109375 0.24296875 0.0125 0.0125
0 0.059375 0.19375 0.0125 0.0125
0 0.03046875 0.25078125 0.0125 0.0125
0 0.209375 0.68046875 0.0109375 0.0109375
0 0.43984375 0.74375 0.0125 0.0125
0 0.965625 0.97109375 0.0140625 0.0140625
0 0.815625 0.92421875 0.0109375 0.0109375