0 0.934375 0.4953125 0.075 0.08125
0 0.978125 0.04375 0.04375 0.059375
0 0.32890625 0.0359375 0.021875 0.025
0 0.47734375 0.75625 0.090625 0.0984375
0 0.61875 0.8546875 0.021875 0.0234375
0 0.309375 0.75703125 0.0203125 0.0234375
0 0.19765625 0.6578125 0.0203125 0.021875
0 0.9515625 0.43515625 0.09375 0.1046875
0 0.6859375 0.46875 0.01875 0.0203125
0 0.16484375 0.275 0.0109375 0.0125
0 0.08515625 0.3609375 0.0125 0.0125
0 0.1296875 0.540625 0.009375 0.0109375
0 0.14765625 0.12265625 0.015625 0.015625
0 0.3640625 0.21953125 0.0125 0.0125
0 0.46875 0.18125 0.0125 0.0140625
0 0.496875 0.628125 0.0125 0.0140625
0 0.775 0.65 0.0125 0.0125
0 0.396875 0.7984375 0.0125 0.0140625
0 0.4890625 0.95546875 0.0125 0.0125
0 0.5890625 0.978125 0.0125 0.0140625
0 0.54140625 0.946875 0.009375 0.0109375
0 0.2875 0.9609375 0.0203125 0.0234375
0 0.3984375 0.475 0.009375 0.0109375
0 0.4234375 0.52109375 0.0109375 0.0125
0 0.23125 0.075 0.0125 0.0125
0 0.91015625 0.26640625 0.009375 0.0109375
0 0.86015625 0.80234375 0.009375 0.0109375
0 0.7078125 0.946875 0.009375 0.0109375
0 0.690625 0.965625 0.009375 0.0125
0 0.59609375 0.82109375 0.009375 0.0109375
0 0.73125 0.9234375 0.0125 0.0140625
0 0.7828125 0.96015625 0.015625 0.01875
0 0.796875 0.97734375 0.0203125 0.0234375
0 0.69375 0.8296875 0.025 0.0265625
0 0.7640625 0.7859375 0.01875 0.0203125
0 0.9484375 0.9390625 0.015625 0.0171875
0 0.93828125 0.63515625 0.009375 0.0109375
0 0.7390625 0.81328125 0.021875 0.025