0 0.24453125 0.01171875 0.0421875 0.0234375
0 0.1625 0.7796875 0.0265625 0.02421875
0 0.20078125 0.8171875 0.02890625 0.02421875
0 0.11875 0.7390625 0.03359375 0.03125
0 0.21015625 0.6109375 0.0453125 0.040625
0 0.25234375 0.5765625 0.05546875 0.05078125
0 0.69453125 0.6609375 0.0265625 0.02421875
0 0.61328125 0.5359375 0.0359375 0.03359375
0 0.63828125 0.4828125 0.053125 0.0484375
0 0.55625 0.60078125 0.05078125 0.0453125
0 0.1578125 0.2046875 0.04296875 0.03828125
0 0.7328125 0.171875 0.053125 0.0453125
0 0.69609375 0.2390625 0.0453125 0.040625
0 0.89453125 0.0890625 0.05546875 0.0484375