0 0.2546875 0.2484375 0.1296875 0.1234375
0 0.4875 0.371875 0.0265625 0.025
0 0.5765625 0.175 0.1015625 0.096875
0 0.93046875 0.24765625 0.021875 0.0203125
0 0.9859375 0.3296875 0.028125 0.0375
0 0.94375 0.453125 0.0265625 0.025
0 0.9359375 0.5359375 0.0203125 0.01875
0 0.50625 0.36796875 0.2453125 0.2328125
0 0.70625 0.84453125 0.0609375 0.0578125
0 0.41640625 0.86640625 0.0203125 0.01875
0 0.39296875 0.74765625 0.0375 0.034375
0 0.07578125 0.93828125 0.046875 0.04375
0 0.05390625 0.62421875 0.1078125 0.1046875
0 0.2609375 0.7 0.396875 0.378125
0 0.03671875 0.74921875 0.01875 0.0171875
0 0.2234375 0.91953125 0.0125 0.0125
0 0.18828125 0.88046875 0.0125 0.0125
0 0.0609375 0.9 0.0109375 0.009375
0 0.33515625 0.86640625 0.015625 0.015625
0 0.61796875 0.971875 0.021875 0.0203125
0 0.5796875 0.684375 0.01875 0.0171875
0 0.65703125 0.73125 0.01875 0.01875
0 0.9 0.10859375 0.0125 0.0125
0 0.815625 0.1859375 0.01875 0.0171875
0 0.8328125 0.2390625 0.0125 0.0125
0 0.96015625 0.43125 0.0125 0.0109375
0 0.8640625 0.56328125 0.0109375 0.009375
0 0.27578125 0.49765625 0.01875 0.0171875
0 0.1296875 0.1234375 0.0109375 0.0109375
0 0.10390625 0.08515625 0.0125 0.0125
0 0.96796875 0.05546875 0.0125 0.0125
0 0.67890625 0.1109375 0.015625 0.0140625
0 0.621875 0.196875 0.01875 0.01875
0 0.234375 0.375 0.0125 0.0109375
0 0.56328125 0.484375 0.021875 0.021875
0 0.66015625 0.40859375 0.0109375 0.0109375
0 0.4859375 0.7140625 0.0140625 0.0125
0 0.55390625 0.68046875 0.0125 0.0125
0 0.265625 0.46015625 0.015625 0.0140625
0 0.2609375 0.44375 0.021875 0.021875
0 0.521875 0.11796875 0.0109375 0.009375
0 0.80390625 0.22734375 0.015625 0.015625
0 0.784375 0.1515625 0.0125 0.0125
0 0.97890625 0.1234375 0.0109375 0.0109375
0 0.90703125 0.46640625 0.0390625 0.0375
0 0.98359375 0.5171875 0.015625 0.015625
0 0.93515625 0.4125 0.021875 0.021875
0 0.35234375 0.06875 0.0625 0.0609375