0 0.0296875 0.6390625 0.05 0.0578125
0 0.25859375 0.0453125 0.0375 0.04375
0 0.16640625 0.8515625 0.28125 0.296875
0 0.76015625 0.340625 0.05625 0.0625
0 0.665625 0.24140625 0.0296875 0.0328125
0 0.9703125 0.025 0.015625 0.0171875
0 0.80390625 0.175 0.0140625 0.015625
0 0.8890625 0.1921875 0.015625 0.0171875
0 0.92421875 0.18671875 0.0140625 0.015625
0 0.85 0.50859375 0.0125 0.0140625
0 0.82734375 0.5921875 0.0125 0.0140625
0 0.93203125 0.22890625 0.1359375 0.159375
0 0.69453125 0.29765625 0.0375 0.0421875
0 0.959375 0.3890625 0.040625 0.0453125
0 0.61015625 0.6546875 0.0125 0.0125
0 0.971875 0.67265625 0.0109375 0.0125
0 0.34453125 0.8109375 0.0140625 0.015625
0 0.41171875 0.7578125 0.01875 0.0203125
0 0.2875 0.70703125 0.0109375 0.0125
0 0.38515625 0.73515625 0.01875 0.021875
0 0.353125 0.7453125 0.0375 0.040625
0 0.40546875 0.8234375 0.04375 0.0484375
0 0.34296875 0.86640625 0.053125 0.059375
0 0.46015625 0.62578125 0.021875 0.025
0 0.3796875 0.61171875 0.0109375 0.0125
0 0.153125 0.60078125 0.0109375 0.0125
0 0.12578125 0.59296875 0.015625 0.0171875
0 0.10546875 0.52265625 0.0109375 0.0125
0 0.23359375 0.90859375 0.0578125 0.065625
0 0.26484375 0.40703125 0.0125 0.0140625
0 0.2015625 0.3296875 0.0125 0.015625
0 0.0609375 0.04609375 0.015625 0.01875
0 0.30625 0.1625 0.0125 0.0125
0 0.328125 0.640625 0.015625 0.0171875
0 0.40703125 0.4359375 0.0125 0.015625
0 0.2625 0.6171875 0.0203125 0.0234375
0 0.46796875 0.553125 0.0125 0.015625
0 0.31484375 0.71875 0.0171875 0.01875
0 0.01484375 0.959375 0.0078125 0.0125
0 0.76484375 0.1984375 0.0125 0.0140625
0 0.6890625 0.465625 0.0125 0.0140625
0 0.75390625 0.45703125 0.0109375 0.0125
0 0.7171875 0.47421875 0.009375 0.0125
0 0.86953125 0.575 0.009375 0.0125
0 0.96484375 0.44609375 0.0109375 0.0125
0 0.865625 0.3375 0.028125 0.03125
0 0.74609375 0.7671875 0.021875 0.025
0 0.634375 0.66875 0.0125 0.0140625
0 0.64921875 0.5671875 0.0109375 0.0125
0 0.89296875 0.82578125 0.009375 0.0109375
0 0.7859375 0.8875 0.0203125 0.0234375
0 0.7609375 0.903125 0.015625 0.01875
0 0.7421875 0.86953125 0.009375 0.0109375
0 0.55234375 0.95703125 0.0125 0.015625
0 0.3953125 0.903125 0.015625 0.01875
0 0.3796875 0.896875 0.015625 0.0171875
0 0.33125 0.6578125 0.0109375 0.0125
0 0.58671875 0.9625 0.0109375 0.0125
0 0.57578125 0.9625 0.015625 0.015625
0 0.4359375 0.99375 0.0140625 0.0125
0 0.30625 0.8234375 0.025 0.028125
0 0.6515625 0.8078125 0.0109375 0.0125
0 0.315625 0.6625 0.0140625 0.015625
0 0.315625 0.64140625 0.015625 0.0171875
0 0.3375 0.4875 0.015625 0.01875
0 0.41328125 0.534375 0.0140625 0.015625
0 0.45 0.5671875 0.015625 0.01875
0 0.54453125 0.4671875 0.015625 0.01875
0 0.5765625 0.38671875 0.0109375 0.0125
0 0.47578125 0.56875 0.015625 0.015625
0 0.36875 0.2625 0.009375 0.0125
0 0.0671875 0.684375 0.0125 0.015625
0 0.02734375 0.67890625 0.0109375 0.0125
0 0.42578125 0.94296875 0.0125 0.0140625
0 0.434375 0.9453125 0.009375 0.0109375
0 0.36875 0.7765625 0.01875 0.0203125
0 0.3921875 0.746875 0.021875 0.0234375
0 0.45546875 0.775 0.015625 0.0171875
0 0.58984375 0.946875 0.021875 0.025
0 0.6109375 0.78828125 0.0171875 0.01875
0 0.5984375 0.784375 0.015625 0.01875
0 0.5796875 0.43203125 0.0171875 0.01875
0 0.5453125 0.1890625 0.025 0.028125
0 0.54609375 0.1234375 0.678125 0.246875