0 0.41953125 0.06328125 0.0171875 0.0171875
0 0.5265625 0.13359375 0.03125 0.03125
0 0.5515625 0.2328125 0.01875 0.01875
0 0.6515625 0.18671875 0.171875 0.171875
0 0.36640625 0.4578125 0.034375 0.034375
0 0.38359375 0.6890625 0.0296875 0.0296875
0 0.37109375 0.8109375 0.0203125 0.0203125
0 0.4515625 0.8484375 0.028125 0.028125
0 0.51640625 0.8734375 0.0140625 0.0125
0 0.71171875 0.628125 0.021875 0.021875
0 0.6421875 0.453125 0.015625 0.015625
0 0.73984375 0.378125 0.0296875 0.0296875
0 0.89921875 0.7234375 0.015625 0.015625
0 0.88046875 0.69375 0.2390625 0.371875
0 0.6359375 0.603125 0.015625 0.015625
0 0.23203125 0.18984375 0.0203125 0.0203125
0 0.15546875 0.05234375 0.0203125 0.0203125
0 0.04921875 0.471875 0.0796875 0.078125
0 0.240625 0.77265625 0.1171875 0.115625
0 0.21796875 0.909375 0.015625 0.015625
0 0.32578125 0.1828125 0.0109375 0.0109375
0 0.58828125 0.7828125 0.015625 0.015625
0 0.6171875 0.5203125 0.4171875 0.4171875
0 0.19453125 0.990625 0.0125 0.0125
0 0.32890625 0.82578125 0.0125 0.0125
0 0.41875 0.84375 0.0109375 0.0109375
0 0.753125 0.878125 0.0125 0.0125
0 0.71484375 0.62421875 0.0109375 0.0109375
0 0.7171875 0.50390625 0.0125 0.0125
0 0.79453125 0.490625 0.0125 0.0125
0 0.6296875 0.78515625 0.0125 0.0125
0 0.42109375 0.75703125 0.0125 0.0125
0 0.059375 0.80625 0.0125 0.0125
0 0.03046875 0.74921875 0.0125 0.0125
0 0.209375 0.31953125 0.0109375 0.0109375
0 0.43984375 0.25625 0.0125 0.0125
0 0.965625 0.02890625 0.0140625 0.0140625
0 0.815625 0.07578125 0.0109375 0.0109375