0 0.95546875 0.9796875 0.0296875 0.0296875
0 0.1375 0.98046875 0.0328125 0.0328125
0 0.40625 0.95234375 0.084375 0.0828125
0 0.4203125 0.8703125 0.075 0.07421875
0 0.05234375 0.8234375 0.0234375 0.0234375
0 0.184375 0.74921875 0.02734375 0.02734375
0 0.134375 0.55390625 0.046875 0.046875
0 0.19453125 0.31875 0.05 0.0484375
0 0.40703125 0.81953125 0.02265625 0.021875
0 0.43359375 0.73828125 0.0375 0.0375
0 0.4296875 0.7875 0.05625 0.05546875
0 0.490625 0.74921875 0.01953125 0.01953125
0 0.440625 0.6890625 0.02421875 0.02421875
0 0.42265625 0.64921875 0.021875 0.021875
0 0.28046875 0.690625 0.01640625 0.01640625
0 0.4125 0.6828125 0.01875 0.01875
0 0.78046875 0.65234375 0.0171875 0.0171875
0 0.68046875 0.3890625 0.0203125 0.0203125
0 0.896875 0.634375 0.05390625 0.05390625
0 0.934375 0.22734375 0.02265625 0.02265625
0 0.31015625 0.22265625 0.05625 0.05625
0 0.57578125 0.4046875 0.01171875 0.01171875
0 0.25703125 0.009375 0.0140625 0.0140625
0 0.23984375 0.9421875 0.0109375 0.0109375
0 0.55546875 0.6578125 0.0125 0.0125
0 0.54765625 0.659375 0.01640625 0.01640625
0 0.740625 0.49296875 0.01484375 0.01484375
0 0.78203125 0.7296875 0.0140625 0.0140625
0 0.7703125 0.7765625 0.0109375 0.009375
0 0.003125 0.68671875 0.00625 0.0109375
0 0.04765625 0.715625 0.0109375 0.0109375
0 0.15390625 0.71171875 0.015625 0.015625
0 0.84765625 0.425 0.0109375 0.0109375
0 0.53515625 0.9953125 0.0125 0.00859375
0 0.37578125 0.1828125 0.0109375 0.0109375
0 0.05390625 0.4046875 0.0125 0.0125
0 0.8796875 0.7359375 0.0109375 0.0109375
0 0.76953125 0.6265625 0.009375 0.009375
0 0.5625 0.6171875 0.0109375 0.0109375
0 0.4453125 0.56328125 0.0109375 0.0109375
0 0.39140625 0.7171875 0.0140625 0.0125
0 0.3953125 0.96171875 0.0140625 0.0140625
0 0.54921875 0.4828125 0.0390625 0.0390625
0 0.534375 0.3046875 0.03515625 0.03515625
0 0.86875 0.9484375 0.028125 0.02734375