0 0.5046875 0.934375 0.08125 0.075
0 0.95625 0.978125 0.059375 0.04375
0 0.9640625 0.32890625 0.025 0.021875
0 0.24375 0.47734375 0.0984375 0.090625
0 0.1453125 0.61875 0.0234375 0.021875
0 0.24296875 0.309375 0.0234375 0.0203125
0 0.3421875 0.19765625 0.021875 0.0203125
0 0.56484375 0.9515625 0.1046875 0.09375
0 0.53125 0.6859375 0.0203125 0.01875
0 0.725 0.16484375 0.0125 0.0109375
0 0.6390625 0.08515625 0.0125 0.0125
0 0.459375 0.1296875 0.0109375 0.009375
0 0.87734375 0.14765625 0.015625 0.015625
0 0.78046875 0.3640625 0.0125 0.0125
0 0.81875 0.46875 0.0140625 0.0125
0 0.371875 0.496875 0.0140625 0.0125
0 0.35 0.775 0.0125 0.0125
0 0.2015625 0.396875 0.0140625 0.0125
0 0.04453125 0.4890625 0.0125 0.0125
0 0.021875 0.5890625 0.0140625 0.0125
0 0.053125 0.54140625 0.0109375 0.009375
0 0.0390625 0.2875 0.0234375 0.0203125
0 0.525 0.3984375 0.0109375 0.009375
0 0.47890625 0.4234375 0.0125 0.0109375
0 0.925 0.23125 0.0125 0.0125
0 0.73359375 0.91015625 0.0109375 0.009375
0 0.19765625 0.86015625 0.0109375 0.009375
0 0.053125 0.7078125 0.0109375 0.009375
0 0.034375 0.690625 0.0125 0.009375
0 0.17890625 0.59609375 0.0109375 0.009375
0 0.0765625 0.73125 0.0140625 0.0125
0 0.03984375 0.7828125 0.01875 0.015625
0 0.02265625 0.796875 0.0234375 0.0203125
0 0.1703125 0.69375 0.0265625 0.025
0 0.2140625 0.7640625 0.0203125 0.01875
0 0.0609375 0.9484375 0.0171875 0.015625
0 0.36484375 0.93828125 0.0109375 0.009375
0 0.18671875 0.7390625 0.025 0.021875