0 0.7515625 0.7453125 0.1234375 0.1296875
0 0.628125 0.5125 0.025 0.0265625
0 0.825 0.4234375 0.096875 0.1015625
0 0.75234375 0.06953125 0.0203125 0.021875
0 0.6703125 0.0140625 0.0375 0.028125
0 0.546875 0.05625 0.025 0.0265625
0 0.4640625 0.0640625 0.01875 0.0203125
0 0.63203125 0.49375 0.2328125 0.2453125
0 0.15546875 0.29375 0.0578125 0.0609375
0 0.13359375 0.58359375 0.01875 0.0203125
0 0.25234375 0.60703125 0.034375 0.0375
0 0.06171875 0.92421875 0.04375 0.046875
0 0.37578125 0.94609375 0.1046875 0.1078125
0 0.3 0.7390625 0.378125 0.396875
0 0.25078125 0.96328125 0.0171875 0.01875
0 0.08046875 0.7765625 0.0125 0.0125
0 0.11953125 0.81171875 0.0125 0.0125
0 0.1 0.9390625 0.009375 0.0109375
0 0.13359375 0.66484375 0.015625 0.0171875
0 0.028125 0.38203125 0.0203125 0.021875
0 0.315625 0.4203125 0.0171875 0.01875
0 0.26875 0.34296875 0.01875 0.01875
0 0.89140625 0.1 0.0125 0.0125
0 0.8140625 0.184375 0.0171875 0.01875
0 0.7609375 0.1671875 0.0125 0.0125
0 0.56875 0.03984375 0.0109375 0.0125
0 0.43671875 0.1359375 0.009375 0.0109375
0 0.50234375 0.72421875 0.0171875 0.01875
0 0.8765625 0.8703125 0.0109375 0.0109375
0 0.91484375 0.89609375 0.0125 0.0125
0 0.94453125 0.03203125 0.0125 0.0125
0 0.8890625 0.32109375 0.0140625 0.015625
0 0.803125 0.378125 0.01875 0.01875
0 0.625 0.765625 0.0109375 0.0125
0 0.515625 0.43671875 0.021875 0.021875
0 0.59140625 0.33984375 0.0109375 0.0109375
0 0.2859375 0.5140625 0.0125 0.0140625
0 0.31953125 0.44609375 0.0125 0.0125
0 0.53984375 0.734375 0.0140625 0.015625
0 0.55625 0.7390625 0.021875 0.021875
0 0.88203125 0.478125 0.009375 0.0109375
0 0.77265625 0.19609375 0.015625 0.015625
0 0.8484375 0.215625 0.0125 0.0125
0 0.8765625 0.02109375 0.0109375 0.0109375
0 0.53359375 0.09296875 0.0375 0.0390625
0 0.4828125 0.01640625 0.015625 0.015625
0 0.5875 0.06484375 0.021875 0.021875
0 0.93125 0.64765625 0.0609375 0.0625