0 0.46953125 0.8421875 0.0203125 0.01875
0 0.60703125 0.76484375 0.0421875 0.040625
0 0.81171875 0.959375 0.0765625 0.075
0 0.9515625 0.1625 0.096875 0.15625
0 0.76640625 0.3 0.01875 0.01875
0 0.7828125 0.065625 0.190625 0.13125
0 0.5109375 0.0265625 0.078125 0.053125
0 0.4640625 0.1546875 0.4125 0.309375
0 0.29296875 0.32890625 0.5859375 0.6578125
0 0.66875 0.24765625 0.01875 0.01875
0 0.071875 0.10859375 0.01875 0.01875
0 0.22734375 0.8328125 0.015625 0.015625
0 0.35859375 0.60859375 0.015625 0.015625
0 0.37265625 0.57265625 0.0125 0.0125
0 0.35625 0.41328125 0.0125 0.0125
0 0.63828125 0.31796875 0.0109375 0.0109375
0 0.575 0.57734375 0.0109375 0.0109375
0 0.7421875 0.503125 0.0125 0.0125
0 0.509375 0.75234375 0.0125 0.0125
0 0.5640625 0.79765625 0.0125 0.0125
0 0.66171875 0.65078125 0.0125 0.0125
0 0.73359375 0.3703125 0.1328125 0.13125
0 0.51640625 0.9828125 0.0125 0.0125
0 0.30390625 0.11484375 0.0109375 0.0109375
0 0.478125 0.3328125 0.0125 0.0125
0 0.7703125 0.42265625 0.0109375 0.0109375
0 0.1828125 0.95625 0.0125 0.0125
0 0.1578125 0.9734375 0.0171875 0.015625
0 0.5625 0.84765625 0.0125 0.0125
0 0.559375 0.7 0.0125 0.0125
0 0.740625 0.79609375 0.0125 0.0125