0 0.53046875 0.1578125 0.0203125 0.01875
0 0.39296875 0.23515625 0.0421875 0.040625
0 0.18828125 0.040625 0.078125 0.075
0 0.0484375 0.8375 0.096875 0.1546875
0 0.23359375 0.7 0.01875 0.01875
0 0.2171875 0.934375 0.190625 0.13125
0 0.4890625 0.9734375 0.078125 0.053125
0 0.5359375 0.8453125 0.4125 0.309375
0 0.70703125 0.67109375 0.5859375 0.6578125
0 0.33125 0.75234375 0.01875 0.01875
0 0.928125 0.89140625 0.01875 0.01875
0 0.77265625 0.1671875 0.015625 0.015625
0 0.64140625 0.39140625 0.015625 0.015625
0 0.62734375 0.42734375 0.0125 0.0125
0 0.64375 0.58671875 0.0125 0.0125
0 0.36171875 0.68203125 0.0109375 0.0109375
0 0.425 0.42265625 0.0109375 0.0109375
0 0.2578125 0.496875 0.0125 0.0125
0 0.490625 0.24765625 0.0125 0.0125
0 0.4359375 0.20234375 0.0125 0.0125
0 0.33828125 0.34921875 0.0125 0.0125
0 0.26640625 0.6296875 0.1328125 0.13125
0 0.48359375 0.0171875 0.0125 0.0125
0 0.69609375 0.88515625 0.0109375 0.0109375
0 0.521875 0.6671875 0.0125 0.0125
0 0.2296875 0.57734375 0.0109375 0.0109375
0 0.8171875 0.04375 0.0125 0.0125
0 0.8421875 0.0265625 0.0171875 0.015625
0 0.4375 0.15234375 0.0125 0.0125
0 0.440625 0.3 0.0125 0.0125
0 0.259375 0.20390625 0.0125 0.0125