0 0.9796875 0.14375 0.01875 0.01875
0 0.64765625 0.09609375 0.0171875 0.0171875
0 0.3171875 0.1796875 0.0375 0.0375
0 0.44453125 0.046875 0.1140625 0.09375
0 0.1203125 0.471875 0.034375 0.0328125
0 0.353125 0.26953125 0.059375 0.059375
0 0.52265625 0.2546875 0.09375 0.09375
0 0.65078125 0.21640625 0.0265625 0.0265625
0 0.60625 0.5765625 0.0421875 0.040625
0 0.6140625 0.603125 0.0171875 0.0171875
0 0.75703125 0.425 0.01875 0.0171875
0 0.8828125 0.2078125 0.040625 0.0390625
0 0.73828125 0.9578125 0.021875 0.021875
0 0.25625 0.93515625 0.0390625 0.0375
0 0.06640625 0.94609375 0.0234375 0.021875
0 0.03359375 0.7640625 0.015625 0.0140625
0 0.03828125 0.91875 0.015625 0.015625
0 0.23125 0.9 0.0109375 0.0109375
0 0.57109375 0.61015625 0.0125 0.0125
0 0.62265625 0.8234375 0.0125 0.0125
0 0.61328125 0.74140625 0.0125 0.0125
0 0.6640625 0.92734375 0.015625 0.015625
0 0.75859375 0.09375 0.0140625 0.0125
0 0.83203125 0.34375 0.0125 0.0125
0 0.96015625 0.2578125 0.0796875 0.1296875
0 0.62734375 0.16953125 0.0140625 0.0125
0 0.38515625 0.34765625 0.015625 0.015625
0 0.3234375 0.46953125 0.0140625 0.0140625
0 0.228125 0.2515625 0.015625 0.015625
0 0.190625 0.03671875 0.015625 0.015625
0 0.92265625 0.1171875 0.0140625 0.0140625
0 0.71796875 0.03828125 0.0125 0.0109375
0 0.7984375 0.22734375 0.0125 0.0125
0 0.93359375 0.15859375 0.0109375 0.0109375
0 0.8953125 0.990625 0.01875 0.01875
0 0.2890625 0.66484375 0.0125 0.0125
0 0.3703125 0.5875 0.0125 0.0125
0 0.49609375 0.80703125 0.0125 0.0125
0 0.96796875 0.33671875 0.0109375 0.0109375
0 0.71484375 0.47734375 0.0125 0.0109375
0 0.7390625 0.26875 0.0109375 0.0109375
0 0.3359375 0.384375 0.0125 0.0125
0 0.3015625 0.43828125 0.0109375 0.0109375
0 0.275 0.18515625 0.0109375 0.0109375
0 0.225 0.0984375 0.0109375 0.0109375
0 0.20234375 0.09609375 0.0109375 0.0109375
0 0.475 0.85078125 0.025 0.025