0 0.93984375 0.7484375 0.034375 0.034375
0 0.515625 0.7765625 0.0390625 0.0390625
0 0.55546875 0.58125 0.18828125 0.1875
0 0.48359375 0.66875 0.19375 0.1921875
0 0.371875 0.8828125 0.021875 0.021875
0 0.0453125 0.45625 0.025 0.025
0 0.403125 0.359375 0.0203125 0.0203125
0 0.228125 0.165625 0.015625 0.015625
0 0.04140625 0.42109375 0.01640625 0.01640625
0 0.28359375 0.4 0.0203125 0.0203125
0 0.2671875 0.7046875 0.0171875 0.0171875
0 0.29765625 0.1453125 0.0234375 0.0234375
0 0.196875 0.1328125 0.01875 0.01875
0 0.1203125 0.11796875 0.0140625 0.0140625
0 0.24296875 0.04921875 0.01484375 0.01484375
0 0.23125 0.06796875 0.0171875 0.0171875
0 0.2265625 0.0484375 0.0109375 0.0109375
0 0.19921875 0.1125 0.015625 0.015625
0 0.1890625 0.17109375 0.015625 0.015625
0 0.4015625 0.8875 0.015625 0.015625
0 0.53828125 0.8015625 0.02421875 0.02421875
0 0.35625 0.38359375 0.01875 0.01875