0 0.85625 0.9796875 0.01875 0.01875
0 0.90390625 0.64765625 0.0171875 0.0171875
0 0.8203125 0.3171875 0.0375 0.0375
0 0.953125 0.44453125 0.09375 0.1140625
0 0.528125 0.1203125 0.0328125 0.034375
0 0.73046875 0.353125 0.059375 0.059375
0 0.7453125 0.52265625 0.09375 0.09375
0 0.78359375 0.65078125 0.0265625 0.0265625
0 0.4234375 0.60625 0.040625 0.0421875
0 0.396875 0.6140625 0.0171875 0.0171875
0 0.575 0.75703125 0.0171875 0.01875
0 0.7921875 0.8828125 0.0390625 0.040625
0 0.0421875 0.73828125 0.021875 0.021875
0 0.06484375 0.25625 0.0375 0.0390625
0 0.05390625 0.06640625 0.021875 0.0234375
0 0.2359375 0.03359375 0.0140625 0.015625
0 0.08125 0.03828125 0.015625 0.015625
0 0.1 0.23125 0.0109375 0.0109375
0 0.38984375 0.57109375 0.0125 0.0125
0 0.1765625 0.62265625 0.0125 0.0125
0 0.25859375 0.61328125 0.0125 0.0125
0 0.07265625 0.6640625 0.015625 0.015625
0 0.90625 0.75859375 0.0125 0.0140625
0 0.65625 0.83203125 0.0125 0.0125
0 0.7421875 0.96015625 0.1296875 0.0796875
0 0.83046875 0.62734375 0.0125 0.0140625
0 0.65234375 0.38515625 0.015625 0.015625
0 0.53046875 0.3234375 0.0140625 0.0140625
0 0.7484375 0.228125 0.015625 0.015625
0 0.96328125 0.190625 0.015625 0.015625
0 0.8828125 0.92265625 0.0140625 0.0140625
0 0.96171875 0.71796875 0.0109375 0.0125
0 0.77265625 0.7984375 0.0125 0.0125
0 0.84140625 0.93359375 0.0109375 0.0109375
0 0.009375 0.8953125 0.01875 0.01875
0 0.33515625 0.2890625 0.0125 0.0125
0 0.4125 0.3703125 0.0125 0.0125
0 0.19296875 0.49609375 0.0125 0.0125
0 0.66328125 0.96796875 0.0109375 0.0109375
0 0.52265625 0.71484375 0.0109375 0.0125
0 0.73125 0.7390625 0.0109375 0.0109375
0 0.615625 0.3359375 0.0125 0.0125
0 0.56171875 0.3015625 0.0109375 0.0109375
0 0.81484375 0.275 0.0109375 0.0109375
0 0.9015625 0.225 0.0109375 0.0109375
0 0.90390625 0.20234375 0.0109375 0.0109375
0 0.14921875 0.475 0.025 0.025