0 0.53046875 0.8421875 0.0203125 0.01953125
0 0.39296875 0.76484375 0.0421875 0.040625
0 0.18828125 0.959375 0.07734375 0.075
0 0.0484375 0.1625 0.096875 0.15546875
0 0.23359375 0.3 0.01875 0.01875
0 0.2171875 0.065625 0.190625 0.13125
0 0.4890625 0.0265625 0.078125 0.053125
0 0.5359375 0.1546875 0.41328125 0.309375
0 0.70703125 0.32890625 0.5859375 0.6578125
0 0.33125 0.24765625 0.01875 0.01875
0 0.928125 0.10859375 0.01875 0.01875
0 0.77265625 0.8328125 0.015625 0.01484375
0 0.64140625 0.60859375 0.015625 0.015625
0 0.62734375 0.57265625 0.01171875 0.01171875
0 0.64375 0.41328125 0.0125 0.0125
0 0.36171875 0.31796875 0.0109375 0.0109375
0 0.425 0.57734375 0.0109375 0.0109375
0 0.2578125 0.503125 0.01171875 0.01171875
0 0.490625 0.75234375 0.0125 0.01171875
0 0.4359375 0.79765625 0.01171875 0.01171875
0 0.33828125 0.65078125 0.0125 0.0125
0 0.26640625 0.3703125 0.1328125 0.13125
0 0.48359375 0.9828125 0.0125 0.0125
0 0.69609375 0.11484375 0.0109375 0.0109375
0 0.521875 0.3328125 0.01171875 0.01171875
0 0.2296875 0.42265625 0.0109375 0.0109375
0 0.8171875 0.95625 0.0125 0.0125
0 0.8421875 0.9734375 0.0171875 0.01640625
0 0.4375 0.84765625 0.0125 0.0125
0 0.440625 0.7 0.01171875 0.01171875
0 0.259375 0.79609375 0.0125 0.0125