0 0.921875 0.06640625 0.15625 0.13203125
0 0.428125 0.040625 0.02890625 0.02890625
0 0.03515625 0.140625 0.0265625 0.0265625
0 0.28515625 0.25703125 0.02890625 0.02890625
0 0.8703125 0.4890625 0.053125 0.053125
0 0.86796875 0.428125 0.07421875 0.07421875
0 0.61328125 0.46875 0.0484375 0.0453125
0 0.0890625 0.95703125 0.03359375 0.03359375
0 0.040625 0.69140625 0.05078125 0.0484375
0 0.978125 0.4515625 0.040625 0.03828125
0 0.6109375 0.14765625 0.053125 0.053125
0 0.5734375 0.19375 0.06953125 0.0671875
0 0.44453125 0.48046875 0.0671875 0.0671875
0 0.459375 0.55546875 0.05078125 0.05078125
0 0.51328125 0.65234375 0.071875 0.071875
0 0.6046875 0.7234375 0.06015625 0.0578125
0 0.3703125 0.02890625 0.06015625 0.0578125
0 0.6671875 0.109375 0.03828125 0.03828125
0 0.65625 0.07578125 0.03125 0.03125