0 0.95390625 0.59296875 0.0125 0.0125
0 0.9546875 0.5265625 0.015625 0.015625
0 0.9890625 0.5171875 0.0125 0.0125
0 0.89375 0.55859375 0.025 0.025
0 0.87421875 0.56953125 0.015625 0.015625
0 0.78984375 0.58671875 0.1109375 0.1125
0 0.70625 0.38515625 0.0125 0.0125
0 0.803125 0.38125 0.0109375 0.0109375
0 0.6984375 0.2828125 0.034375 0.0359375
0 0.93828125 0.42421875 0.021875 0.021875
0 0.96640625 0.25859375 0.021875 0.021875
0 0.80546875 0.92265625 0.015625 0.015625
0 0.50625 0.0484375 0.0234375 0.025
0 0.6875 0.053125 0.0109375 0.0109375
0 0.475 0.28203125 0.028125 0.028125
0 0.4359375 0.321875 0.0625 0.0625
0 0.2546875 0.38671875 0.0109375 0.0109375
0 0.459375 0.51015625 0.025 0.025
0 0.55 0.3390625 0.015625 0.015625
0 0.403125 0.64921875 0.0125 0.0125
0 0.5734375 0.1390625 0.109375 0.109375
0 0.0375 0.7484375 0.0109375 0.0109375
0 0.071875 0.225 0.0109375 0.0109375
0 0.175 0.81875 0.0109375 0.0109375
0 0.1125 0.85078125 0.0140625 0.015625
0 0.12578125 0.9515625 0.0234375 0.025
0 0.45546875 0.909375 0.009375 0.009375
0 0.60078125 0.9578125 0.009375 0.009375
0 0.575 0.009375 0.0125 0.00625
0 0.7296875 0.1765625 0.0109375 0.0109375
0 0.74375 0.71015625 0.0109375 0.0109375
0 0.290625 0.76484375 0.009375 0.0109375
0 0.1984375 0.89375 0.015625 0.015625
0 0.2859375 0.3859375 0.0125 0.0125
0 0.1671875 0.10234375 0.009375 0.009375
0 0.1140625 0.10703125 0.0109375 0.0109375
0 0.05234375 0.9078125 0.0109375 0.0109375