0 0.8421875 0.1125 0.00625 0.00625
0 0.9640625 0.7984375 0.0171875 0.0171875
0 0.85 0.35703125 0.00625 0.00625
0 0.384375 0.740625 0.0078125 0.0078125
0 0.75546875 0.95625 0.00625 0.0078125
0 0.42265625 0.8421875 0.1046875 0.13125
0 0.9640625 0.84921875 0.0125 0.0125
0 0.6765625 0.92109375 0.0078125 0.0078125
0 0.9125 0.775 0.0171875 0.01875
0 0.228125 0.32578125 0.0078125 0.00625
0 0.58515625 0.8171875 0.00625 0.0078125
0 0.475 0.81484375 0.0140625 0.015625
0 0.3359375 0.54609375 0.0078125 0.0078125
0 0.909375 0.7984375 0.015625 0.0171875
0 0.671875 0.725 0.0078125 0.0078125
0 0.66953125 0.61875 0.00625 0.00625
0 0.4796875 0.73984375 0.0109375 0.0109375
0 0.48828125 0.49921875 0.00625 0.00625
0 0.58515625 0.7796875 0.009375 0.009375
0 0.1890625 0.8734375 0.0125 0.0140625
0 0.934375 0.91328125 0.009375 0.009375
0 0.85234375 0.59765625 0.0078125 0.0078125
0 0.97109375 0.8015625 0.015625 0.0171875
0 0.571875 0.171875 0.009375 0.009375
0 0.7046875 0.96953125 0.009375 0.0078125
0 0.534375 0.88046875 0.00625 0.00625
0 0.565625 0.93984375 0.0171875 0.01875
0 0.9890625 0.8015625 0.0125 0.015625
0 0.2078125 0.6203125 0.009375 0.0109375
0 0.43515625 0.64296875 0.00625 0.00625
0 0.66015625 0.934375 0.015625 0.0171875
0 0.578125 0.76953125 0.009375 0.009375
0 0.04375 0.190625 0.00625 0.00625
0 0.61640625 0.71953125 0.0078125 0.0078125
0 0.60625 0.8453125 0.015625 0.015625
0 0.525 0.196875 0.01875 0.0203125
0 0.4625 0.81640625 0.009375 0.009375
0 0.409375 0.87265625 0.009375 0.009375
0 0.71953125 0.23828125 0.0109375 0.0125
0 0.45 0.64921875 0.0171875 0.0171875
0 0.9546875 0.79765625 0.0140625 0.0171875
0 0.80859375 0.00546875 0.0953125 0.0109375
0 0.99765625 0.83046875 0.0046875 0.0109375
0 0.72109375 0.9609375 0.0125 0.0140625
0 0.95234375 0.78203125 0.0109375 0.0125
0 0.7828125 0.74140625 0.00625 0.0078125
0 0.365625 0.9328125 0.0140625 0.015625
0 0.9546875 0.496875 0.0078125 0.009375
0 0.57578125 0.35078125 0.009375 0.009375
0 0.63125 0.40546875 0.0078125 0.009375
0 0.553125 0.0921875 0.0109375 0.009375
0 0.50703125 0.73984375 0.00625 0.00625
0 0.7375 0.11875 0.009375 0.009375
0 0.98203125 0.38203125 0.00625 0.00625
0 0.075 0.803125 0.00625 0.00625
0 0.25546875 0.9421875 0.009375 0.0078125
0 0.78046875 0.8921875 0.0125 0.0125
0 0.628125 0.7390625 0.0125 0.0125
0 0.4328125 0.30234375 0.00625 0.00625
0 0.8015625 0.0984375 0.015625 0.015625
0 0.28671875 0.1578125 0.00625 0.00625
0 0.5953125 0.340625 0.0125 0.0125
0 0.52578125 0.90703125 0.009375 0.009375
0 0.42890625 0.9921875 0.0109375 0.0125
0 0.23359375 0.24921875 0.00625 0.00625
0 0.29609375 0.275 0.0078125 0.0078125
0 0.1 0.14375 0.0078125 0.0078125
0 0.8078125 0.28203125 0.0078125 0.0078125
0 0.89453125 0.7453125 0.0078125 0.009375
0 0.20859375 0.40546875 0.1125 0.115625
0 0.15859375 0.61796875 0.00625 0.0078125
0 0.87421875 0.9890625 0.0078125 0.009375
0 0.946875 0.66875 0.0078125 0.009375
0 0.215625 0.7796875 0.00625 0.0078125
0 0.0125 0.08828125 0.0078125 0.00625
0 0.30390625 0.021875 0.00625 0.00625
0 0.1046875 0.43046875 0.025 0.025
0 0.8828125 0.878125 0.0078125 0.0078125
0 0.89375 0.32109375 0.01875 0.021875
0 0.0453125 0.06484375 0.0078125 0.00625
0 0.2953125 0.6046875 0.015625 0.015625
0 0.71484375 0.60625 0.0125 0.0140625
0 0.84296875 0.29375 0.009375 0.009375
0 0.8328125 0.18125 0.0109375 0.0109375
0 0.13125 0.79140625 0.0078125 0.009375
0 0.3625 0.909375 0.0078125 0.0078125
0 0.12578125 0.4203125 0.0140625 0.015625
0 0.38984375 0.81796875 0.009375 0.0109375
0 0.40703125 0.0421875 0.009375 0.009375
0 0.6921875 0.990625 0.009375 0.009375
0 0.5640625 0.66796875 0.0625 0.065625
0 0.8421875 0.9 0.0109375 0.0109375
0 0.9359375 0.775 0.009375 0.009375
0 0.0453125 0.39921875 0.0125 0.0140625
0 0.08984375 0.52109375 0.0078125 0.009375
0 0.75546875 0.6140625 0.0109375 0.0125
0 0.0609375 0.93203125 0.009375 0.009375
0 0.89609375 0.896875 0.0109375 0.0109375
0 0.846875 0.86328125 0.009375 0.009375
0 0.0078125 0.4734375 0.0125 0.0125
0 0.95859375 0.0953125 0.0109375 0.0125
0 0.97109375 0.25078125 0.0109375 0.0125
0 0.2796875 0.8265625 0.0109375 0.0109375
0 0.884375 0.1375 0.0140625 0.015625
0 0.3234375 0.95 0.0125 0.0125
0 0.49296875 0.9421875 0.0234375 0.0234375
0 0.52421875 0.709375 0.028125 0.028125
0 0.5375 0.4796875 0.025 0.025
0 0.196875 0.06953125 0.015625 0.015625
0 0.0328125 0.73203125 0.021875 0.021875
0 0.30234375 0.7078125 0.034375 0.0359375
0 0.04375 0.4640625 0.015625 0.015625
0 0.059375 0.565625 0.0234375 0.0234375
0 0.87265625 0.0390625 0.025 0.025