0 0.40703125 0.95390625 0.0125 0.0125
0 0.4734375 0.9546875 0.015625 0.015625
0 0.4828125 0.9890625 0.0125 0.0125
0 0.44140625 0.89375 0.025 0.025
0 0.43046875 0.87421875 0.015625 0.015625
0 0.41328125 0.78984375 0.1125 0.1109375
0 0.61484375 0.70625 0.0125 0.0125
0 0.61875 0.803125 0.0109375 0.0109375
0 0.7171875 0.6984375 0.0359375 0.034375
0 0.57578125 0.93828125 0.021875 0.021875
0 0.74140625 0.96640625 0.021875 0.021875
0 0.07734375 0.80546875 0.015625 0.015625
0 0.9515625 0.50625 0.025 0.0234375
0 0.946875 0.6875 0.0109375 0.0109375
0 0.71796875 0.475 0.028125 0.028125
0 0.678125 0.4359375 0.0625 0.0625
0 0.61328125 0.2546875 0.0109375 0.0109375
0 0.48984375 0.459375 0.025 0.025
0 0.6609375 0.55 0.015625 0.015625
0 0.35078125 0.403125 0.0125 0.0125
0 0.8609375 0.5734375 0.109375 0.109375
0 0.2515625 0.0375 0.0109375 0.0109375
0 0.775 0.071875 0.0109375 0.0109375
0 0.18125 0.175 0.0109375 0.0109375
0 0.14921875 0.1125 0.015625 0.0140625
0 0.0484375 0.12578125 0.025 0.0234375
0 0.090625 0.45546875 0.009375 0.009375
0 0.0421875 0.60078125 0.009375 0.009375
0 0.990625 0.575 0.00625 0.0125
0 0.8234375 0.7296875 0.0109375 0.0109375
0 0.28984375 0.74375 0.0109375 0.0109375
0 0.23515625 0.290625 0.0109375 0.009375
0 0.10625 0.1984375 0.0140625 0.015625
0 0.6140625 0.2859375 0.0125 0.0125
0 0.89765625 0.1671875 0.009375 0.009375
0 0.89296875 0.1140625 0.0109375 0.0109375
0 0.0921875 0.05234375 0.0109375 0.0109375