0 0.4796875 0.9203125 0.04609375 0.040625
0 0.56640625 0.65 0.034375 0.03046875
0 0.5890625 0.41328125 0.028125 0.025
0 0.9328125 0.38515625 0.03125 0.02734375
0 0.690625 0.72578125 0.3015625 0.26875
0 0.9 0.71953125 0.0171875 0.015625
0 0.05078125 0.09765625 0.02421875 0.021875
0 0.06484375 0.3078125 0.0265625 0.0234375
0 0.66875 0.26640625 0.021875 0.01953125
0 0.5890625 0.45078125 0.01875 0.01640625
0 0.12890625 0.68359375 0.01953125 0.0171875
0 0.0109375 0.04921875 0.01875 0.01640625
0 0.17265625 0.42265625 0.01484375 0.0140625
0 0.2625 0.2296875 0.01484375 0.0140625
0 0.3765625 0.24921875 0.0125 0.01171875
0 0.4171875 0.065625 0.01171875 0.009375
0 0.446875 0.16015625 0.0140625 0.01171875
0 0.5765625 0.0640625 0.0109375 0.009375
0 0.61875 0.16953125 0.0140625 0.01171875
0 0.571875 0.51171875 0.01484375 0.0125
0 0.9859375 0.01953125 0.00859375 0.01171875
0 0.97265625 0.74375 0.01484375 0.0125
0 0.90234375 0.76015625 0.01484375 0.0125
0 0.82265625 0.5828125 0.0140625 0.01171875
0 0.5328125 0.98671875 0.01484375 0.0140625
0 0.659375 0.66796875 0.0140625 0.01171875
0 0.840625 0.60625 0.0125 0.0109375
0 0.46171875 0.909375 0.01953125 0.0171875
0 0.32890625 0.8671875 0.0140625 0.0125
0 0.2890625 0.83125 0.0125 0.0109375
0 0.10234375 0.7859375 0.021875 0.01875
0 0.10234375 0.6625 0.01875 0.01640625
0 0.5484375 0.915625 0.0125 0.0109375
0 0.721875 0.98203125 0.01640625 0.01484375
0 0.7203125 0.76484375 0.0109375 0.009375
0 0.325 0.3875 0.01171875 0.0109375
0 0.2484375 0.48515625 0.01171875 0.009375
0 0.9171875 0.403125 0.01953125 0.0171875
0 0.80625 0.46796875 0.0171875 0.015625
0 0.3234375 0.2484375 0.0125 0.0109375
0 0.38984375 0.315625 0.01171875 0.009375
0 0.5125 0.29609375 0.0125 0.0109375
0 0.9890625 0.265625 0.021875 0.02421875
0 0.22890625 0.671875 0.0109375 0.009375
0 0.20234375 0.7921875 0.01171875 0.0109375
0 0.3703125 0.971875 0.015625 0.0140625
0 0.69921875 0.88125 0.015625 0.0140625
0 0.61171875 0.81953125 0.0140625 0.01171875