0 0.075 0.35234375 0.03125 0.03125
0 0.10859375 0.18359375 0.0515625 0.053125
0 0.565625 0.1234375 0.06875 0.06875
0 0.540625 0.3328125 0.0734375 0.0734375
0 0.17890625 0.56796875 0.0296875 0.03125
0 0.55625 0.53828125 0.028125 0.028125
0 0.5578125 0.56875 0.0421875 0.0421875
0 0.76015625 0.30625 0.021875 0.021875
0 0.68828125 0.66015625 0.0125 0.0125
0 0.840625 0.003125 0.0125 0.00625
0 0.3015625 0.77265625 0.0109375 0.0109375
0 0.2828125 0.30390625 0.0125 0.0125
0 0.3140625 0.5609375 0.0125 0.0125
0 0.99375 0.01796875 0.0109375 0.0125
0 0.90234375 0.6421875 0.0125 0.0125
0 0.0140625 0.54765625 0.00625 0.0109375
0 0.940625 0.2453125 0.009375 0.009375
0 0.6203125 0.0953125 0.009375 0.009375
0 0.59296875 0.759375 0.0140625 0.0140625
0 0.5109375 0.82890625 0.0125 0.0125
0 0.315625 0.98984375 0.021875 0.0203125
0 0.1671875 0.8578125 0.0125 0.0125
0 0.04609375 0.55546875 0.0109375 0.0109375