0 0.23359375 0.7453125 0.14453125 0.1328125
0 0.3828125 0.9484375 0.11875 0.103125
0 0.9546875 0.67578125 0.02734375 0.02421875
0 0.88984375 0.265625 0.028125 0.0265625
0 0.44453125 0.165625 0.02265625 0.021875
0 0.2625 0.471875 0.0625 0.0578125
0 0.146875 0.30703125 0.05859375 0.0546875
0 0.17421875 0.06953125 0.015625 0.01484375
0 0.26875 0.16953125 0.01953125 0.0171875
0 0.24375 0.06953125 0.0171875 0.015625
0 0.971875 0.09453125 0.0125 0.01171875
0 0.90078125 0.0203125 0.03203125 0.03046875
0 0.7390625 0.4734375 0.01484375 0.0140625
0 0.76953125 0.2703125 0.01484375 0.0140625
0 0.8484375 0.64296875 0.0125 0.01171875
0 0.50625 0.57734375 0.01484375 0.0140625
0 0.44921875 0.571875 0.0125 0.01171875
0 0.32109375 0.7328125 0.0140625 0.01171875
0 0.371875 0.459375 0.0140625 0.0125
0 0.31953125 0.384375 0.0171875 0.015625
0 0.3234375 0.434375 0.01171875 0.0109375
0 0.09921875 0.76875 0.01484375 0.0140625
0 0.14765625 0.73203125 0.01640625 0.01484375
0 0.6296875 0.67109375 0.0140625 0.0125
0 0.0453125 0.3515625 0.01484375 0.0140625
0 0.50625 0.89140625 0.0125 0.01171875
0 0.79609375 0.7328125 0.0125 0.01171875
0 0.57734375 0.34296875 0.0140625 0.0125
0 0.51015625 0.365625 0.0125 0.01171875
0 0.821875 0.4890625 0.01171875 0.0109375
0 0.47734375 0.0796875 0.0171875 0.01640625
0 0.86640625 0.93046875 0.021875 0.01953125
0 0.9078125 0.984375 0.0171875 0.015625
0 0.8578125 0.29609375 0.01953125 0.0171875