0 0.46328125 0.69453125 0.04296875 0.0421875
0 0.26484375 0.44453125 0.05 0.0484375
0 0.3890625 0.4140625 0.07109375 0.07109375
0 0.6546875 0.43203125 0.034375 0.034375
0 0.6515625 0.21640625 0.02421875 0.02421875
0 0.4046875 0.38984375 0.62421875 0.6234375
0 0.88359375 0.071875 0.0328125 0.0328125
0 0.8859375 0.43125 0.03125 0.03125
0 0.7046875 0.09140625 0.0140625 0.0140625
0 0.128125 0.0484375 0.01484375 0.01484375
0 0.034375 0.72734375 0.01640625 0.01640625
0 0.31640625 0.29609375 0.021875 0.021875
0 0.3078125 0.31171875 0.02734375 0.02734375
0 0.20625 0.346875 0.03203125 0.03203125
0 0.10703125 0.34765625 0.09375 0.09375
0 0.93671875 0.69765625 0.015625 0.015625
0 0.0515625 0.52421875 0.0125 0.0125
0 0.18125 0.77265625 0.009375 0.009375
0 0.4796875 0.89765625 0.0109375 0.0109375
0 0.91015625 0.08046875 0.01171875 0.01171875
0 0.88671875 0.1296875 0.0140625 0.0125
0 0.69609375 0.165625 0.0234375 0.02265625
0 0.35234375 0.31875 0.0125 0.01171875
0 0.44765625 0.45390625 0.009375 0.009375
0 0.5140625 0.94140625 0.009375 0.009375
0 0.3109375 0.95703125 0.009375 0.009375
0 0.83359375 0.25859375 0.02265625 0.02265625