0 0.11796875 0.528125 0.03125 0.03125
0 0.89140625 0.2265625 0.2171875 0.309375
0 0.5453125 0.690625 0.028125 0.028125
0 0.40078125 0.7234375 0.01875 0.01875
0 0.12734375 0.5609375 0.03125 0.03125
0 0.584375 0.6703125 0.83125 0.659375
0 0.63515625 0.8140625 0.01875 0.01875
0 0.246875 0.415625 0.034375 0.034375
0 0.30625 0.90703125 0.0125 0.0125
0 0.840625 0.44375 0.0109375 0.0109375
0 0.04609375 0.57421875 0.0125 0.0125
0 0.065625 0.596875 0.0140625 0.0140625
0 0.78984375 0.06328125 0.0125 0.0125
0 0.215625 0.390625 0.0125 0.0125
0 0.0671875 0.5125 0.0125 0.0125
0 0.0078125 0.41875 0.015625 0.03125
0 0.06640625 0.7609375 0.01875 0.01875
0 0.1390625 0.759375 0.009375 0.009375
0 0.5890625 0.62890625 0.009375 0.009375
0 0.73125 0.453125 0.0109375 0.0109375
0 0.9515625 0.73359375 0.0109375 0.0109375
0 0.96328125 0.2703125 0.0125 0.0125
0 0.8859375 0.36875 0.0125 0.0125
0 0.75859375 0.296875 0.0109375 0.0109375
0 0.79296875 0.12734375 0.0109375 0.0109375
0 0.73671875 0.1375 0.009375 0.009375
0 0.2546875 0.29453125 0.0109375 0.0109375
0 0.37109375 0.4 0.0109375 0.0109375
0 0.1359375 0.26875 0.0125 0.0125
0 0.125 0.221875 0.009375 0.009375
0 0.1828125 0.28515625 0.0203125 0.0203125
0 0.2140625 0.33046875 0.01875 0.01875
0 0.7875 0.325 0.0140625 0.0140625