0 0.4703125 0.9109375 0.0234375 0.025
0 0.6546875 0.94375 0.0359375 0.0375
0 0.82109375 0.65703125 0.209375 0.2203125
0 0.53203125 0.20078125 0.03125 0.03125
0 0.68515625 0.24921875 0.15 0.15625
0 0.82890625 0.1390625 0.3421875 0.278125
0 0.41875 0.17265625 0.015625 0.015625
0 0.19296875 0.4171875 0.0484375 0.0515625
0 0.0859375 0.35859375 0.125 0.1328125
0 0.07109375 0.02265625 0.015625 0.015625
0 0.2609375 0.66484375 0.015625 0.015625
0 0.2453125 0.7546875 0.0140625 0.0140625
0 0.80390625 0.16328125 0.0125 0.0125
0 0.93515625 0.22734375 0.009375 0.0109375
0 0.72578125 0.978125 0.0109375 0.0109375
0 0.621875 0.55078125 0.021875 0.0234375
0 0.303125 0.28359375 0.015625 0.015625
0 0.4203125 0.3796875 0.0140625 0.0140625
0 0.4625 0.76015625 0.0125 0.0125