0 0.53671875 0.30546875 0.04375 0.0421875
0 0.73515625 0.55546875 0.05 0.0484375
0 0.6109375 0.5859375 0.071875 0.071875
0 0.3453125 0.56796875 0.034375 0.034375
0 0.3484375 0.78359375 0.025 0.025
0 0.5953125 0.61015625 0.625 0.6234375
0 0.11640625 0.928125 0.0328125 0.0328125
0 0.1140625 0.56875 0.03125 0.03125
0 0.2953125 0.90859375 0.0140625 0.0140625
0 0.871875 0.9515625 0.015625 0.015625
0 0.965625 0.27265625 0.015625 0.015625
0 0.68359375 0.70390625 0.021875 0.021875
0 0.6921875 0.68828125 0.028125 0.028125
0 0.79375 0.653125 0.03125 0.03125
0 0.89296875 0.65234375 0.09375 0.09375
0 0.06328125 0.30234375 0.015625 0.015625
0 0.9484375 0.47578125 0.0125 0.0125
0 0.81875 0.22734375 0.009375 0.009375
0 0.5203125 0.10234375 0.0109375 0.0109375
0 0.08984375 0.91953125 0.0125 0.0125
0 0.11328125 0.8703125 0.0140625 0.0125
0 0.30390625 0.834375 0.0234375 0.021875
0 0.64765625 0.68125 0.0125 0.0125
0 0.55234375 0.54609375 0.009375 0.009375
0 0.4859375 0.05859375 0.009375 0.009375
0 0.6890625 0.04296875 0.009375 0.009375
0 0.16640625 0.74140625 0.021875 0.021875