0 0.88203125 0.471875 0.03203125 0.03203125
0 0.10859375 0.7734375 0.2171875 0.309375
0 0.4546875 0.309375 0.02734375 0.02734375
0 0.59921875 0.2765625 0.01875 0.01875
0 0.87265625 0.4390625 0.03203125 0.03203125
0 0.415625 0.3296875 0.83125 0.659375
0 0.36484375 0.1859375 0.01953125 0.01953125
0 0.753125 0.584375 0.03515625 0.03515625
0 0.69375 0.09296875 0.0125 0.0125
0 0.159375 0.55625 0.0109375 0.0109375
0 0.95390625 0.42578125 0.0125 0.0125
0 0.934375 0.403125 0.0140625 0.0140625
0 0.21015625 0.93671875 0.01171875 0.01171875
0 0.784375 0.609375 0.01171875 0.01171875
0 0.9328125 0.4875 0.0125 0.0125
0 0.9921875 0.58125 0.015625 0.03046875
0 0.93359375 0.2390625 0.01953125 0.01953125
0 0.8609375 0.240625 0.009375 0.009375
0 0.4109375 0.37109375 0.009375 0.009375
0 0.26875 0.546875 0.0109375 0.0109375
0 0.0484375 0.26640625 0.0109375 0.0109375
0 0.03671875 0.7296875 0.01171875 0.01171875
0 0.1140625 0.63125 0.0125 0.0125
0 0.24140625 0.703125 0.0109375 0.0109375
0 0.20703125 0.87265625 0.0109375 0.0109375
0 0.26328125 0.8625 0.009375 0.009375
0 0.7453125 0.70546875 0.0109375 0.0109375
0 0.62890625 0.6 0.0109375 0.0109375
0 0.8640625 0.73125 0.01171875 0.01171875
0 0.875 0.778125 0.009375 0.009375
0 0.8171875 0.71484375 0.0203125 0.0203125
0 0.7859375 0.66953125 0.01953125 0.01953125
0 0.2125 0.675 0.0140625 0.0140625