0 0.5203125 0.9203125 0.046875 0.040625
0 0.43359375 0.65 0.034375 0.03125
0 0.4109375 0.41328125 0.028125 0.025
0 0.0671875 0.38515625 0.03125 0.028125
0 0.309375 0.72578125 0.3015625 0.26875
0 0.1 0.71953125 0.0171875 0.015625
0 0.94921875 0.09765625 0.025 0.021875
0 0.93515625 0.3078125 0.0265625 0.0234375
0 0.33125 0.26640625 0.021875 0.01875
0 0.4109375 0.45078125 0.01875 0.015625
0 0.87109375 0.68359375 0.01875 0.0171875
0 0.9890625 0.04921875 0.01875 0.015625
0 0.82734375 0.42265625 0.015625 0.0140625
0 0.7375 0.2296875 0.015625 0.0140625
0 0.6234375 0.24921875 0.0125 0.0125
0 0.5828125 0.065625 0.0125 0.009375
0 0.553125 0.16015625 0.0140625 0.0125
0 0.4234375 0.0640625 0.0109375 0.009375
0 0.38125 0.16953125 0.0140625 0.0125
0 0.428125 0.51171875 0.015625 0.0125
0 0.0140625 0.01953125 0.009375 0.0125
0 0.02734375 0.74375 0.015625 0.0125
0 0.09765625 0.76015625 0.0140625 0.0125
0 0.17734375 0.5828125 0.0140625 0.0125
0 0.4671875 0.98671875 0.015625 0.0140625
0 0.340625 0.66796875 0.0140625 0.0125
0 0.159375 0.60625 0.0125 0.0109375
0 0.53828125 0.909375 0.01875 0.0171875
0 0.67109375 0.8671875 0.0140625 0.0125
0 0.7109375 0.83125 0.0125 0.0109375
0 0.89765625 0.7859375 0.021875 0.01875
0 0.89765625 0.6625 0.01875 0.015625
0 0.4515625 0.915625 0.0125 0.0109375
0 0.278125 0.98203125 0.015625 0.015625
0 0.2796875 0.76484375 0.0109375 0.009375
0 0.675 0.3875 0.0125 0.0109375
0 0.7515625 0.48515625 0.0125 0.009375
0 0.0828125 0.403125 0.01875 0.0171875
0 0.19375 0.46796875 0.0171875 0.015625
0 0.6765625 0.2484375 0.0125 0.0109375
0 0.61015625 0.315625 0.0125 0.009375
0 0.4875 0.29609375 0.0125 0.0109375
0 0.0109375 0.265625 0.021875 0.025
0 0.77109375 0.671875 0.0109375 0.009375
0 0.79765625 0.7921875 0.0125 0.0109375
0 0.6296875 0.971875 0.015625 0.0140625
0 0.30078125 0.88125 0.015625 0.0140625
0 0.38828125 0.81953125 0.0140625 0.0125