0 0.87421875 0.8859375 0.25078125 0.22734375
0 0.49140625 0.803125 0.04296875 0.0375
0 0.2734375 0.91796875 0.040625 0.0359375
0 0.27421875 0.8140625 0.0265625 0.02265625
0 0.3953125 0.9125 0.1890625 0.16484375
0 0.04609375 0.78125 0.0609375 0.053125
0 0.4265625 0.32734375 0.11875 0.1046875
0 0.534375 0.41015625 0.01875 0.01640625
0 0.7828125 0.57421875 0.0890625 0.078125
0 0.68984375 0.53828125 0.084375 0.07421875
0 0.74296875 0.29296875 0.02265625 0.01953125
0 0.721875 0.1515625 0.02265625 0.01953125
0 0.759375 0.03046875 0.05 0.04375
0 0.90703125 0.1796875 0.12421875 0.11015625
0 0.96015625 0.146875 0.0796875 0.10859375
0 0.98515625 0.05859375 0.009375 0.0109375
0 0.87890625 0.028125 0.015625 0.0140625
0 0.43984375 0.0359375 0.0140625 0.0125
0 0.62421875 0.04296875 0.01640625 0.01484375
0 0.06796875 0.04140625 0.01953125 0.0171875
0 0.34609375 0.5296875 0.0125 0.0109375
0 0.59453125 0.38125 0.0140625 0.01171875
0 0.7140625 0.2515625 0.015625 0.0140625
0 0.66484375 0.33359375 0.02734375 0.02421875
0 0.821875 0.4578125 0.01484375 0.0125
0 0.8109375 0.7015625 0.0171875 0.015625
0 0.3015625 0.8578125 0.01640625 0.01484375
0 0.22734375 0.91171875 0.01484375 0.0125
0 0.17109375 0.70234375 0.01875 0.01640625
0 0.115625 0.79921875 0.01484375 0.0125
0 0.14375 0.825 0.0140625 0.01171875
0 0.08671875 0.18203125 0.0140625 0.0125
0 0.23984375 0.24296875 0.0125 0.01171875
0 0.334375 0.06171875 0.015625 0.01484375
0 0.16953125 0.03203125 0.01484375 0.0140625
0 0.95546875 0.63984375 0.0328125 0.0296875
0 0.928125 0.6984375 0.01171875 0.0109375
0 0.4796875 0.196875 0.015625 0.0140625
0 0.36875 0.1765625 0.025 0.02265625
0 0.221875 0.15546875 0.0125 0.0109375
0 0.1921875 0.1625 0.0125 0.0109375
0 0.24140625 0.115625 0.01484375 0.0125
0 0.2375 0.1265625 0.01484375 0.0125
0 0.6921875 0.02421875 0.01171875 0.009375
0 0.9921875 0.3390625 0.0125 0.0109375
0 0.7765625 0.4109375 0.0109375 0.009375
0 0.659375 0.3171875 0.01484375 0.0140625
0 0.6734375 0.321875 0.0125 0.01171875
0 0.6 0.3546875 0.01171875 0.0109375
0 0.4953125 0.17421875 0.0140625 0.01171875
0 0.73671875 0.459375 0.01640625 0.01484375
0 0.725 0.459375 0.0203125 0.0171875
0 0.0984375 0.32109375 0.01171875 0.009375
0 0.7515625 0.68046875 0.01484375 0.0125
0 0.746875 0.6078125 0.0140625 0.01171875
0 0.6828125 0.615625 0.0125 0.01171875
0 0.57734375 0.66875 0.0125 0.01171875
0 0.92578125 0.6265625 0.01171875 0.0109375
0 0.91484375 0.61875 0.0203125 0.0171875
0 0.08046875 0.98515625 0.01171875 0.00703125
0 0.81953125 0.725 0.0328125 0.0296875