0 0.721875 0.9640625 0.140625 0.071875
0 0.43671875 0.92109375 0.21875 0.15625
0 0.2078125 0.8859375 0.234375 0.228125
0 0.403125 0.81796875 0.0875 0.084375
0 0.9796875 0.24296875 0.040625 0.075
0 0.7875 0.57109375 0.0203125 0.0203125
0 0.57109375 0.4765625 0.028125 0.028125
0 0.47734375 0.5796875 0.021875 0.021875
0 0.47734375 0.3703125 0.03125 0.03125
0 0.5140625 0.2765625 0.0234375 0.021875
0 0.7328125 0.53046875 0.1078125 0.1046875
0 0.396875 0.3640625 0.025 0.025
0 0.075 0.6 0.134375 0.1296875
0 0.709375 0.0640625 0.034375 0.0328125
0 0.79453125 0.04375 0.040625 0.040625
0 0.959375 0.028125 0.08125 0.05625
0 0.303125 0.6125 0.0125 0.0125
0 0.63359375 0.63984375 0.0125 0.0125
0 0.8453125 0.58203125 0.015625 0.0140625
0 0.93671875 0.9375 0.0140625 0.0125
0 0.49921875 0.64375 0.0125 0.0125
0 0.5171875 0.51171875 0.015625 0.015625
0 0.50703125 0.29375 0.0125 0.0125
0 0.7515625 0.3359375 0.0125 0.0125
0 0.4546875 0.53203125 0.0109375 0.0109375
0 0.68203125 0.69296875 0.0125 0.0125
0 0.71015625 0.69375 0.0125 0.0125
0 0.5140625 0.68671875 0.0125 0.0125
0 0.078125 0.00078125 0.0109375 0.0015625
0 0.78359375 0.04453125 0.0375 0.0375
0 0.73125 0.053125 0.0125 0.0125
0 0.9390625 0.4015625 0.009375 0.009375
0 0.37421875 0.446875 0.0125 0.0125
0 0.12265625 0.49375 0.0125 0.0109375
0 0.50078125 0.6921875 0.0140625 0.0140625
0 0.02421875 0.9125 0.009375 0.009375
0 0.05703125 0.9171875 0.0109375 0.009375