0 0.76640625 0.7453125 0.14375 0.1328125
0 0.6171875 0.9484375 0.11875 0.103125
0 0.0453125 0.67578125 0.028125 0.025
0 0.11015625 0.265625 0.028125 0.0265625
0 0.55546875 0.165625 0.021875 0.021875
0 0.7375 0.471875 0.0625 0.0578125
0 0.853125 0.30703125 0.059375 0.0546875
0 0.82578125 0.06953125 0.015625 0.015625
0 0.73125 0.16953125 0.01875 0.0171875
0 0.75625 0.06953125 0.0171875 0.015625
0 0.028125 0.09453125 0.0125 0.0125
0 0.09921875 0.0203125 0.03125 0.03125
0 0.2609375 0.4734375 0.015625 0.0140625
0 0.23046875 0.2703125 0.015625 0.0140625
0 0.1515625 0.64296875 0.0125 0.0125
0 0.49375 0.57734375 0.015625 0.0140625
0 0.55078125 0.571875 0.0125 0.0125
0 0.67890625 0.7328125 0.0140625 0.0125
0 0.628125 0.459375 0.0140625 0.0125
0 0.68046875 0.384375 0.0171875 0.015625
0 0.6765625 0.434375 0.0125 0.0109375
0 0.90078125 0.76875 0.015625 0.0140625
0 0.85234375 0.73203125 0.015625 0.015625
0 0.3703125 0.67109375 0.0140625 0.0125
0 0.9546875 0.3515625 0.015625 0.0140625
0 0.49375 0.89140625 0.0125 0.0125
0 0.20390625 0.7328125 0.0125 0.0125
0 0.42265625 0.34296875 0.0140625 0.0125
0 0.48984375 0.365625 0.0125 0.0125
0 0.178125 0.4890625 0.0125 0.0109375
0 0.52265625 0.0796875 0.0171875 0.015625
0 0.13359375 0.93046875 0.021875 0.01875
0 0.0921875 0.984375 0.0171875 0.015625
0 0.1421875 0.29609375 0.01875 0.0171875