0 0.5203125 0.871875 0.03125 0.03125
0 0.6203125 0.77421875 0.028125 0.028125
0 0.69765625 0.75078125 0.046875 0.046875
0 0.76328125 0.85859375 0.0796875 0.078125
0 0.7328125 0.4046875 0.01875 0.01875
0 0.8640625 0.58046875 0.0328125 0.0328125
0 0.88046875 0.63125 0.2390625 0.359375
0 0.4078125 0.42890625 0.190625 0.1875
0 0.0875 0.40703125 0.084375 0.084375
0 0.08984375 0.30390625 0.04375 0.04375
0 0.32421875 0.54375 0.265625 0.2640625
0 0.96484375 0.315625 0.0671875 0.065625
0 0.81171875 0.11171875 0.0484375 0.0484375
0 0.48828125 0.25859375 0.0484375 0.0484375
0 0.34765625 0.19921875 0.01875 0.01875
0 0.3875 0.1625 0.0171875 0.0171875
0 0.44765625 0.00703125 0.025 0.0140625
0 0.9078125 0.06171875 0.184375 0.1234375
0 0.70390625 0.0265625 0.01875 0.01875
0 0.10859375 0.6984375 0.0140625 0.0125
0 0.325 0.73515625 0.015625 0.015625
0 0.7484375 0.2984375 0.01875 0.01875
0 0.94453125 0.88046875 0.021875 0.021875
0 0.82890625 0.43125 0.015625 0.015625
0 0.79375 0.2609375 0.015625 0.015625
0 0.0609375 0.0296875 0.0125 0.0125
0 0.021875 0.0671875 0.0109375 0.0109375
0 0.1796875 0.24140625 0.0140625 0.0140625
0 0.2640625 0.18671875 0.0125 0.0109375
0 0.29921875 0.25625 0.015625 0.015625
0 0.55625 0.0640625 0.015625 0.015625
0 0.4703125 0.11328125 0.01875 0.0171875
0 0.48828125 0.2140625 0.015625 0.015625
0 0.490625 0.23359375 0.0140625 0.0140625
0 0.73359375 0.1890625 0.0125 0.0125
0 0.8515625 0.1828125 0.01875 0.01875
0 0.728125 0.27578125 0.0125 0.0125
0 0.75390625 0.3078125 0.0109375 0.0109375
0 0.821875 0.3546875 0.0125 0.0125
0 0.715625 0.32578125 0.0140625 0.0140625
0 0.6984375 0.40703125 0.0109375 0.0109375
0 0.73359375 0.5359375 0.0125 0.0125
0 0.5546875 0.4640625 0.0125 0.0125
0 0.4171875 0.4421875 0.0171875 0.0171875
0 0.75 0.3453125 0.0109375 0.0109375
0 0.66796875 0.31796875 0.0109375 0.0109375
0 0.2515625 0.36171875 0.0125 0.0125
0 0.0859375 0.46953125 0.0125 0.0125
0 0.04140625 0.475 0.0125 0.0125
0 0.1703125 0.7125 0.0140625 0.0140625
0 0.2109375 0.675 0.009375 0.009375
0 0.30390625 0.71953125 0.0125 0.0125
0 0.4796875 0.8875 0.0109375 0.0109375
0 0.24765625 0.95 0.0125 0.0125
0 0.825 0.91484375 0.0125 0.0125
0 0.52578125 0.96484375 0.0125 0.0125
0 0.91953125 0.74375 0.0125 0.0125
0 0.103125 0.63359375 0.0125 0.0125
0 0.72734375 0.021875 0.01875 0.01875
0 0.70859375 0.1421875 0.0203125 0.0203125
0 0.7140625 0.15703125 0.015625 0.015625
0 0.7125 0.3921875 0.034375 0.034375
0 0.8625 0.11875 0.0234375 0.0234375