0 0.62421875 0.64765625 0.0171875 0.0171875
0 0.840625 0.815625 0.3125 0.3140625
0 0.95234375 0.790625 0.015625 0.015625
0 0.3609375 0.84453125 0.046875 0.046875
0 0.309375 0.87421875 0.015625 0.015625
0 0.27734375 0.790625 0.0765625 0.078125
0 0.05625 0.89140625 0.1 0.1
0 0.17265625 0.478125 0.0203125 0.0203125
0 0.4515625 0.459375 0.025 0.025
0 0.0765625 0.19609375 0.153125 0.2109375
0 0.37578125 0.15234375 0.4453125 0.3046875
0 0.45390625 0.67734375 0.0140625 0.0140625
0 0.02421875 0.55625 0.021875 0.021875
0 0.1578125 0.53515625 0.015625 0.015625
0 0.25625 0.475 0.021875 0.021875
0 0.3484375 0.51484375 0.015625 0.015625
0 0.38515625 0.65 0.025 0.025
0 0.18671875 0.59140625 0.015625 0.015625
0 0.23359375 0.42265625 0.015625 0.015625
0 0.24609375 0.44140625 0.015625 0.015625
0 0.28359375 0.9078125 0.0171875 0.0171875
0 0.21875 0.51171875 0.0109375 0.0109375
0 0.2015625 0.6046875 0.015625 0.015625
0 0.3625 0.5375 0.009375 0.009375
0 0.4234375 0.6484375 0.0109375 0.0109375
0 0.334375 0.2890625 0.0109375 0.0109375
0 0.425 0.29609375 0.0234375 0.0234375
0 0.1890625 0.27265625 0.0109375 0.0109375
0 0.24140625 0.18359375 0.01875 0.01875
0 0.284375 0.44140625 0.009375 0.009375
0 0.20390625 0.4328125 0.0125 0.0140625
0 0.63984375 0.2875 0.009375 0.009375
0 0.6125 0.42265625 0.0125 0.0125
0 0.6609375 0.42578125 0.0109375 0.0109375
0 0.790625 0.5125 0.0140625 0.0140625
0 0.45390625 0.48671875 0.0140625 0.0140625
0 0.903125 0.28671875 0.009375 0.009375
0 0.32109375 0.1953125 0.0203125 0.0203125
0 0.37265625 0.16171875 0.0171875 0.0171875
0 0.38984375 0.1515625 0.015625 0.015625
0 0.2328125 0.47109375 0.0140625 0.0140625
0 0.28203125 0.4859375 0.01875 0.01875
0 0.2984375 0.47109375 0.0125 0.0125
0 0.21171875 0.4640625 0.0125 0.0125
0 0.19296875 0.47578125 0.0171875 0.0171875
0 0.22109375 0.48359375 0.0125 0.0125
0 0.32421875 0.575 0.0125 0.0125
0 0.31328125 0.63984375 0.015625 0.015625
0 0.11015625 0.5578125 0.0125 0.0125
0 0.1640625 0.5125 0.0125 0.0125
0 0.1515625 0.51171875 0.0140625 0.0140625
0 0.26484375 0.75390625 0.0125 0.0125
0 0.290625 0.85234375 0.015625 0.015625