0 0.85078125 0.93828125 0.01875 0.0203125
0 0.9515625 0.39296875 0.021875 0.0234375
0 0.690625 0.3140625 0.0203125 0.021875
0 0.76953125 0.321875 0.4609375 0.64375
0 0.42734375 0.24375 0.0296875 0.03125
0 0.32578125 0.21015625 0.0359375 0.0375
0 0.36796875 0.5296875 0.025 0.0265625
0 0.08828125 0.57734375 0.01875 0.01875
0 0.20859375 0.51875 0.15625 0.1609375
0 0.5171875 0.7328125 0.0234375 0.025
0 0.265625 0.7359375 0.015625 0.0171875
0 0.34609375 0.8515625 0.0171875 0.01875
0 0.3765625 0.95390625 0.1453125 0.0921875
0 0.48359375 0.978125 0.0125 0.0125
0 0.5140625 0.3015625 0.0171875 0.01875
0 0.3953125 0.1953125 0.015625 0.015625
0 0.49375 0.06171875 0.015625 0.015625
0 0.82890625 0.71796875 0.0109375 0.0109375
0 0.8484375 0.80703125 0.0109375 0.0109375
0 0.8125 0.68046875 0.015625 0.015625
0 0.8859375 0.975 0.0140625 0.0140625
0 0.0796875 0.38828125 0.0109375 0.0125
0 0.78984375 0.12421875 0.0140625 0.0140625
0 0.86328125 0.05546875 0.0140625 0.015625
0 0.99453125 0.46953125 0.0109375 0.0140625
0 0.0921875 0.8625 0.009375 0.009375
0 0.0640625 0.565625 0.0125 0.0125
0 0.2375 0.59609375 0.015625 0.015625
0 0.228125 0.25625 0.0125 0.0125
0 0.3640625 0.0171875 0.0109375 0.0109375
0 0.36640625 0.15 0.0109375 0.0125
0 0.6328125 0.3296875 0.015625 0.015625
0 0.53046875 0.6 0.015625 0.015625
0 0.50078125 0.9359375 0.009375 0.0109375
0 0.7859375 0.88828125 0.009375 0.009375
0 0.78125 0.6921875 0.0125 0.0125
0 0.92734375 0.82890625 0.0109375 0.0109375
0 0.840625 0.34296875 0.0109375 0.0109375
0 0.76953125 0.3609375 0.0109375 0.0125
0 0.70234375 0.15546875 0.009375 0.009375
0 0.93359375 0.0359375 0.009375 0.0109375
0 0.321875 0.121875 0.015625 0.015625