0 0.04765625 0.909375 0.0953125 0.125
0 0.2078125 0.72265625 0.1046875 0.109375
0 0.4296875 0.0484375 0.03125 0.0328125
0 0.27265625 0.05234375 0.075 0.078125
0 0.28203125 0.540625 0.034375 0.0359375
0 0.1328125 0.43359375 0.265625 0.2921875
0 0.421875 0.81953125 0.5625 0.3609375
0 0.6890625 0.58515625 0.04375 0.0453125
0 0.70234375 0.4359375 0.021875 0.0234375
0 0.74140625 0.6171875 0.0234375 0.025
0 0.609375 0.55 0.103125 0.109375
0 0.97578125 0.45390625 0.0234375 0.025
0 0.7546875 0.7625 0.490625 0.475
0 0.6671875 0.2359375 0.015625 0.015625
0 0.7984375 0.33046875 0.0109375 0.0109375
0 0.91875 0.87890625 0.015625 0.015625
0 0.5375 0.9203125 0.0140625 0.0140625
0 0.65234375 0.8953125 0.015625 0.0171875
0 0.22734375 0.65234375 0.0125 0.0140625
0 0.16484375 0.253125 0.0125 0.0140625
0 0.23046875 0.36484375 0.0109375 0.0109375
0 0.371875 0.33984375 0.0140625 0.0140625
0 0.64296875 0.303125 0.0140625 0.015625
0 0.29140625 0.16953125 0.01875 0.0203125
0 0.040625 0.153125 0.015625 0.015625
0 0.8671875 0.12421875 0.0125 0.0125
0 0.95703125 0.57421875 0.015625 0.015625
0 0.9953125 0.63203125 0.009375 0.0140625
0 0.90546875 0.50703125 0.0125 0.0125
0 0.82109375 0.61796875 0.0125 0.0140625
0 0.8625 0.40546875 0.0109375 0.0125
0 0.9046875 0.29765625 0.009375 0.0109375
0 0.56171875 0.8703125 0.0125 0.0125
0 0.7734375 0.87265625 0.009375 0.0109375
0 0.76015625 0.69375 0.0109375 0.0109375
0 0.53984375 0.35546875 0.0125 0.0125
0 0.565625 0.52109375 0.0109375 0.0109375
0 0.37265625 0.60859375 0.0125 0.0140625
0 0.815625 0.2453125 0.009375 0.0109375
0 0.55390625 0.32109375 0.009375 0.0109375
0 0.478125 0.3375 0.0375 0.0390625
0 0.6921875 0.02109375 0.015625 0.015625
0 0.1828125 0.125 0.009375 0.0109375