0 0.090625 0.95234375 0.12578125 0.0953125
0 0.27734375 0.7921875 0.11015625 0.1046875
0 0.9515625 0.5703125 0.0328125 0.03203125
0 0.94765625 0.72734375 0.07890625 0.07421875
0 0.459375 0.71796875 0.0359375 0.034375
0 0.56640625 0.8671875 0.2921875 0.265625
0 0.18046875 0.578125 0.3609375 0.5625
0 0.41484375 0.3109375 0.0453125 0.04296875
0 0.5640625 0.29765625 0.0234375 0.02265625
0 0.3828125 0.25859375 0.02421875 0.0234375
0 0.45 0.390625 0.10859375 0.10234375
0 0.54609375 0.02421875 0.02421875 0.0234375
0 0.2375 0.2453125 0.475 0.490625
0 0.7640625 0.3328125 0.01640625 0.015625
0 0.66953125 0.2015625 0.0109375 0.0109375
0 0.12109375 0.08125 0.01640625 0.01640625
0 0.0796875 0.4625 0.0140625 0.0140625
0 0.1046875 0.34765625 0.01640625 0.015625
0 0.34765625 0.77265625 0.0140625 0.0125
0 0.746875 0.83515625 0.0140625 0.0125
0 0.63515625 0.76953125 0.0109375 0.0109375
0 0.66015625 0.628125 0.0140625 0.0140625
0 0.696875 0.35703125 0.01484375 0.0140625
0 0.83046875 0.70859375 0.0203125 0.01953125
0 0.846875 0.959375 0.015625 0.01484375
0 0.87578125 0.1328125 0.0125 0.01171875
0 0.42578125 0.04296875 0.015625 0.01484375
0 0.36796875 0.0046875 0.0140625 0.00859375
0 0.49296875 0.09453125 0.0125 0.01171875
0 0.38203125 0.17890625 0.0140625 0.0125
0 0.59453125 0.1375 0.01171875 0.0109375
0 0.70234375 0.0953125 0.0109375 0.009375
0 0.1296875 0.43828125 0.01171875 0.01171875
0 0.12734375 0.2265625 0.0109375 0.009375
0 0.30625 0.23984375 0.0109375 0.0109375
0 0.64453125 0.46015625 0.01171875 0.01171875
0 0.47890625 0.434375 0.0109375 0.0109375
0 0.39140625 0.62734375 0.0140625 0.0125
0 0.7546875 0.184375 0.0109375 0.009375
0 0.67890625 0.44609375 0.0109375 0.009375
0 0.6625 0.521875 0.0390625 0.0375
0 0.97890625 0.3078125 0.01640625 0.015625
0 0.875 0.8171875 0.0109375 0.009375