0 0.184375 0.95390625 0.021875 0.0234375
0 0.04609375 0.465625 0.03125 0.0328125
0 0.06171875 0.38671875 0.0265625 0.028125
0 0.16640625 0.5125 0.3328125 0.5625
0 0.48125 0.4609375 0.0921875 0.096875
0 0.36171875 0.2453125 0.13125 0.1390625
0 0.4734375 0.265625 0.721875 0.53125
0 0.9921875 0.55390625 0.015625 0.0265625
0 0.74765625 0.9734375 0.0125 0.0125
0 0.73359375 0.75546875 0.015625 0.0171875
0 0.884375 0.3546875 0.0171875 0.01875
0 0.59296875 0.31171875 0.01875 0.01875
0 0.58671875 0.21171875 0.015625 0.0171875
0 0.8953125 0.22734375 0.015625 0.01875
0 0.71328125 0.12890625 0.015625 0.0171875
0 0.35 0.07109375 0.015625 0.015625
0 0.38984375 0.3609375 0.0125 0.0140625
0 0.290625 0.4578125 0.0140625 0.0140625
0 0.328125 0.77109375 0.0140625 0.015625
0 0.11484375 0.78984375 0.01875 0.0203125
0 0.48125 0.103125 0.0140625 0.015625
0 0.7390625 0.5265625 0.0125 0.0125
0 0.88984375 0.78203125 0.0125 0.0125
0 0.6921875 0.70859375 0.015625 0.015625
0 0.29765625 0.1 0.009375 0.0109375