0 0.2328125 0.83515625 0.01953125 0.01953125
0 0.396875 0.89765625 0.04296875 0.0421875
0 0.74921875 0.359375 0.03046875 0.03046875
0 0.915625 0.37734375 0.0171875 0.0171875
0 0.89765625 0.6484375 0.01640625 0.01640625
0 0.56875 0.496875 0.01875 0.01875
0 0.475 0.38125 0.01640625 0.01640625
0 0.48359375 0.4671875 0.01484375 0.01484375
0 0.3328125 0.2640625 0.015625 0.015625
0 0.15859375 0.73203125 0.01640625 0.01640625
0 0.76484375 0.165625 0.0328125 0.03203125
0 0.73203125 0.0546875 0.040625 0.03984375
0 0.1625 0.046875 0.08671875 0.0859375
0 0.1328125 0.015625 0.0453125 0.03125
0 0.559375 0.4734375 0.0140625 0.0140625
0 0.32109375 0.60234375 0.01484375 0.01484375
0 0.05078125 0.63125 0.01171875 0.01171875
0 0.07734375 0.525 0.01171875 0.0109375
0 0.39921875 0.390625 0.0109375 0.0109375
0 0.325 0.975 0.0109375 0.0109375
0 0.08984375 0.9875 0.009375 0.00625
0 0.7640625 0.92890625 0.01171875 0.01171875
0 0.0140625 0.00625 0.0109375 0.0109375
0 0.053125 0.21953125 0.0140625 0.0140625
0 0.10546875 0.95390625 0.0140625 0.0140625
0 0.59765625 0.7 0.01640625 0.015625
0 0.63671875 0.675 0.0125 0.0125
0 0.58359375 0.7484375 0.0140625 0.0140625
0 0.42734375 0.6578125 0.0109375 0.0109375
0 0.68515625 0.3671875 0.01484375 0.01484375
0 0.5796875 0.35546875 0.01171875 0.0109375
0 0.628125 0.4953125 0.0125 0.0125
0 0.6234375 0.9515625 0.01171875 0.01171875
0 0.57890625 0.934375 0.0125 0.0125
0 0.71171875 0.05859375 0.0203125 0.0203125
0 0.584375 0.40546875 0.0109375 0.0109375
0 0.18984375 0.29375 0.0109375 0.009375
0 0.1359375 0.5796875 0.009375 0.009375
0 0.71796875 0.7703125 0.009375 0.009375