0 0.83515625 0.7671875 0.01875 0.01875
0 0.89765625 0.603125 0.0421875 0.0421875
0 0.359375 0.25078125 0.03125 0.03125
0 0.37734375 0.084375 0.0171875 0.0171875
0 0.6484375 0.10234375 0.015625 0.015625
0 0.496875 0.43125 0.01875 0.01875
0 0.38125 0.525 0.015625 0.015625
0 0.4671875 0.51640625 0.015625 0.015625
0 0.2640625 0.6671875 0.015625 0.015625
0 0.73203125 0.84140625 0.015625 0.015625
0 0.165625 0.23515625 0.03125 0.0328125
0 0.0546875 0.26796875 0.040625 0.040625
0 0.046875 0.8375 0.0859375 0.0859375
0 0.015625 0.8671875 0.03125 0.0453125
0 0.4734375 0.440625 0.0140625 0.0140625
0 0.60234375 0.67890625 0.015625 0.015625
0 0.63125 0.94921875 0.0125 0.0125
0 0.525 0.92265625 0.0109375 0.0125
0 0.390625 0.60078125 0.0109375 0.0109375
0 0.975 0.675 0.0109375 0.0109375
0 0.9875 0.91015625 0.00625 0.009375
0 0.92890625 0.2359375 0.0125 0.0125
0 0.00625 0.9859375 0.0109375 0.0109375
0 0.21953125 0.946875 0.0140625 0.0140625
0 0.95390625 0.89453125 0.0140625 0.0140625
0 0.7 0.40234375 0.015625 0.015625
0 0.675 0.36328125 0.0125 0.0125
0 0.7484375 0.41640625 0.0140625 0.0140625
0 0.6578125 0.57265625 0.0109375 0.0109375
0 0.3671875 0.31484375 0.015625 0.015625
0 0.35546875 0.4203125 0.0109375 0.0125
0 0.4953125 0.371875 0.0125 0.0125
0 0.9515625 0.3765625 0.0125 0.0125
0 0.934375 0.42109375 0.0125 0.0125
0 0.05859375 0.28828125 0.0203125 0.0203125
0 0.40546875 0.415625 0.0109375 0.0109375
0 0.29375 0.81015625 0.009375 0.0109375
0 0.5796875 0.8640625 0.009375 0.009375
0 0.7703125 0.28203125 0.009375 0.009375