0 0.04609375 0.184375 0.0234375 0.021875
0 0.534375 0.04609375 0.0328125 0.03125
0 0.61328125 0.06171875 0.028125 0.0265625
0 0.4875 0.16640625 0.5625 0.3328125
0 0.5390625 0.48125 0.096875 0.0921875
0 0.7546875 0.36171875 0.1390625 0.13125
0 0.734375 0.4734375 0.53125 0.721875
0 0.44609375 0.9921875 0.0265625 0.015625
0 0.0265625 0.74765625 0.0125 0.0125
0 0.24453125 0.73359375 0.0171875 0.015625
0 0.6453125 0.884375 0.01875 0.0171875
0 0.68828125 0.59296875 0.01875 0.01875
0 0.78828125 0.58671875 0.0171875 0.015625
0 0.77265625 0.8953125 0.01875 0.015625
0 0.87109375 0.71328125 0.0171875 0.015625
0 0.92890625 0.35 0.015625 0.015625
0 0.6390625 0.38984375 0.0140625 0.0125
0 0.5421875 0.290625 0.0140625 0.0140625
0 0.22890625 0.328125 0.015625 0.0140625
0 0.21015625 0.11484375 0.0203125 0.01875
0 0.896875 0.48125 0.015625 0.0140625
0 0.4734375 0.7390625 0.0125 0.0125
0 0.21796875 0.88984375 0.0125 0.0125
0 0.29140625 0.6921875 0.015625 0.015625
0 0.9 0.29765625 0.0109375 0.009375