0 0.35234375 0.62421875 0.0171875 0.0171875
0 0.184375 0.840625 0.31328125 0.31171875
0 0.209375 0.95234375 0.01484375 0.01484375
0 0.15546875 0.3609375 0.04609375 0.04609375
0 0.12578125 0.309375 0.015625 0.015625
0 0.209375 0.27734375 0.07734375 0.0765625
0 0.10859375 0.05625 0.1 0.1
0 0.521875 0.17265625 0.0203125 0.0203125
0 0.540625 0.4515625 0.025 0.025
0 0.80390625 0.0765625 0.2109375 0.153125
0 0.84765625 0.37578125 0.3046875 0.4453125
0 0.32265625 0.45390625 0.0140625 0.0140625
0 0.44375 0.02421875 0.021875 0.021875
0 0.46484375 0.1578125 0.01640625 0.01640625
0 0.525 0.25625 0.021875 0.021875
0 0.48515625 0.3484375 0.015625 0.015625
0 0.35 0.38515625 0.025 0.025
0 0.40859375 0.18671875 0.01484375 0.01484375
0 0.57734375 0.23359375 0.015625 0.015625
0 0.55859375 0.24609375 0.015625 0.015625
0 0.0921875 0.28359375 0.0171875 0.0171875
0 0.48828125 0.21875 0.0109375 0.0109375
0 0.3953125 0.2015625 0.01640625 0.01640625
0 0.4625 0.3625 0.009375 0.009375
0 0.3515625 0.4234375 0.0109375 0.0109375
0 0.7109375 0.334375 0.0109375 0.0109375
0 0.70390625 0.425 0.0234375 0.0234375
0 0.72734375 0.1890625 0.0109375 0.0109375
0 0.81640625 0.24140625 0.01875 0.01875
0 0.55859375 0.284375 0.009375 0.009375
0 0.5671875 0.20390625 0.0140625 0.0125
0 0.7125 0.63984375 0.009375 0.009375
0 0.57734375 0.6125 0.01171875 0.01171875
0 0.57421875 0.6609375 0.0109375 0.0109375
0 0.4875 0.790625 0.0140625 0.0140625
0 0.51328125 0.45390625 0.0140625 0.0140625
0 0.71328125 0.903125 0.009375 0.009375
0 0.8046875 0.32109375 0.0203125 0.0203125
0 0.83828125 0.37265625 0.0171875 0.0171875
0 0.8484375 0.38984375 0.015625 0.015625
0 0.52890625 0.2328125 0.0140625 0.0140625
0 0.5140625 0.28203125 0.01875 0.01875
0 0.52890625 0.2984375 0.0125 0.0125
0 0.5359375 0.21171875 0.0125 0.0125
0 0.52421875 0.19296875 0.0171875 0.0171875
0 0.51640625 0.22109375 0.0125 0.0125
0 0.425 0.32421875 0.01171875 0.01171875
0 0.36015625 0.31328125 0.01484375 0.01484375
0 0.4421875 0.11015625 0.0125 0.0125
0 0.4875 0.1640625 0.0125 0.0125
0 0.48828125 0.1515625 0.0140625 0.0140625
0 0.24609375 0.26484375 0.01171875 0.01171875
0 0.14765625 0.290625 0.015625 0.015625