0 0.37578125 0.35234375 0.0171875 0.0171875
0 0.159375 0.184375 0.3125 0.3125
0 0.04765625 0.209375 0.015625 0.015625
0 0.6390625 0.15546875 0.046875 0.046875
0 0.690625 0.12578125 0.015625 0.015625
0 0.72265625 0.209375 0.0765625 0.078125
0 0.94375 0.10859375 0.1 0.1
0 0.82734375 0.521875 0.0203125 0.0203125
0 0.5484375 0.540625 0.025 0.025
0 0.9234375 0.80390625 0.153125 0.2109375
0 0.62421875 0.84765625 0.4453125 0.3046875
0 0.54609375 0.32265625 0.0140625 0.0140625
0 0.97578125 0.44375 0.021875 0.021875
0 0.8421875 0.46484375 0.015625 0.015625
0 0.74375 0.525 0.021875 0.021875
0 0.6515625 0.48515625 0.015625 0.015625
0 0.61484375 0.35 0.025 0.025
0 0.81328125 0.40859375 0.015625 0.015625
0 0.76640625 0.57734375 0.015625 0.015625
0 0.75390625 0.55859375 0.015625 0.015625
0 0.71640625 0.0921875 0.0171875 0.0171875
0 0.78125 0.48828125 0.0109375 0.0109375
0 0.7984375 0.3953125 0.015625 0.015625
0 0.6375 0.4625 0.009375 0.009375
0 0.5765625 0.3515625 0.0109375 0.0109375
0 0.665625 0.7109375 0.0109375 0.0109375
0 0.575 0.70390625 0.0234375 0.0234375
0 0.8109375 0.72734375 0.0109375 0.0109375
0 0.75859375 0.81640625 0.01875 0.01875
0 0.715625 0.55859375 0.009375 0.009375
0 0.79609375 0.5671875 0.0125 0.0140625
0 0.36015625 0.7125 0.009375 0.009375
0 0.3875 0.57734375 0.0125 0.0125
0 0.3390625 0.57421875 0.0109375 0.0109375
0 0.209375 0.4875 0.0140625 0.0140625
0 0.54609375 0.51328125 0.0140625 0.0140625
0 0.096875 0.71328125 0.009375 0.009375
0 0.67890625 0.8046875 0.0203125 0.0203125
0 0.62734375 0.83828125 0.0171875 0.0171875
0 0.61015625 0.8484375 0.015625 0.015625
0 0.7671875 0.52890625 0.0140625 0.0140625
0 0.71796875 0.5140625 0.01875 0.01875
0 0.7015625 0.52890625 0.0125 0.0125
0 0.78828125 0.5359375 0.0125 0.0125
0 0.80703125 0.52421875 0.0171875 0.0171875
0 0.77890625 0.51640625 0.0125 0.0125
0 0.67578125 0.425 0.0125 0.0125
0 0.68671875 0.36015625 0.015625 0.015625
0 0.88984375 0.4421875 0.0125 0.0125
0 0.8359375 0.4875 0.0125 0.0125
0 0.8484375 0.48828125 0.0140625 0.0140625
0 0.73515625 0.24609375 0.0125 0.0125
0 0.709375 0.14765625 0.015625 0.015625