0 0.95390625 0.815625 0.0234375 0.021875
0 0.465625 0.95390625 0.0328125 0.03125
0 0.38671875 0.93828125 0.028125 0.0265625
0 0.5125 0.83359375 0.5625 0.3328125
0 0.4609375 0.51875 0.09765625 0.0921875
0 0.2453125 0.63828125 0.1390625 0.13125
0 0.265625 0.5265625 0.53125 0.72265625
0 0.55390625 0.0078125 0.0265625 0.015625
0 0.9734375 0.25234375 0.0125 0.0125
0 0.75546875 0.26640625 0.0171875 0.01640625
0 0.3546875 0.115625 0.01875 0.0171875
0 0.31171875 0.40703125 0.01953125 0.01875
0 0.21171875 0.41328125 0.0171875 0.01640625
0 0.22734375 0.1046875 0.01875 0.01640625
0 0.12890625 0.28671875 0.0171875 0.01640625
0 0.07109375 0.65 0.01640625 0.015625
0 0.3609375 0.61015625 0.0140625 0.0125
0 0.4578125 0.709375 0.0140625 0.0140625
0 0.77109375 0.671875 0.01484375 0.0140625
0 0.78984375 0.88515625 0.0203125 0.01875
0 0.103125 0.51875 0.01484375 0.0140625
0 0.5265625 0.2609375 0.01171875 0.01171875
0 0.78203125 0.11015625 0.01171875 0.01171875
0 0.70859375 0.3078125 0.015625 0.01484375
0 0.1 0.70234375 0.0109375 0.009375