0 0.16484375 0.2328125 0.01875 0.01875
0 0.10234375 0.396875 0.0421875 0.04375
0 0.640625 0.74921875 0.03125 0.03125
0 0.62265625 0.915625 0.0171875 0.0171875
0 0.3515625 0.89765625 0.015625 0.0171875
0 0.503125 0.56875 0.01875 0.01875
0 0.61875 0.475 0.015625 0.015625
0 0.5328125 0.48359375 0.015625 0.015625
0 0.7359375 0.3328125 0.015625 0.015625
0 0.26796875 0.15859375 0.015625 0.015625
0 0.834375 0.76484375 0.03125 0.0328125
0 0.9453125 0.73203125 0.040625 0.040625
0 0.953125 0.1625 0.0859375 0.0875
0 0.984375 0.1328125 0.03125 0.0453125
0 0.5265625 0.559375 0.0140625 0.0140625
0 0.39765625 0.32109375 0.015625 0.015625
0 0.36875 0.05078125 0.0125 0.0125
0 0.475 0.07734375 0.0109375 0.0125
0 0.609375 0.39921875 0.0109375 0.0109375
0 0.025 0.325 0.0109375 0.0109375
0 0.0125 0.08984375 0.00625 0.009375
0 0.07109375 0.7640625 0.0125 0.0125
0 0.99375 0.0140625 0.0109375 0.0109375
0 0.78046875 0.053125 0.0140625 0.0140625
0 0.04609375 0.10546875 0.0140625 0.0140625
0 0.3 0.59765625 0.015625 0.015625
0 0.325 0.63671875 0.0125 0.0125
0 0.2515625 0.58359375 0.0140625 0.0140625
0 0.3421875 0.42734375 0.0109375 0.0109375
0 0.6328125 0.68515625 0.015625 0.015625
0 0.64453125 0.5796875 0.0109375 0.0125
0 0.5046875 0.628125 0.0125 0.0125
0 0.0484375 0.6234375 0.0125 0.0125
0 0.065625 0.57890625 0.0125 0.0125
0 0.94140625 0.71171875 0.0203125 0.0203125
0 0.59453125 0.584375 0.0109375 0.0109375
0 0.70625 0.18984375 0.009375 0.0109375
0 0.4203125 0.1359375 0.009375 0.009375
0 0.2296875 0.71796875 0.009375 0.009375