0 0.871875 0.4796875 0.03125 0.03125
0 0.77421875 0.3796875 0.028125 0.028125
0 0.75078125 0.30234375 0.046875 0.046875
0 0.85859375 0.23671875 0.078125 0.0796875
0 0.4046875 0.2671875 0.01875 0.01875
0 0.58046875 0.1359375 0.0328125 0.0328125
0 0.63125 0.11953125 0.359375 0.2390625
0 0.42890625 0.5921875 0.1875 0.190625
0 0.40703125 0.9125 0.084375 0.084375
0 0.30390625 0.91015625 0.04375 0.04375
0 0.54375 0.67578125 0.2640625 0.265625
0 0.315625 0.03515625 0.065625 0.0671875
0 0.11171875 0.18828125 0.0484375 0.0484375
0 0.25859375 0.51171875 0.0484375 0.0484375
0 0.19921875 0.65234375 0.01875 0.01875
0 0.1625 0.6125 0.0171875 0.0171875
0 0.00703125 0.55234375 0.0140625 0.025
0 0.06171875 0.0921875 0.1234375 0.184375
0 0.0265625 0.29609375 0.01875 0.01875
0 0.6984375 0.89140625 0.0125 0.0140625
0 0.73515625 0.675 0.015625 0.015625
0 0.2984375 0.2515625 0.01875 0.01875
0 0.88046875 0.05546875 0.021875 0.021875
0 0.43125 0.17109375 0.015625 0.015625
0 0.2609375 0.20625 0.015625 0.015625
0 0.0296875 0.9390625 0.0125 0.0125
0 0.0671875 0.978125 0.0109375 0.0109375
0 0.24140625 0.8203125 0.0140625 0.0140625
0 0.18671875 0.7359375 0.0109375 0.0125
0 0.25625 0.70078125 0.015625 0.015625
0 0.0640625 0.44375 0.015625 0.015625
0 0.11328125 0.5296875 0.0171875 0.01875
0 0.2140625 0.51171875 0.015625 0.015625
0 0.23359375 0.509375 0.0140625 0.0140625
0 0.1890625 0.26640625 0.0125 0.0125
0 0.1828125 0.1484375 0.01875 0.01875
0 0.27578125 0.271875 0.0125 0.0125
0 0.3078125 0.24609375 0.0109375 0.0109375
0 0.3546875 0.178125 0.0125 0.0125
0 0.32578125 0.284375 0.0140625 0.0140625
0 0.40703125 0.3015625 0.0109375 0.0109375
0 0.5359375 0.26640625 0.0125 0.0125
0 0.4640625 0.4453125 0.0125 0.0125
0 0.4421875 0.5828125 0.0171875 0.0171875
0 0.3453125 0.25 0.0109375 0.0109375
0 0.31796875 0.33203125 0.0109375 0.0109375
0 0.36171875 0.7484375 0.0125 0.0125
0 0.46953125 0.9140625 0.0125 0.0125
0 0.475 0.95859375 0.0125 0.0125
0 0.7125 0.8296875 0.0140625 0.0140625
0 0.675 0.7890625 0.009375 0.009375
0 0.71953125 0.69609375 0.0125 0.0125
0 0.8875 0.5203125 0.0109375 0.0109375
0 0.95 0.75234375 0.0125 0.0125
0 0.91484375 0.175 0.0125 0.0125
0 0.96484375 0.47421875 0.0125 0.0125
0 0.74375 0.08046875 0.0125 0.0125
0 0.63359375 0.896875 0.0125 0.0125
0 0.021875 0.27265625 0.01875 0.01875
0 0.1421875 0.29140625 0.0203125 0.0203125
0 0.15703125 0.2859375 0.015625 0.015625
0 0.3921875 0.2875 0.034375 0.034375
0 0.11875 0.1375 0.0234375 0.0234375