0 0.9546875 0.67265625 0.021875 0.021875
0 0.87265625 0.684375 0.01875 0.01875
0 0.11875 0.8625 0.2375 0.275
0 0.346875 0.62578125 0.1671875 0.165625
0 0.12890625 0.6125 0.025 0.02421875
0 0.271875 0.5078125 0.0359375 0.0359375
0 0.5109375 0.5671875 0.03046875 0.03046875
0 0.91875 0.46484375 0.02734375 0.02734375
0 0.87578125 0.315625 0.01875 0.01875
0 0.60625 0.2546875 0.0203125 0.01953125
0 0.3625 0.321875 0.021875 0.021875
0 0.9046875 0.028125 0.1046875 0.05546875
0 0.86328125 0.1625 0.009375 0.009375
0 0.8625 0.23359375 0.0109375 0.0109375
0 0.65703125 0.2484375 0.0125 0.0125
0 0.31953125 0.43203125 0.01640625 0.01640625
0 0.6984375 0.61328125 0.01484375 0.01484375
0 0.7703125 0.60234375 0.0109375 0.0109375
0 0.60859375 0.578125 0.01171875 0.01171875
0 0.84296875 0.5515625 0.2140625 0.2140625
0 0.79765625 0.39453125 0.0109375 0.0109375
0 0.97265625 0.3625 0.0140625 0.0140625
0 0.81484375 0.3953125 0.0109375 0.0109375
0 0.9703125 0.1359375 0.01953125 0.01953125
0 0.43125 0.25546875 0.009375 0.009375
0 0.55625 0.4578125 0.01171875 0.01171875
0 0.00078125 0.06875 0.00078125 0.0109375
0 0.1078125 0.06171875 0.01953125 0.01953125
0 0.2078125 0.05546875 0.015625 0.015625
0 0.1 0.003125 0.009375 0.00625
0 0.975 0.7875 0.01171875 0.01171875
0 0.909375 0.85703125 0.0109375 0.0109375
0 0.67734375 0.05546875 0.0140625 0.0140625
0 0.5453125 0.328125 0.0125 0.0125
0 0.253125 0.1375 0.01484375 0.01484375
0 0.53046875 0.49765625 0.0203125 0.0203125
0 0.66015625 0.43125 0.01171875 0.01171875
0 0.80625 0.4234375 0.01875 0.01875