0 0.14921875 0.93828125 0.01875 0.0203125
0 0.0484375 0.39296875 0.021875 0.0234375
0 0.309375 0.3140625 0.0203125 0.021875
0 0.23046875 0.321875 0.4609375 0.64375
0 0.57265625 0.24375 0.0296875 0.03125
0 0.67421875 0.21015625 0.0359375 0.0375
0 0.63203125 0.5296875 0.025 0.0265625
0 0.91171875 0.57734375 0.01875 0.01875
0 0.79140625 0.51875 0.15625 0.1609375
0 0.4828125 0.7328125 0.0234375 0.025
0 0.734375 0.7359375 0.015625 0.0171875
0 0.65390625 0.8515625 0.0171875 0.01875
0 0.6234375 0.95390625 0.1453125 0.0921875
0 0.51640625 0.978125 0.0125 0.0125
0 0.4859375 0.3015625 0.0171875 0.01875
0 0.6046875 0.1953125 0.015625 0.015625
0 0.50625 0.06171875 0.015625 0.015625
0 0.17109375 0.71796875 0.0109375 0.0109375
0 0.1515625 0.80703125 0.0109375 0.0109375
0 0.1875 0.68046875 0.015625 0.015625
0 0.1140625 0.975 0.0140625 0.0140625
0 0.9203125 0.38828125 0.0109375 0.0125
0 0.21015625 0.12421875 0.0140625 0.0140625
0 0.13671875 0.05546875 0.0140625 0.015625
0 0.00546875 0.46953125 0.0109375 0.0140625
0 0.9078125 0.8625 0.009375 0.009375
0 0.9359375 0.565625 0.0125 0.0125
0 0.7625 0.59609375 0.015625 0.015625
0 0.771875 0.25625 0.0125 0.0125
0 0.6359375 0.0171875 0.0109375 0.0109375
0 0.63359375 0.15 0.0109375 0.0125
0 0.3671875 0.3296875 0.015625 0.015625
0 0.46953125 0.6 0.015625 0.015625
0 0.49921875 0.9359375 0.009375 0.0109375
0 0.2140625 0.88828125 0.009375 0.009375
0 0.21875 0.6921875 0.0125 0.0125
0 0.07265625 0.82890625 0.0109375 0.0109375
0 0.159375 0.34296875 0.0109375 0.0109375
0 0.23046875 0.3609375 0.0109375 0.0125
0 0.29765625 0.15546875 0.009375 0.009375
0 0.06640625 0.0359375 0.009375 0.0109375
0 0.678125 0.121875 0.015625 0.015625