0 0.865625 0.93125 0.221875 0.1375
0 0.5015625 0.31640625 0.0125 0.015625
0 0.41875 0.3375 0.015625 0.015625
0 0.44375 0.24375 0.0296875 0.0328125
0 0.2046875 0.065625 0.028125 0.03125
0 0.034375 0.2265625 0.0359375 0.040625
0 0.10234375 0.26015625 0.040625 0.04375
0 0.1015625 0.3171875 0.0265625 0.0296875
0 0.1015625 0.684375 0.0328125 0.0375
0 0.0125 0.7765625 0.025 0.028125
0 0.07265625 0.72109375 0.021875 0.025
0 0.25703125 0.63046875 0.15625 0.175
0 0.3078125 0.93046875 0.13125 0.1390625
0 0.22265625 0.99375 0.015625 0.0125
0 0.4265625 0.21953125 0.0125 0.0125
0 0.3609375 0.1234375 0.0109375 0.0125
0 0.47734375 0.64453125 0.0125 0.0140625
0 0.55234375 0.7625 0.015625 0.015625
0 0.8921875 0.62578125 0.01875 0.0203125
0 0.06875 0.48359375 0.0109375 0.0125
0 0.02265625 0.41328125 0.009375 0.0109375
0 0.3328125 0.190625 0.0109375 0.0125
0 0.11953125 0.0828125 0.0109375 0.0125
0 0.9625 0.59609375 0.0125 0.0140625
0 0.8265625 0.53671875 0.0125 0.0140625
0 0.7328125 0.4671875 0.0125 0.0140625
0 0.7578125 0.68046875 0.0125 0.015625
0 0.409375 0.628125 0.0125 0.0125
0 0.51171875 0.58046875 0.009375 0.0125
0 0.25234375 0.0796875 0.009375 0.0109375
0 0.7296875 0.025 0.065625 0.05
0 0.83984375 0.10625 0.25 0.2125
0 0.171875 0.90703125 0.0125 0.0140625
0 0.47109375 0.95234375 0.009375 0.0125
0 0.63359375 0.04765625 0.0109375 0.0125
0 0.803125 0.1578125 0.009375 0.0125