0 0.159375 0.0390625 0.0984375 0.078125
0 0.9265625 0.6015625 0.0390625 0.0375
0 0.37578125 0.51953125 0.046875 0.04375
0 0.56484375 0.49609375 0.021875 0.0203125
0 0.6984375 0.428125 0.046875 0.04375
0 0.78046875 0.45234375 0.0359375 0.034375
0 0.79453125 0.275 0.4109375 0.3984375
0 0.0953125 0.0921875 0.13125 0.121875
0 0.15078125 0.61640625 0.0375 0.034375
0 0.18125 0.240625 0.3390625 0.3140625
0 0.36953125 0.4859375 0.303125 0.28125
0 0.23828125 0.8703125 0.028125 0.0265625
0 0.2515625 0.6875 0.15625 0.1453125
0 0.15 0.56015625 0.3 0.39375
0 0.19609375 0.8125 0.01875 0.0171875
0 0.70625 0.81015625 0.028125 0.025
0 0.74375 0.81953125 0.021875 0.021875
0 0.75625 0.99140625 0.03125 0.0171875
0 0.915625 0.959375 0.025 0.0234375
0 0.76953125 0.71171875 0.4609375 0.525
0 0.3984375 0.984375 0.0125 0.0109375
0 0.1234375 0.4703125 0.0140625 0.0125
0 0.2671875 0.54375 0.0125 0.0125
0 0.30625 0.621875 0.0125 0.0125
0 0.45546875 0.48359375 0.015625 0.015625
0 0.41484375 0.3984375 0.0140625 0.0125
0 0.3296875 0.8234375 0.015625 0.0140625
0 0.4125 0.77578125 0.015625 0.015625
0 0.325 0.5390625 0.0125 0.0125
0 0.6015625 0.82734375 0.021875 0.01875
0 0.80390625 0.84921875 0.015625 0.015625
0 0.82578125 0.615625 0.015625 0.015625
0 0.53515625 0.409375 0.015625 0.015625
0 0.98203125 0.896875 0.01875 0.0171875
0 0.97890625 0.425 0.015625 0.015625
0 0.5828125 0.5171875 0.0125 0.0125
0 0.54375 0.18828125 0.1625 0.15
0 0.49375 0.33984375 0.015625 0.0140625
0 0.94453125 0.11640625 0.0125 0.0109375
0 0.14609375 0.89140625 0.0125 0.0109375
0 0.0125 0.859375 0.009375 0.0125
0 0.2546875 0.65390625 0.0125 0.0109375
0 0.4234375 0.10625 0.0125 0.0125
0 0.55078125 0.07734375 0.046875 0.04375
0 0.525 0.22578125 0.0109375 0.009375