0 0.01640625 0.721875 0.0328125 0.046875
0 0.07890625 0.74296875 0.025 0.025
0 0.375 0.99375 0.021875 0.0125
0 0.75859375 0.69453125 0.028125 0.028125
0 0.3546875 0.77421875 0.0125 0.0125
0 0.80234375 0.6203125 0.121875 0.1203125
0 0.92265625 0.659375 0.015625 0.015625
0 0.759375 0.8234375 0.2328125 0.2328125
0 0.81171875 0.9828125 0.015625 0.015625
0 0.59296875 0.94296875 0.015625 0.015625
0 0.27890625 0.51875 0.0140625 0.0140625
0 0.9828125 0.2078125 0.034375 0.0625
0 0.86796875 0.2203125 0.028125 0.028125
0 0.759375 0.1890625 0.046875 0.046875
0 0.54765625 0.1890625 0.109375 0.109375
0 0.61640625 0.353125 0.046875 0.046875
0 0.46015625 0.396875 0.040625 0.040625
0 0.33125 0.2796875 0.0328125 0.0328125
0 0.3953125 0.0765625 0.0296875 0.0296875
0 0.34296875 0.05546875 0.0203125 0.0203125
0 0.10546875 0.11640625 0.0875 0.0875
0 0.028125 0.25703125 0.025 0.025
0 0.26328125 0.13984375 0.015625 0.015625
0 0.7171875 0.65859375 0.015625 0.015625
0 0.7609375 0.478125 0.0109375 0.0109375
0 0.80078125 0.16484375 0.0109375 0.0109375
0 0.240625 0.3734375 0.0125 0.0125
0 0.3640625 0.4421875 0.009375 0.009375
0 0.36640625 0.7703125 0.0140625 0.0140625
0 0.07421875 0.259375 0.0125 0.0125
0 0.2859375 0.7875 0.0125 0.0125
0 0.14921875 0.62734375 0.015625 0.015625
0 0.07890625 0.61328125 0.0140625 0.0140625
0 0.9484375 0.8984375 0.0109375 0.0109375
0 0.33828125 0.1140625 0.0125 0.0125
0 0.30625 0.01484375 0.009375 0.009375
0 0.41328125 0.33984375 0.0109375 0.0109375
0 0.93359375 0.61015625 0.009375 0.009375
0 0.96015625 0.7859375 0.021875 0.021875
0 0.86875 0.934375 0.0125 0.0125
0 0.59765625 0.9578125 0.0125 0.0125
0 0.71796875 0.9484375 0.015625 0.015625
0 0.3578125 0.7484375 0.0109375 0.0109375
0 0.13359375 0.8015625 0.0109375 0.0109375
0 0.2375 0.909375 0.009375 0.009375