0 0.96796875 0.065625 0.0171875 0.0171875
0 0.775 0.06015625 0.0609375 0.0609375
0 0.60078125 0.1421875 0.0140625 0.0140625
0 0.6359375 0.0375 0.0828125 0.075
0 0.34921875 0.01640625 0.053125 0.03125
0 0.084375 0.259375 0.015625 0.015625
0 0.09296875 0.5046875 0.0140625 0.0140625
0 0.23515625 0.5265625 0.021875 0.021875
0 0.28515625 0.8234375 0.01875 0.01875
0 0.553125 0.81484375 0.0203125 0.0203125
0 0.6046875 0.85234375 0.015625 0.015625
0 0.359375 0.57421875 0.0375 0.0375
0 0.3640625 0.55703125 0.0234375 0.0234375
0 0.4328125 0.3640625 0.01875 0.01875
0 0.7875 0.2140625 0.046875 0.046875
0 0.628125 0.4703125 0.0265625 0.0265625
0 0.575 0.51328125 0.065625 0.065625
0 0.71015625 0.4109375 0.0140625 0.0140625
0 0.56171875 0.76796875 0.05 0.05
0 0.6875 0.6 0.06875 0.06875
0 0.17890625 0.9515625 0.04375 0.04375
0 0.746875 0.8765625 0.2625 0.246875
0 0.9390625 0.328125 0.0265625 0.0265625
0 0.2078125 0.415625 0.309375 0.309375
0 0.2125 0.21171875 0.015625 0.015625
0 0.78046875 0.8875 0.0125 0.0125
0 0.83125 0.17578125 0.015625 0.015625
0 0.5671875 0.29609375 0.08125 0.08125
0 0.8578125 0.653125 0.0125 0.0125
0 0.2984375 0.8890625 0.0171875 0.0171875
0 0.10625 0.7125 0.0125 0.0125
0 0.10625 0.25625 0.0125 0.0125
0 0.5640625 0.95234375 0.0125 0.0125
0 0.5921875 0.88203125 0.015625 0.015625
0 0.46015625 0.7828125 0.0125 0.0125
0 0.5046875 0.959375 0.0140625 0.0140625
0 0.403125 0.95703125 0.10625 0.0859375
0 0.875 0.5109375 0.0125 0.0125
0 0.15078125 0.23359375 0.0140625 0.0140625
0 0.17578125 0.8265625 0.015625 0.015625
0 0.8578125 0.61328125 0.021875 0.021875
0 0.19453125 0.709375 0.0125 0.0125
0 0.378125 0.31171875 0.009375 0.009375
0 0.30703125 0.86875 0.015625 0.015625