0 0.0484375 0.896875 0.015625 0.015625
0 0.9421875 0.9796875 0.0640625 0.040625
0 0.94609375 0.284375 0.0234375 0.021875
0 0.9546875 0.54921875 0.028125 0.025
0 0.89609375 0.7828125 0.0640625 0.059375
0 0.8140625 0.6390625 0.225 0.2046875
0 0.884375 0.82109375 0.1671875 0.153125
0 0.6296875 0.5859375 0.0375 0.034375
0 0.5625 0.309375 0.034375 0.03125
0 0.78046875 0.2328125 0.03125 0.028125
0 0.4046875 0.559375 0.140625 0.128125
0 0.28671875 0.7734375 0.01875 0.0171875
0 0.61015625 0.29375 0.0796875 0.0734375
0 0.0515625 0.69609375 0.025 0.021875
0 0.0078125 0.4578125 0.015625 0.025
0 0.0671875 0.20234375 0.021875 0.0203125
0 0.06015625 0.0109375 0.0421875 0.021875
0 0.30390625 0.10078125 0.053125 0.0484375
0 0.26875 0.28984375 0.015625 0.015625
0 0.9671875 0.20234375 0.0203125 0.01875
0 0.825 0.01640625 0.0421875 0.03125
0 0.7453125 0.06953125 0.1203125 0.109375
0 0.98125 0.1015625 0.01875 0.0171875
0 0.81875 0.18359375 0.0140625 0.0125
0 0.9265625 0.21015625 0.0125 0.0125
0 0.8078125 0.26015625 0.0125 0.0109375
0 0.40078125 0.1828125 0.0140625 0.0125
0 0.309375 0.1890625 0.0125 0.0109375
0 0.04921875 0.1484375 0.0125 0.0125
0 0.1375 0.5875 0.015625 0.015625
0 0.26640625 0.51015625 0.0140625 0.0125
0 0.61015625 0.41328125 0.0140625 0.0125
0 0.80546875 0.46953125 0.0125 0.0109375
0 0.98828125 0.85859375 0.0234375 0.028125
0 0.4265625 0.7953125 0.025 0.0234375
0 0.79453125 0.55078125 0.01875 0.015625
0 0.809375 0.11875 0.015625 0.0125
0 0.8625 0.184375 0.0125 0.0109375
0 0.46796875 0.03828125 0.0125 0.0109375
0 0.28203125 0.1359375 0.0125 0.0109375
0 0.28125 0.1703125 0.0109375 0.009375
0 0.13203125 0.21953125 0.0125 0.0109375
0 0.32265625 0.3734375 0.0125 0.0125
0 0.42421875 0.44453125 0.0125 0.0125
0 0.4171875 0.4859375 0.0125 0.0109375
0 0.54375 0.39140625 0.015625 0.0140625
0 0.8359375 0.496875 0.0109375 0.009375
0 0.8734375 0.51328125 0.0125 0.0109375
0 0.91484375 0.4859375 0.0140625 0.0125
0 0.90703125 0.3 0.0140625 0.0125
0 0.96953125 0.6390625 0.0125 0.0109375
0 0.91015625 0.74921875 0.0140625 0.0125
0 0.2671875 0.871875 0.0109375 0.009375
0 0.85078125 0.9140625 0.0203125 0.01875