0 0.3421875 0.0546875 0.1015625 0.109375
0 0.1 0.25859375 0.0375 0.0390625
0 0.115625 0.46328125 0.03125 0.0328125
0 0.271875 0.21796875 0.021875 0.0234375
0 0.38515625 0.25 0.1796875 0.19375
0 0.2984375 0.534375 0.0171875 0.01875
0 0.4953125 0.60625 0.0234375 0.025
0 0.22734375 0.7296875 0.025 0.028125
0 0.5078125 0.8984375 0.025 0.0265625
0 0.95 0.7 0.025 0.028125
0 0.84453125 0.60234375 0.1078125 0.1171875
0 0.76953125 0.46171875 0.0546875 0.059375
0 0.69296875 0.209375 0.1609375 0.175
0 0.9078125 0.2703125 0.184375 0.309375
0 0.52890625 0.321875 0.0546875 0.059375
0 0.759375 0.65 0.0125 0.0125
0 0.2265625 0.490625 0.0125 0.0140625
0 0.0453125 0.45390625 0.0140625 0.015625
0 0.1265625 0.49140625 0.0125 0.0125
0 0.646875 0.45625 0.0203125 0.021875
0 0.7203125 0.39140625 0.01875 0.021875
0 0.60390625 0.56953125 0.015625 0.01875
0 0.95390625 0.84453125 0.0109375 0.0125
0 0.94609375 0.67109375 0.009375 0.0109375
0 0.771875 0.8890625 0.015625 0.015625
0 0.7890625 0.525 0.0109375 0.0125
0 0.6546875 0.1015625 0.0203125 0.021875
0 0.728125 0.09609375 0.0203125 0.021875
0 0.4359375 0.4421875 0.009375 0.0109375
0 0.3765625 0.50625 0.0125 0.0125
0 0.2203125 0.440625 0.009375 0.0109375
0 0.503125 0.671875 0.0125 0.0125
0 0.553125 0.7109375 0.009375 0.0109375
0 0.38046875 0.85 0.0109375 0.0125
0 0.39140625 0.81953125 0.0109375 0.0125
0 0.12109375 0.8 0.01875 0.0203125
0 0.02890625 0.5890625 0.0125 0.0140625
0 0.03984375 0.55078125 0.0109375 0.0125
0 0.00546875 0.04375 0.0109375 0.0171875
0 0.57265625 0.63515625 0.015625 0.0171875
0 0.834375 0.50703125 0.015625 0.01875