0 0.6171875 0.5484375 0.028125 0.025
0 0.5765625 0.64296875 0.034375 0.03125
0 0.6859375 0.63203125 0.628125 0.5859375
0 0.5109375 0.78046875 0.8578125 0.4390625
0 0.31875 0.41015625 0.0296875 0.0265625
0 0.03125 0.64375 0.021875 0.01875
0 0.26953125 0.21875 0.01875 0.015625
0 0.0515625 0.315625 0.021875 0.0203125
0 0.46015625 0.4125 0.0171875 0.015625
0 0.0328125 0.0578125 0.065625 0.0640625
0 0.12578125 0.10078125 0.0890625 0.0796875
0 0.12578125 0.2578125 0.1109375 0.1
0 0.17421875 0.40390625 0.015625 0.015625
0 0.25390625 0.240625 0.0140625 0.0125
0 0.628125 0.253125 0.0125 0.0125
0 0.5984375 0.028125 0.0125 0.0125
0 0.59140625 0.334375 0.0140625 0.0125
0 0.84140625 0.18671875 0.0109375 0.009375
0 0.98515625 0.23125 0.0125 0.0125
0 0.95703125 0.38125 0.0125 0.009375
0 0.83125 0.03046875 0.015625 0.015625
0 0.85546875 0.62578125 0.0140625 0.0125
0 0.6296875 0.88203125 0.0125 0.0109375
0 0.29375 0.7890625 0.015625 0.0125
0 0.3140625 0.5515625 0.0125 0.0109375
0 0.85703125 0.26484375 0.0109375 0.009375
0 0.1703125 0.66484375 0.0109375 0.009375
0 0.08515625 0.440625 0.0109375 0.009375
0 0.04609375 0.221875 0.0125 0.0109375
0 0.62578125 0.06640625 0.0109375 0.009375
0 0.4484375 0.528125 0.0125 0.0109375
0 0.109375 0.77109375 0.0109375 0.009375