0 0.4953125 0.01640625 0.04375 0.03125
0 0.57109375 0.184375 0.0328125 0.03125
0 0.83046875 0.24765625 0.3390625 0.4953125
0 0.49375 0.20625 0.034375 0.0328125
0 0.465625 0.1359375 0.1546875 0.15
0 0.36484375 0.24921875 0.121875 0.11875
0 0.36953125 0.30546875 0.0359375 0.034375
0 0.34375 0.23046875 0.015625 0.015625
0 0.31640625 0.378125 0.028125 0.028125
0 0.284375 0.546875 0.0359375 0.034375
0 0.65546875 0.3234375 0.0171875 0.0171875
0 0.78828125 0.52734375 0.0453125 0.04375
0 0.7203125 0.46171875 0.0203125 0.0203125
0 0.61640625 0.9109375 0.0609375 0.059375
0 0.46484375 0.81953125 0.0984375 0.09375
0 0.15234375 0.71015625 0.015625 0.015625
0 0.459375 0.97578125 0.0109375 0.0109375
0 0.49296875 0.71015625 0.0140625 0.0140625
0 0.59296875 0.746875 0.0125 0.0125
0 0.8515625 0.88203125 0.0125 0.0125
0 0.8515625 0.79765625 0.0109375 0.0109375
0 0.78984375 0.3484375 0.0125 0.0125
0 0.76875 0.5 0.015625 0.015625
0 0.471875 0.52109375 0.0109375 0.0109375
0 0.0875 0.30390625 0.0125 0.0125
0 0.1515625 0.33515625 0.0125 0.0125
0 0.16328125 0.51484375 0.0125 0.0125
0 0.0703125 0.16875 0.015625 0.015625
0 0.19453125 0.87109375 0.015625 0.0140625
0 0.6203125 0.01328125 0.009375 0.00625
0 0.871875 0.115625 0.0109375 0.0109375