0 0.6578125 0.9453125 0.1015625 0.109375
0 0.9 0.74140625 0.0375 0.0390625
0 0.884375 0.53671875 0.03125 0.0328125
0 0.728125 0.78203125 0.021875 0.0234375
0 0.61484375 0.75 0.1796875 0.1953125
0 0.7015625 0.465625 0.0171875 0.01875
0 0.5046875 0.39375 0.0234375 0.025
0 0.77265625 0.2703125 0.025 0.028125
0 0.4921875 0.1015625 0.025 0.0265625
0 0.05 0.3 0.025 0.028125
0 0.15546875 0.39765625 0.1078125 0.1171875
0 0.23046875 0.53828125 0.0546875 0.059375
0 0.30703125 0.790625 0.1609375 0.175
0 0.0921875 0.7296875 0.184375 0.309375
0 0.47109375 0.678125 0.0546875 0.059375
0 0.240625 0.35 0.0125 0.0125
0 0.7734375 0.509375 0.0125 0.0140625
0 0.9546875 0.54609375 0.0140625 0.015625
0 0.8734375 0.50859375 0.0125 0.0125
0 0.353125 0.54375 0.0203125 0.021875
0 0.2796875 0.60859375 0.01875 0.021875
0 0.39609375 0.43046875 0.015625 0.01875
0 0.04609375 0.15546875 0.0109375 0.0125
0 0.05390625 0.32890625 0.009375 0.0109375
0 0.228125 0.1109375 0.015625 0.015625
0 0.2109375 0.475 0.0109375 0.0125
0 0.3453125 0.8984375 0.0203125 0.021875
0 0.271875 0.90390625 0.0203125 0.0234375
0 0.5640625 0.5578125 0.009375 0.0109375
0 0.6234375 0.49375 0.0125 0.0125
0 0.7796875 0.559375 0.009375 0.0109375
0 0.496875 0.328125 0.0125 0.0125
0 0.446875 0.2890625 0.009375 0.0109375
0 0.61953125 0.15 0.0109375 0.0125
0 0.60859375 0.18046875 0.0109375 0.0125
0 0.87890625 0.2 0.01875 0.01875
0 0.97109375 0.4109375 0.0125 0.0140625
0 0.96015625 0.44921875 0.0109375 0.0125
0 0.99453125 0.95625 0.0109375 0.0171875
0 0.42734375 0.36484375 0.015625 0.0171875
0 0.165625 0.49296875 0.015625 0.01875