0 0.9515625 0.896875 0.015625 0.015625
0 0.0578125 0.9796875 0.0640625 0.040625
0 0.05390625 0.284375 0.0234375 0.021875
0 0.0453125 0.54921875 0.028125 0.025
0 0.10390625 0.7828125 0.0640625 0.059375
0 0.1859375 0.6390625 0.225 0.2046875
0 0.115625 0.82109375 0.1671875 0.153125
0 0.3703125 0.5859375 0.0375 0.034375
0 0.4375 0.309375 0.034375 0.03125
0 0.21953125 0.2328125 0.03125 0.028125
0 0.5953125 0.559375 0.140625 0.128125
0 0.71328125 0.7734375 0.01875 0.0171875
0 0.38984375 0.29375 0.0796875 0.0734375
0 0.9484375 0.69609375 0.025 0.021875
0 0.9921875 0.4578125 0.015625 0.025
0 0.9328125 0.20234375 0.021875 0.0203125
0 0.93984375 0.0109375 0.0421875 0.021875
0 0.69609375 0.10078125 0.053125 0.0484375
0 0.73125 0.28984375 0.015625 0.015625
0 0.0328125 0.20234375 0.0203125 0.01875
0 0.175 0.01640625 0.0421875 0.03125
0 0.2546875 0.06953125 0.1203125 0.109375
0 0.01875 0.1015625 0.01875 0.0171875
0 0.18125 0.18359375 0.0140625 0.0125
0 0.0734375 0.21015625 0.0125 0.0125
0 0.1921875 0.26015625 0.0125 0.0109375
0 0.59921875 0.1828125 0.0140625 0.0125
0 0.690625 0.1890625 0.0125 0.0109375
0 0.95078125 0.1484375 0.0125 0.0125
0 0.8625 0.5875 0.015625 0.015625
0 0.73359375 0.51015625 0.0140625 0.0125
0 0.38984375 0.41328125 0.0140625 0.0125
0 0.19453125 0.46953125 0.0125 0.0109375
0 0.01171875 0.85859375 0.0234375 0.028125
0 0.5734375 0.7953125 0.025 0.0234375
0 0.20546875 0.55078125 0.01875 0.015625
0 0.190625 0.11875 0.015625 0.0125
0 0.1375 0.184375 0.0125 0.0109375
0 0.53203125 0.03828125 0.0125 0.0109375
0 0.71796875 0.1359375 0.0125 0.0109375
0 0.71875 0.1703125 0.0109375 0.009375
0 0.86796875 0.21953125 0.0125 0.0109375
0 0.67734375 0.3734375 0.0125 0.0125
0 0.57578125 0.44453125 0.0125 0.0125
0 0.5828125 0.4859375 0.0125 0.0109375
0 0.45625 0.39140625 0.015625 0.0140625
0 0.1640625 0.496875 0.0109375 0.009375
0 0.1265625 0.51328125 0.0125 0.0109375
0 0.08515625 0.4859375 0.0140625 0.0125
0 0.09296875 0.3 0.0140625 0.0125
0 0.03046875 0.6390625 0.0125 0.0109375
0 0.08984375 0.74921875 0.0140625 0.0125
0 0.7328125 0.871875 0.0109375 0.009375
0 0.14921875 0.9140625 0.0203125 0.01875