0 0.0484375 0.103125 0.0171875 0.015625
0 0.9421875 0.0203125 0.0640625 0.040625
0 0.94609375 0.715625 0.0234375 0.021875
0 0.9546875 0.45078125 0.028125 0.025
0 0.89609375 0.2171875 0.0640625 0.059375
0 0.8140625 0.3609375 0.225 0.2046875
0 0.884375 0.17890625 0.1671875 0.153125
0 0.6296875 0.4140625 0.0375 0.034375
0 0.5625 0.690625 0.034375 0.03125
0 0.78046875 0.7671875 0.03125 0.028125
0 0.4046875 0.440625 0.140625 0.128125
0 0.28671875 0.2265625 0.01875 0.0171875
0 0.61015625 0.70625 0.0796875 0.0734375
0 0.0515625 0.30390625 0.025 0.021875
0 0.0078125 0.5421875 0.015625 0.025
0 0.0671875 0.79765625 0.021875 0.0203125
0 0.06015625 0.9890625 0.0421875 0.021875
0 0.30390625 0.89921875 0.053125 0.0484375
0 0.26875 0.71015625 0.015625 0.015625
0 0.9671875 0.79765625 0.0203125 0.01875
0 0.825 0.98359375 0.0421875 0.03125
0 0.7453125 0.93046875 0.1203125 0.109375
0 0.98125 0.8984375 0.01875 0.0171875
0 0.81875 0.81640625 0.0140625 0.0125
0 0.9265625 0.78984375 0.0125 0.0125
0 0.8078125 0.73984375 0.0125 0.0109375
0 0.40078125 0.8171875 0.0140625 0.0125
0 0.309375 0.8109375 0.0125 0.0109375
0 0.04921875 0.8515625 0.0125 0.0125
0 0.1375 0.4125 0.015625 0.015625
0 0.26640625 0.48984375 0.0140625 0.0125
0 0.61015625 0.58671875 0.0140625 0.0125
0 0.80546875 0.53046875 0.0125 0.0109375
0 0.98828125 0.14140625 0.0234375 0.028125
0 0.4265625 0.2046875 0.025 0.0234375
0 0.79453125 0.44921875 0.01875 0.015625
0 0.809375 0.88125 0.015625 0.0125
0 0.8625 0.815625 0.0125 0.0109375
0 0.46796875 0.96171875 0.0125 0.0109375
0 0.28203125 0.8640625 0.0125 0.0109375
0 0.28125 0.8296875 0.0109375 0.009375
0 0.13203125 0.78046875 0.0125 0.0109375
0 0.32265625 0.6265625 0.0125 0.0125
0 0.42421875 0.55546875 0.0125 0.0125
0 0.4171875 0.5140625 0.0125 0.0109375
0 0.54375 0.60859375 0.015625 0.0140625
0 0.8359375 0.503125 0.0109375 0.009375
0 0.8734375 0.48671875 0.0125 0.0109375
0 0.91484375 0.5140625 0.0140625 0.0125
0 0.90703125 0.7 0.0140625 0.0125
0 0.96953125 0.3609375 0.0125 0.0109375
0 0.91015625 0.25078125 0.0140625 0.0125
0 0.2671875 0.128125 0.0109375 0.009375
0 0.85078125 0.0859375 0.0203125 0.01875