0 0.840625 0.9609375 0.09765625 0.078125
0 0.0734375 0.3984375 0.0390625 0.0375
0 0.62421875 0.48046875 0.04609375 0.04296875
0 0.43515625 0.50390625 0.02265625 0.0203125
0 0.3015625 0.571875 0.04765625 0.04375
0 0.21953125 0.54765625 0.0359375 0.034375
0 0.20546875 0.725 0.4109375 0.39765625
0 0.9046875 0.9078125 0.13125 0.12109375
0 0.84921875 0.38359375 0.0375 0.034375
0 0.81875 0.759375 0.3390625 0.3140625
0 0.63046875 0.5140625 0.303125 0.28125
0 0.76171875 0.1296875 0.028125 0.0265625
0 0.7484375 0.3125 0.15625 0.1453125
0 0.85 0.43984375 0.3 0.39375
0 0.80390625 0.1875 0.01875 0.0171875
0 0.29375 0.18984375 0.02734375 0.025
0 0.25625 0.18046875 0.02265625 0.021875
0 0.24375 0.00859375 0.03203125 0.0171875
0 0.084375 0.040625 0.025 0.0234375
0 0.23046875 0.28828125 0.4609375 0.52421875
0 0.6015625 0.015625 0.01171875 0.0109375
0 0.8765625 0.5296875 0.0140625 0.0125
0 0.7328125 0.45625 0.0125 0.01171875
0 0.69375 0.378125 0.0125 0.01171875
0 0.54453125 0.51640625 0.01640625 0.01484375
0 0.58515625 0.6015625 0.0140625 0.0125
0 0.6703125 0.1765625 0.01484375 0.0140625
0 0.5875 0.22421875 0.01640625 0.015625
0 0.675 0.4609375 0.0125 0.01171875
0 0.3984375 0.17265625 0.021875 0.01953125
0 0.19609375 0.15078125 0.015625 0.01484375
0 0.17421875 0.384375 0.015625 0.01484375
0 0.46484375 0.590625 0.015625 0.01484375
0 0.01796875 0.103125 0.01875 0.0171875
0 0.02109375 0.575 0.01640625 0.015625
0 0.4171875 0.4828125 0.0125 0.01171875
0 0.45625 0.81171875 0.1625 0.15
0 0.50625 0.66015625 0.01484375 0.0140625
0 0.05546875 0.88359375 0.01171875 0.0109375
0 0.85390625 0.10859375 0.01171875 0.0109375
0 0.9875 0.140625 0.00859375 0.01171875
0 0.7453125 0.34609375 0.01171875 0.0109375
0 0.5765625 0.89375 0.0125 0.01171875
0 0.44921875 0.92265625 0.04765625 0.04375
0 0.475 0.77421875 0.0109375 0.009375