0 0.6578125 0.0546875 0.1015625 0.109375
0 0.9 0.25859375 0.0375 0.0390625
0 0.884375 0.46328125 0.03125 0.0328125
0 0.728125 0.21796875 0.021875 0.0234375
0 0.61484375 0.25 0.1796875 0.19375
0 0.7015625 0.534375 0.0171875 0.01875
0 0.5046875 0.60625 0.0234375 0.025
0 0.77265625 0.7296875 0.025 0.028125
0 0.4921875 0.8984375 0.025 0.0265625
0 0.05 0.7 0.025 0.028125
0 0.15546875 0.60234375 0.1078125 0.1171875
0 0.23046875 0.46171875 0.0546875 0.059375
0 0.30703125 0.209375 0.1609375 0.175
0 0.0921875 0.2703125 0.184375 0.309375
0 0.47109375 0.321875 0.0546875 0.059375
0 0.240625 0.65 0.0125 0.0125
0 0.7734375 0.490625 0.0125 0.0140625
0 0.9546875 0.45390625 0.0140625 0.015625
0 0.8734375 0.49140625 0.0125 0.0125
0 0.353125 0.45625 0.0203125 0.021875
0 0.2796875 0.39140625 0.01875 0.021875
0 0.39609375 0.56953125 0.015625 0.01875
0 0.04609375 0.84453125 0.0109375 0.0125
0 0.05390625 0.67109375 0.009375 0.0109375
0 0.228125 0.8890625 0.015625 0.015625
0 0.2109375 0.525 0.0109375 0.0125
0 0.3453125 0.1015625 0.0203125 0.021875
0 0.271875 0.09609375 0.0203125 0.021875
0 0.5640625 0.4421875 0.009375 0.0109375
0 0.6234375 0.50625 0.0125 0.0125
0 0.7796875 0.440625 0.009375 0.0109375
0 0.496875 0.671875 0.0125 0.0125
0 0.446875 0.7109375 0.009375 0.0109375
0 0.61953125 0.85 0.0109375 0.0125
0 0.60859375 0.81953125 0.0109375 0.0125
0 0.87890625 0.8 0.01875 0.0203125
0 0.97109375 0.5890625 0.0125 0.0140625
0 0.96015625 0.55078125 0.0109375 0.0125
0 0.99453125 0.04375 0.0109375 0.0171875
0 0.42734375 0.63515625 0.015625 0.0171875
0 0.165625 0.50703125 0.015625 0.01875