0 0.4953125 0.98359375 0.04296875 0.03203125
0 0.57109375 0.815625 0.0328125 0.03203125
0 0.83046875 0.75234375 0.3390625 0.4953125
0 0.49375 0.79375 0.034375 0.0328125
0 0.465625 0.8640625 0.1546875 0.14921875
0 0.36484375 0.75078125 0.121875 0.11875
0 0.36953125 0.69453125 0.03515625 0.034375
0 0.34375 0.76953125 0.01640625 0.015625
0 0.31640625 0.621875 0.028125 0.02734375
0 0.284375 0.453125 0.0359375 0.03515625
0 0.65546875 0.6765625 0.0171875 0.0171875
0 0.78828125 0.47265625 0.0453125 0.04375
0 0.7203125 0.53828125 0.0203125 0.0203125
0 0.61640625 0.0890625 0.0609375 0.05859375
0 0.46484375 0.18046875 0.09765625 0.09453125
0 0.15234375 0.28984375 0.015625 0.01484375
0 0.459375 0.02421875 0.0109375 0.0109375
0 0.49296875 0.28984375 0.0140625 0.0140625
0 0.59296875 0.253125 0.0125 0.0125
0 0.8515625 0.11796875 0.01171875 0.01171875
0 0.8515625 0.20234375 0.0109375 0.0109375
0 0.78984375 0.6515625 0.0125 0.0125
0 0.76875 0.5 0.015625 0.01484375
0 0.471875 0.47890625 0.0109375 0.0109375
0 0.0875 0.69609375 0.0125 0.0125
0 0.1515625 0.66484375 0.0125 0.0125
0 0.16328125 0.48515625 0.0125 0.0125
0 0.0703125 0.83125 0.01640625 0.015625
0 0.19453125 0.12890625 0.01484375 0.0140625
0 0.6203125 0.98671875 0.009375 0.00625
0 0.871875 0.884375 0.0109375 0.0109375