0 0.1828125 0.23125 0.028125 0.028125
0 0.25703125 0.353125 0.0421875 0.0421875
0 0.66875 0.64453125 0.4390625 0.440625
0 0.97109375 0.73125 0.0578125 0.0921875
0 0.14140625 0.765625 0.025 0.025
0 0.35234375 0.7484375 0.034375 0.0359375
0 0.2140625 0.49140625 0.03125 0.03125
0 0.353125 0.1234375 0.01875 0.01875
0 0.275 0.08984375 0.025 0.025
0 0.14921875 0.96015625 0.0234375 0.0234375
0 0.2140625 0.9734375 0.021875 0.0234375
0 0.1421875 0.36953125 0.015625 0.015625
0 0.10078125 0.3671875 0.028125 0.028125
0 0.12578125 0.528125 0.01875 0.01875
0 0.01484375 0.60078125 0.01875 0.01875
0 0.2859375 0.17734375 0.03125 0.03125
0 0.9453125 0.3 0.075 0.075
0 0.94296875 0.54296875 0.009375 0.009375
0 0.86640625 0.0578125 0.021875 0.021875
0 0.9640625 0.015625 0.015625 0.0109375
0 0.65546875 0.0578125 0.009375 0.009375
0 0.721875 0.56796875 0.009375 0.009375
0 0.46328125 0.98828125 0.034375 0.0234375
0 0.17578125 0.771875 0.01875 0.01875
0 0.0515625 0.79140625 0.0125 0.0125
0 0.00859375 0.671875 0.0125 0.0125
0 0.040625 0.63984375 0.0125 0.0125
0 0.0953125 0.59140625 0.01875 0.01875
0 0.175 0.55546875 0.0140625 0.0140625
0 0.18046875 0.49140625 0.021875 0.021875
0 0.19609375 0.47109375 0.021875 0.021875
0 0.2734375 0.3984375 0.0171875 0.0171875
0 0.13984375 0.2921875 0.0125 0.0125
0 0.3625 0.225 0.0125 0.0125
0 0.32578125 0.19375 0.021875 0.021875
0 0.35 0.21171875 0.0296875 0.0296875
0 0.29140625 0.121875 0.0328125 0.0328125
0 0.17734375 0.309375 0.0125 0.0125
0 0.2015625 0.271875 0.0140625 0.0140625
0 0.18828125 0.69921875 0.0171875 0.0171875
0 0.0828125 0.67421875 0.015625 0.015625
0 0.08359375 0.68125 0.0125 0.0125
0 0.115625 0.61015625 0.01875 0.01875
0 0.20703125 0.375 0.0203125 0.0203125
0 0.32734375 0.2921875 0.0296875 0.0296875
0 0.309375 0.20234375 0.021875 0.021875
0 0.22734375 0.15625 0.0125 0.0125
0 0.21171875 0.1734375 0.0125 0.0125
0 0.225 0.228125 0.0125 0.0125
0 0.17578125 0.44765625 0.03125 0.03125
0 0.20859375 0.43359375 0.0328125 0.0328125
0 0.24296875 0.45234375 0.0109375 0.0109375
0 0.26875 0.43515625 0.0125 0.0125
0 0.1125 0.46171875 0.015625 0.015625
0 0.23046875 0.55625 0.028125 0.0296875
0 0.20078125 0.73671875 0.015625 0.015625
0 0.33125 0.0953125 0.015625 0.015625
0 0.42421875 0.0890625 0.015625 0.015625
0 0.5125 0.10390625 0.0125 0.0125
0 0.93046875 0.09296875 0.0203125 0.0203125