0 0.9234375 0.709375 0.0171875 0.0171875
0 0.8078125 0.7515625 0.0234375 0.0234375
0 0.57578125 0.79140625 0.0703125 0.0703125
0 0.06171875 0.740625 0.065625 0.065625
0 0.37578125 0.6875 0.115625 0.1140625
0 0.3125 0.5859375 0.17265625 0.171875
0 0.03984375 0.365625 0.0203125 0.0203125
0 0.06953125 0.2515625 0.109375 0.10859375
0 0.34609375 0.3 0.0171875 0.0171875
0 0.41796875 0.2875 0.02421875 0.02421875
0 0.3015625 0.11875 0.040625 0.040625
0 0.07265625 0.04609375 0.0609375 0.0609375
0 0.69375 0.35703125 0.021875 0.021875
0 0.71640625 0.41640625 0.01953125 0.01875
0 0.77265625 0.5609375 0.01484375 0.01484375
0 0.68359375 0.153125 0.0296875 0.028125
0 0.7796875 0.00859375 0.0296875 0.01640625
0 0.66328125 0.0484375 0.0171875 0.0171875
0 0.61796875 0.3015625 0.1 0.0984375
0 0.4234375 0.3 0.07109375 0.07109375
0 0.8859375 0.19609375 0.22734375 0.3921875
0 0.36640625 0.48203125 0.0546875 0.0546875
0 0.14609375 0.4640625 0.015625 0.015625
0 0.771875 0.74296875 0.01640625 0.015625
0 0.8 0.39140625 0.0125 0.0125
0 0.890625 0.753125 0.01875 0.0171875
0 0.7671875 0.79296875 0.025 0.025
0 0.4671875 0.62265625 0.01484375 0.01484375
0 0.41015625 0.0953125 0.02265625 0.02265625
0 0.5265625 0.13828125 0.015625 0.015625
0 0.2828125 0.14140625 0.0171875 0.01640625
0 0.8125 0.6234375 0.01640625 0.01640625
0 0.80234375 0.6765625 0.015625 0.015625
0 0.81328125 0.721875 0.01875 0.01875
0 0.790625 0.78203125 0.01484375 0.01484375
0 0.953125 0.7875 0.015625 0.015625
0 0.9640625 0.7953125 0.01640625 0.01640625
0 0.63828125 0.89375 0.0171875 0.0171875
0 0.7515625 0.66640625 0.01640625 0.01640625
0 0.4796875 0.72734375 0.015625 0.01484375
0 0.2140625 0.7859375 0.0328125 0.0328125
0 0.159375 0.91640625 0.03046875 0.03046875
0 0.2171875 0.92421875 0.01875 0.01875
0 0.26015625 0.59375 0.01640625 0.01640625
0 0.13828125 0.25703125 0.01640625 0.01640625
0 0.6203125 0.01015625 0.01171875 0.01171875
0 0.02734375 0.41015625 0.0125 0.0125
0 0.1234375 0.09296875 0.01171875 0.01171875
0 0.11328125 0.09453125 0.01171875 0.01171875
0 0.08671875 0.07578125 0.009375 0.009375
0 0.05859375 0.16640625 0.009375 0.009375
0 0.24375 0.26953125 0.009375 0.009375
0 0.0328125 0.240625 0.009375 0.009375
0 0.4265625 0.2546875 0.0109375 0.0109375
0 0.60078125 0.415625 0.01484375 0.01484375
0 0.9890625 0.77421875 0.00703125 0.0140625
0 0.9421875 0.8078125 0.0171875 0.0171875
0 0.93125 0.80546875 0.01875 0.0171875
0 0.89765625 0.7828125 0.015625 0.015625
0 0.74921875 0.67890625 0.0109375 0.0109375
0 0.7140625 0.771875 0.0125 0.0125
0 0.68984375 0.696875 0.01484375 0.0140625
0 0.74375 0.60859375 0.01484375 0.01484375
0 0.76328125 0.478125 0.0140625 0.0140625
0 0.65390625 0.53359375 0.01484375 0.01484375
0 0.62890625 0.50703125 0.01171875 0.01171875
0 0.8734375 0.825 0.0125 0.0125
0 0.62578125 0.803125 0.01171875 0.01171875
0 0.57734375 0.646875 0.01484375 0.01484375
0 0.4703125 0.62421875 0.0109375 0.0109375
0 0.49140625 0.47265625 0.0203125 0.0203125
0 0.6703125 0.64140625 0.01171875 0.01171875
0 0.67890625 0.63203125 0.01484375 0.01484375
0 0.68203125 0.7453125 0.01875 0.01875
0 0.28828125 0.67734375 0.009375 0.009375
0 0.2546875 0.51171875 0.01484375 0.01484375
0 0.11796875 0.56015625 0.0171875 0.0171875
0 0.2234375 0.68046875 0.015625 0.01484375
0 0.20625 0.6984375 0.0140625 0.0140625
0 0.28984375 0.4546875 0.0125 0.0125
0 0.1046875 0.896875 0.02421875 0.02421875
0 0.940625 0.9296875 0.01484375 0.0140625
0 0.94921875 0.9 0.0109375 0.0109375
0 0.87421875 0.9921875 0.01640625 0.015625
0 0.98359375 0.95625 0.03203125 0.06328125
0 0.06328125 0.88203125 0.01875 0.01875
0 0.18984375 0.73828125 0.03125 0.03125
0 0.4328125 0.8 0.01953125 0.01953125
0 0.56953125 0.64609375 0.01171875 0.01171875
0 0.71171875 0.6984375 0.01171875 0.01171875
0 0.26796875 0.33203125 0.0234375 0.0234375