0 0.76875 0.8171875 0.02734375 0.02734375
0 0.646875 0.74296875 0.0421875 0.0421875
0 0.35546875 0.33125 0.44140625 0.4390625
0 0.26875 0.02890625 0.0921875 0.0578125
0 0.234375 0.85859375 0.02421875 0.02421875
0 0.2515625 0.64765625 0.0359375 0.03515625
0 0.50859375 0.7859375 0.03203125 0.03203125
0 0.8765625 0.646875 0.01953125 0.01953125
0 0.91015625 0.725 0.025 0.025
0 0.03984375 0.85078125 0.0234375 0.0234375
0 0.0265625 0.7859375 0.0234375 0.02265625
0 0.63046875 0.8578125 0.01640625 0.01640625
0 0.6328125 0.89921875 0.02734375 0.02734375
0 0.471875 0.87421875 0.01953125 0.01953125
0 0.39921875 0.98515625 0.01953125 0.01953125
0 0.82265625 0.7140625 0.03046875 0.03046875
0 0.7 0.0546875 0.075 0.075
0 0.45703125 0.05703125 0.009375 0.009375
0 0.9421875 0.13359375 0.021875 0.021875
0 0.984375 0.0359375 0.0109375 0.01484375
0 0.9421875 0.34453125 0.009375 0.009375
0 0.43203125 0.278125 0.009375 0.009375
0 0.01171875 0.53671875 0.0234375 0.034375
0 0.228125 0.82421875 0.01953125 0.01953125
0 0.20859375 0.9484375 0.01171875 0.01171875
0 0.328125 0.99140625 0.0125 0.0125
0 0.36015625 0.959375 0.01171875 0.01171875
0 0.40859375 0.9046875 0.01875 0.01875
0 0.44453125 0.825 0.0140625 0.0140625
0 0.50859375 0.81953125 0.02265625 0.02265625
0 0.52890625 0.80390625 0.02265625 0.02265625
0 0.6015625 0.7265625 0.0171875 0.0171875
0 0.7078125 0.86015625 0.01171875 0.01171875
0 0.775 0.6375 0.0125 0.0125
0 0.80625 0.67421875 0.02265625 0.02265625
0 0.78828125 0.65 0.0296875 0.0296875
0 0.878125 0.70859375 0.0328125 0.0328125
0 0.690625 0.82265625 0.01171875 0.01171875
0 0.728125 0.7984375 0.0140625 0.0140625
0 0.30078125 0.81171875 0.0171875 0.0171875
0 0.32578125 0.9171875 0.015625 0.015625
0 0.31875 0.91640625 0.01171875 0.01171875
0 0.38984375 0.884375 0.01953125 0.01953125
0 0.625 0.79296875 0.0203125 0.0203125
0 0.7078125 0.67265625 0.0296875 0.0296875
0 0.79765625 0.690625 0.02265625 0.02265625
0 0.84375 0.77265625 0.01171875 0.01171875
0 0.8265625 0.78828125 0.0125 0.0125
0 0.771875 0.775 0.0125 0.0125
0 0.55234375 0.82421875 0.03203125 0.03125
0 0.56640625 0.79140625 0.0328125 0.0328125
0 0.54765625 0.75703125 0.0109375 0.0109375
0 0.56484375 0.73125 0.0125 0.0125
0 0.53828125 0.8875 0.01484375 0.01484375
0 0.44375 0.76953125 0.0296875 0.028125
0 0.26328125 0.79921875 0.01640625 0.01640625
0 0.9046875 0.66875 0.01484375 0.01484375
0 0.9109375 0.57578125 0.015625 0.015625
0 0.89609375 0.4875 0.01171875 0.01171875
0 0.90703125 0.06953125 0.0203125 0.0203125