0 0.0765625 0.290625 0.0171875 0.0171875
0 0.1921875 0.2484375 0.0234375 0.0234375
0 0.42421875 0.20859375 0.0703125 0.0703125
0 0.93828125 0.259375 0.065625 0.065625
0 0.62421875 0.3125 0.115625 0.1140625
0 0.6875 0.4140625 0.171875 0.171875
0 0.96015625 0.634375 0.0203125 0.0203125
0 0.93046875 0.7484375 0.109375 0.109375
0 0.65390625 0.7 0.0171875 0.0171875
0 0.58203125 0.7125 0.025 0.025
0 0.6984375 0.88125 0.040625 0.040625
0 0.92734375 0.95390625 0.0609375 0.0609375
0 0.30625 0.64296875 0.021875 0.021875
0 0.28359375 0.58359375 0.01875 0.01875
0 0.22734375 0.4390625 0.015625 0.015625
0 0.31640625 0.846875 0.0296875 0.028125
0 0.2203125 0.99140625 0.0296875 0.015625
0 0.33671875 0.9515625 0.0171875 0.0171875
0 0.38203125 0.6984375 0.1 0.0984375
0 0.5765625 0.7 0.071875 0.071875
0 0.1140625 0.80390625 0.228125 0.3921875
0 0.63359375 0.51796875 0.0546875 0.0546875
0 0.85390625 0.5359375 0.015625 0.015625
0 0.228125 0.25703125 0.015625 0.015625
0 0.2 0.60859375 0.0125 0.0125
0 0.109375 0.246875 0.01875 0.0171875
0 0.2328125 0.20703125 0.025 0.025
0 0.5328125 0.37734375 0.015625 0.015625
0 0.58984375 0.9046875 0.021875 0.021875
0 0.4734375 0.86171875 0.015625 0.015625
0 0.7171875 0.85859375 0.0171875 0.015625
0 0.1875 0.3765625 0.015625 0.015625
0 0.19765625 0.3234375 0.015625 0.015625
0 0.18671875 0.278125 0.01875 0.01875
0 0.209375 0.21796875 0.015625 0.015625
0 0.046875 0.2125 0.015625 0.015625
0 0.0359375 0.2046875 0.0171875 0.015625
0 0.36171875 0.10625 0.0171875 0.0171875
0 0.2484375 0.33359375 0.015625 0.015625
0 0.5203125 0.27265625 0.015625 0.015625
0 0.7859375 0.2140625 0.0328125 0.0328125
0 0.840625 0.08359375 0.03125 0.03125
0 0.7828125 0.07578125 0.01875 0.01875
0 0.73984375 0.40625 0.015625 0.015625
0 0.86171875 0.74296875 0.015625 0.0171875
0 0.3796875 0.98984375 0.0125 0.0125
0 0.97265625 0.58984375 0.0125 0.0125
0 0.8765625 0.90703125 0.0125 0.0125
0 0.88671875 0.90546875 0.0125 0.0125
0 0.91328125 0.92421875 0.009375 0.009375
0 0.94140625 0.83359375 0.009375 0.009375
0 0.75625 0.73046875 0.009375 0.009375
0 0.9671875 0.759375 0.009375 0.009375
0 0.5734375 0.7453125 0.0109375 0.0109375
0 0.39921875 0.584375 0.015625 0.015625
0 0.0109375 0.22578125 0.0078125 0.0140625
0 0.0578125 0.1921875 0.0171875 0.0171875
0 0.06875 0.19453125 0.01875 0.0171875
0 0.10234375 0.2171875 0.015625 0.015625
0 0.25078125 0.32109375 0.0109375 0.0109375
0 0.2859375 0.228125 0.0125 0.0125
0 0.31015625 0.303125 0.015625 0.0140625
0 0.25625 0.39140625 0.015625 0.015625
0 0.23671875 0.521875 0.0140625 0.0140625
0 0.34609375 0.46640625 0.015625 0.015625
0 0.37109375 0.49296875 0.0125 0.0125
0 0.1265625 0.175 0.0125 0.0125
0 0.37421875 0.196875 0.0125 0.0125
0 0.42265625 0.353125 0.015625 0.015625
0 0.5296875 0.37578125 0.0109375 0.0109375
0 0.50859375 0.52734375 0.0203125 0.0203125
0 0.3296875 0.35859375 0.0125 0.0125
0 0.32109375 0.36796875 0.015625 0.015625
0 0.31796875 0.2546875 0.01875 0.01875
0 0.71171875 0.32265625 0.009375 0.009375
0 0.7453125 0.48828125 0.015625 0.015625
0 0.88203125 0.43984375 0.0171875 0.0171875
0 0.7765625 0.31953125 0.015625 0.015625
0 0.79375 0.3015625 0.0140625 0.0140625
0 0.71015625 0.5453125 0.0125 0.0125
0 0.8953125 0.103125 0.025 0.025
0 0.059375 0.0703125 0.015625 0.0140625
0 0.05078125 0.1 0.0109375 0.0109375
0 0.12578125 0.0078125 0.015625 0.015625
0 0.01640625 0.04375 0.0328125 0.0625
0 0.93671875 0.11796875 0.01875 0.01875
0 0.81015625 0.26171875 0.03125 0.03125
0 0.5671875 0.2 0.01875 0.01875
0 0.43046875 0.35390625 0.0125 0.0125
0 0.28828125 0.3015625 0.0125 0.0125
0 0.73203125 0.66796875 0.0234375 0.0234375