0 0.709375 0.0765625 0.0171875 0.0171875
0 0.7515625 0.1921875 0.0234375 0.0234375
0 0.79140625 0.42421875 0.0703125 0.0703125
0 0.740625 0.93828125 0.065625 0.065625
0 0.6875 0.62421875 0.1140625 0.115625
0 0.5859375 0.6875 0.171875 0.171875
0 0.365625 0.96015625 0.0203125 0.0203125
0 0.2515625 0.93046875 0.109375 0.109375
0 0.3 0.65390625 0.0171875 0.0171875
0 0.2875 0.58203125 0.025 0.025
0 0.11875 0.6984375 0.040625 0.040625
0 0.04609375 0.92734375 0.0609375 0.0609375
0 0.35703125 0.30625 0.021875 0.021875
0 0.41640625 0.28359375 0.01875 0.01875
0 0.5609375 0.22734375 0.015625 0.015625
0 0.153125 0.31640625 0.028125 0.0296875
0 0.00859375 0.2203125 0.015625 0.0296875
0 0.0484375 0.33671875 0.0171875 0.0171875
0 0.3015625 0.38203125 0.0984375 0.1
0 0.3 0.5765625 0.071875 0.071875
0 0.19609375 0.1140625 0.3921875 0.228125
0 0.48203125 0.63359375 0.0546875 0.0546875
0 0.4640625 0.85390625 0.015625 0.015625
0 0.74296875 0.228125 0.015625 0.015625
0 0.39140625 0.2 0.0125 0.0125
0 0.753125 0.109375 0.0171875 0.01875
0 0.79296875 0.2328125 0.025 0.025
0 0.62265625 0.5328125 0.015625 0.015625
0 0.0953125 0.58984375 0.021875 0.021875
0 0.13828125 0.4734375 0.015625 0.015625
0 0.14140625 0.7171875 0.015625 0.0171875
0 0.6234375 0.1875 0.015625 0.015625
0 0.6765625 0.19765625 0.015625 0.015625
0 0.721875 0.18671875 0.01875 0.01875
0 0.78203125 0.209375 0.015625 0.015625
0 0.7875 0.046875 0.015625 0.015625
0 0.7953125 0.0359375 0.015625 0.015625
0 0.89375 0.36171875 0.0171875 0.0171875
0 0.66640625 0.2484375 0.015625 0.015625
0 0.72734375 0.5203125 0.015625 0.015625
0 0.7859375 0.7859375 0.0328125 0.0328125
0 0.91640625 0.840625 0.03125 0.03125
0 0.92421875 0.7828125 0.01875 0.01875
0 0.59375 0.73984375 0.015625 0.015625
0 0.25703125 0.86171875 0.015625 0.015625
0 0.01015625 0.3796875 0.0125 0.0125
0 0.41015625 0.97265625 0.0125 0.0125
0 0.09296875 0.8765625 0.0125 0.0125
0 0.09453125 0.88671875 0.0125 0.0125
0 0.07578125 0.91328125 0.009375 0.009375
0 0.16640625 0.94140625 0.009375 0.009375
0 0.26953125 0.75625 0.009375 0.009375
0 0.240625 0.9671875 0.009375 0.009375
0 0.2546875 0.5734375 0.0109375 0.0109375
0 0.415625 0.39921875 0.015625 0.015625
0 0.77421875 0.0109375 0.0140625 0.00625
0 0.8078125 0.0578125 0.0171875 0.0171875
0 0.80546875 0.06875 0.0171875 0.01875
0 0.7828125 0.10234375 0.015625 0.015625
0 0.67890625 0.25078125 0.0109375 0.0109375
0 0.771875 0.2859375 0.0125 0.0125
0 0.696875 0.31015625 0.0140625 0.015625
0 0.60859375 0.25625 0.015625 0.015625
0 0.478125 0.23671875 0.0140625 0.0140625
0 0.53359375 0.34609375 0.015625 0.015625
0 0.50703125 0.37109375 0.0125 0.0125
0 0.825 0.1265625 0.0125 0.0125
0 0.803125 0.37421875 0.0125 0.0125
0 0.646875 0.42265625 0.015625 0.015625
0 0.62421875 0.5296875 0.0109375 0.0109375
0 0.47265625 0.50859375 0.0203125 0.0203125
0 0.64140625 0.3296875 0.0125 0.0125
0 0.63203125 0.32109375 0.015625 0.015625
0 0.7453125 0.31796875 0.01875 0.01875
0 0.67734375 0.71171875 0.009375 0.009375
0 0.51171875 0.7453125 0.015625 0.015625
0 0.56015625 0.88203125 0.0171875 0.0171875
0 0.68046875 0.7765625 0.015625 0.015625
0 0.6984375 0.79375 0.0140625 0.0140625
0 0.4546875 0.71015625 0.0125 0.0125
0 0.896875 0.8953125 0.025 0.025
0 0.9296875 0.059375 0.0140625 0.015625
0 0.9 0.05078125 0.0109375 0.0109375
0 0.9921875 0.12578125 0.015625 0.015625
0 0.95625 0.01640625 0.0625 0.03125
0 0.88203125 0.93671875 0.01875 0.01875
0 0.73828125 0.81015625 0.03125 0.03125
0 0.8 0.5671875 0.01875 0.01875
0 0.64609375 0.43046875 0.0125 0.0125
0 0.6984375 0.28828125 0.0125 0.0125
0 0.33203125 0.73203125 0.0234375 0.0234375