0 0.7890625 0.29609375 0.0375 0.0375
0 0.8671875 0.275 0.14375 0.1421875
0 0.9140625 0.05390625 0.0171875 0.0171875
0 0.5015625 0.075 0.021875 0.0203125
0 0.36953125 0.0421875 0.0234375 0.021875
0 0.3484375 0.41875 0.059375 0.0578125
0 0.0296875 0.25390625 0.01875 0.0171875
0 0.2359375 0.7015625 0.0265625 0.0265625
0 0.503125 0.57890625 0.0609375 0.059375
0 0.61875 0.5109375 0.2109375 0.20625
0 0.61484375 0.753125 0.0640625 0.0625
0 0.6890625 0.82421875 0.040625 0.040625
0 0.3 0.8140625 0.0171875 0.015625
0 0.25234375 0.9234375 0.0515625 0.05
0 0.41640625 0.80390625 0.4109375 0.3921875
0 0.85 0.9640625 0.028125 0.028125
0 0.7953125 0.81875 0.3390625 0.3328125
0 0.9765625 0.6203125 0.046875 0.065625
0 0.0359375 0.75625 0.0125 0.0125
0 0.38671875 0.97109375 0.0109375 0.0109375
0 0.9046875 0.4953125 0.0125 0.0125
0 0.95625 0.59296875 0.028125 0.028125
0 0.85625 0.2078125 0.0140625 0.0125
0 0.57421875 0.48046875 0.0125 0.0125
0 0.30234375 0.2828125 0.0125 0.0109375
0 0.05625 0.55 0.0140625 0.0140625
0 0.04921875 0.3859375 0.0109375 0.0109375
0 0.96015625 0.97578125 0.015625 0.015625
0 0.1671875 0.44609375 0.0125 0.0125
0 0.75859375 0.52265625 0.0109375 0.0109375
0 0.03515625 0.29296875 0.0125 0.0125
0 0.98515625 0.5265625 0.009375 0.009375
0 0.64375 0.0640625 0.0109375 0.0109375
0 0.503125 0.2796875 0.0109375 0.009375