0 0.90546875 0.89375 0.01875 0.01875
0 0.9 0.340625 0.0171875 0.0171875
0 0.8375 0.26171875 0.0171875 0.0171875
0 0.92890625 0.04765625 0.025 0.025
0 0.846875 0.06171875 0.0828125 0.0828125
0 0.6515625 0.09296875 0.078125 0.078125
0 0.278125 0.2015625 0.01875 0.01875
0 0.20390625 0.4109375 0.1375 0.1375
0 0.425 0.2984375 0.1140625 0.1140625
0 0.61796875 0.4265625 0.015625 0.015625
0 0.68671875 0.6828125 0.021875 0.021875
0 0.96484375 0.71015625 0.015625 0.015625
0 0.36015625 0.74375 0.0875 0.0875
0 0.0234375 0.4828125 0.0125 0.0125
0 0.42109375 0.4109375 0.0140625 0.0140625
0 0.08203125 0.13125 0.1640625 0.16875
0 0.74140625 0.21953125 0.0140625 0.0140625
0 0.559375 0.01484375 0.0125 0.009375
0 0.58671875 0.14375 0.0140625 0.0140625
0 0.56640625 0.103125 0.0125 0.0125
0 0.5265625 0.0140625 0.0109375 0.009375
0 0.3140625 0.409375 0.0125 0.0125
0 0.0140625 0.01640625 0.0140625 0.0140625
0 0.8109375 0.24609375 0.025 0.025
0 0.325 0.9125 0.0125 0.0125
0 0.37578125 0.9328125 0.0125 0.0125
0 0.2671875 0.55078125 0.0140625 0.0140625
0 0.69609375 0.67265625 0.015625 0.015625
0 0.9859375 0.34296875 0.009375 0.009375
0 0.33671875 0.1671875 0.021875 0.021875