0 0.2375 0.13125 0.096875 0.09375
0 0.31953125 0.18828125 0.021875 0.0203125
0 0.79453125 0.10234375 0.025 0.025
0 0.5265625 0.1921875 0.309375 0.29375
0 0.65703125 0.3234375 0.0546875 0.0515625
0 0.63984375 0.40078125 0.0171875 0.015625
0 0.1578125 0.34765625 0.0453125 0.04375
0 0.2390625 0.5703125 0.121875 0.115625
0 0.3796875 0.63359375 0.0296875 0.028125
0 0.22421875 0.75859375 0.0234375 0.021875
0 0.03828125 0.88203125 0.0734375 0.0703125
0 0.70234375 0.89921875 0.03125 0.03125
0 0.76875 0.69765625 0.0375 0.0359375
0 0.61171875 0.83203125 0.0296875 0.028125
0 0.62265625 0.8203125 0.15625 0.1484375
0 0.9390625 0.90703125 0.028125 0.025
0 0.98359375 0.67109375 0.028125 0.0265625
0 0.91875 0.66875 0.125 0.11875
0 0.68515625 0.98359375 0.0109375 0.009375
0 0.15859375 0.9171875 0.015625 0.015625
0 0.19453125 0.1515625 0.0203125 0.01875
0 0.29375 0.19921875 0.015625 0.0140625
0 0.06953125 0.4734375 0.0171875 0.015625
0 0.23828125 0.43125 0.015625 0.0140625
0 0.39921875 0.475 0.015625 0.015625
0 0.678125 0.42109375 0.01875 0.0171875
0 0.578125 0.22578125 0.0140625 0.0125
0 0.6921875 0.1296875 0.0125 0.0125
0 0.65703125 0.10078125 0.0140625 0.0125
0 0.86328125 0.0078125 0.0203125 0.015625
0 0.6328125 0.92578125 0.0125 0.0125
0 0.09609375 0.8921875 0.0109375 0.009375
0 0.01875 0.5578125 0.0125 0.0125
0 0.01484375 0.45546875 0.0109375 0.009375
0 0.38984375 0.43671875 0.0109375 0.0109375
0 0.07109375 0.7421875 0.0125 0.0109375
0 0.228125 0.746875 0.0109375 0.0109375
0 0.975 0.53984375 0.0109375 0.009375
0 0.83515625 0.16484375 0.0125 0.0109375
0 0.55546875 0.19296875 0.0109375 0.0109375
0 0.5875 0.3796875 0.0109375 0.0109375
0 0.58125 0.375 0.0125 0.0109375
0 0.3453125 0.30390625 0.0125 0.0109375
0 0.21640625 0.16640625 0.0125 0.0125