0 0.86640625 0.465625 0.0359375 0.0375
0 0.82421875 0.24375 0.2765625 0.28125
0 0.3078125 0.021875 0.046875 0.04375
0 0.559375 0.57265625 0.028125 0.028125
0 0.35078125 0.66953125 0.034375 0.034375
0 0.45546875 0.925 0.025 0.025
0 0.58125 0.8390625 0.01875 0.01875
0 0.453125 0.653125 0.0609375 0.0609375
0 0.58828125 0.98984375 0.0375 0.0203125
0 0.2515625 0.36875 0.0625 0.0625
0 0.03046875 0.8203125 0.046875 0.0484375
0 0.1984375 0.64921875 0.0390625 0.0390625
0 0.0359375 0.5265625 0.071875 0.09375
0 0.03515625 0.6078125 0.0125 0.0125
0 0.44609375 0.14375 0.0109375 0.0109375
0 0.3921875 0.89453125 0.0109375 0.0109375
0 0.375 0.99921875 0.0125 0.0015625
0 0.44375 0.76328125 0.0125 0.0125
0 0.04765625 0.60234375 0.0109375 0.0109375
0 0.29140625 0.29140625 0.0125 0.0125
0 0.996875 0.65 0.00625 0.0125
0 0.07421875 0.0984375 0.0125 0.0125
0 0.23125 0.15390625 0.0125 0.0125
0 0.196875 0.228125 0.0109375 0.0109375
0 0.1921875 0.21875 0.009375 0.009375
0 0.21796875 0.23671875 0.0109375 0.0125
0 0.24140625 0.3296875 0.009375 0.009375
0 0.43359375 0.3328125 0.021875 0.021875
0 0.321875 0.5578125 0.0140625 0.0140625
0 0.85390625 0.49921875 0.03125 0.03125
0 0.9171875 0.90625 0.01875 0.01875