0 0.534375 0.13359375 0.0375 0.0359375
0 0.75625 0.17578125 0.28125 0.2765625
0 0.978125 0.6921875 0.04375 0.046875
0 0.42734375 0.440625 0.028125 0.028125
0 0.33046875 0.64921875 0.034375 0.034375
0 0.075 0.54453125 0.025 0.025
0 0.1609375 0.41875 0.01875 0.01875
0 0.346875 0.546875 0.0609375 0.0609375
0 0.01015625 0.41171875 0.0203125 0.0375
0 0.63125 0.7484375 0.0625 0.0625
0 0.1796875 0.96953125 0.046875 0.046875
0 0.35078125 0.8015625 0.0390625 0.0390625
0 0.4734375 0.9640625 0.09375 0.071875
0 0.3921875 0.96484375 0.0125 0.0125
0 0.85625 0.55390625 0.0109375 0.0109375
0 0.10546875 0.6078125 0.0109375 0.0109375
0 0.23671875 0.55625 0.0125 0.0125
0 0.39765625 0.95234375 0.0109375 0.0109375
0 0.70859375 0.70859375 0.0125 0.0125
0 0.35 0.003125 0.0125 0.00625
0 0.9015625 0.92578125 0.0125 0.0125
0 0.84609375 0.76875 0.0125 0.0125
0 0.771875 0.803125 0.0109375 0.0109375
0 0.78125 0.8078125 0.009375 0.009375
0 0.76328125 0.78203125 0.0125 0.0109375
0 0.6703125 0.75859375 0.009375 0.009375
0 0.6671875 0.56640625 0.021875 0.021875
0 0.4421875 0.678125 0.0140625 0.0140625
0 0.50078125 0.14609375 0.03125 0.03125
0 0.09375 0.0828125 0.01875 0.01875