0 0.2375 0.86875 0.09765625 0.09296875
0 0.31953125 0.81171875 0.021875 0.0203125
0 0.79453125 0.89765625 0.025 0.02421875
0 0.5265625 0.8078125 0.309375 0.29296875
0 0.65703125 0.6765625 0.0546875 0.0515625
0 0.63984375 0.59921875 0.0171875 0.01640625
0 0.1578125 0.65234375 0.0453125 0.04296875
0 0.2390625 0.4296875 0.12109375 0.115625
0 0.3796875 0.36640625 0.0296875 0.028125
0 0.22421875 0.24140625 0.0234375 0.02265625
0 0.03828125 0.11796875 0.0734375 0.0703125
0 0.70234375 0.10078125 0.03203125 0.03046875
0 0.76875 0.30234375 0.03828125 0.0359375
0 0.61171875 0.16796875 0.0296875 0.028125
0 0.62265625 0.1796875 0.15625 0.1484375
0 0.9390625 0.09296875 0.02734375 0.025
0 0.98359375 0.32890625 0.02734375 0.0265625
0 0.91875 0.33125 0.125 0.11875
0 0.68515625 0.01640625 0.0109375 0.009375
0 0.15859375 0.0828125 0.01484375 0.01484375
0 0.19453125 0.8484375 0.0203125 0.01953125
0 0.29375 0.80078125 0.01484375 0.0140625
0 0.06953125 0.5265625 0.0171875 0.01640625
0 0.23828125 0.56875 0.01484375 0.0140625
0 0.39921875 0.525 0.015625 0.01484375
0 0.678125 0.57890625 0.01875 0.0171875
0 0.578125 0.77421875 0.0140625 0.0125
0 0.6921875 0.8703125 0.0125 0.01171875
0 0.65703125 0.89921875 0.0140625 0.0125
0 0.86328125 0.9921875 0.0203125 0.015625
0 0.6328125 0.07421875 0.0125 0.0125
0 0.09609375 0.1078125 0.0109375 0.009375
0 0.01875 0.4421875 0.01171875 0.01171875
0 0.01484375 0.54453125 0.0109375 0.009375
0 0.38984375 0.56328125 0.0109375 0.0109375
0 0.07109375 0.2578125 0.01171875 0.0109375
0 0.228125 0.253125 0.0109375 0.0109375
0 0.975 0.46015625 0.0109375 0.009375
0 0.83515625 0.83515625 0.01171875 0.0109375
0 0.55546875 0.80703125 0.0109375 0.0109375
0 0.5875 0.6203125 0.0109375 0.0109375
0 0.58125 0.625 0.01171875 0.0109375
0 0.3453125 0.69609375 0.01171875 0.0109375
0 0.21640625 0.83359375 0.0125 0.01171875