0 0.534375 0.86640625 0.0375 0.0359375
0 0.75625 0.82421875 0.28046875 0.2765625
0 0.978125 0.3078125 0.04296875 0.046875
0 0.42734375 0.559375 0.02734375 0.02734375
0 0.33046875 0.35078125 0.034375 0.034375
0 0.075 0.45546875 0.02421875 0.02421875
0 0.1609375 0.58125 0.01953125 0.01875
0 0.346875 0.453125 0.0609375 0.0609375
0 0.01015625 0.58828125 0.0203125 0.0375
0 0.63125 0.2515625 0.06328125 0.0625
0 0.1796875 0.03046875 0.04765625 0.046875
0 0.35078125 0.1984375 0.0390625 0.0390625
0 0.4734375 0.0359375 0.09453125 0.07109375
0 0.3921875 0.03515625 0.0125 0.0125
0 0.85625 0.44609375 0.0109375 0.0109375
0 0.10546875 0.3921875 0.0109375 0.0109375
0 0.00078125 0.375 0.00078125 0.01171875
0 0.23671875 0.44375 0.01171875 0.01171875
0 0.39765625 0.04765625 0.0109375 0.0109375
0 0.70859375 0.29140625 0.01171875 0.01171875
0 0.35 0.996875 0.01171875 0.00625
0 0.9015625 0.07421875 0.0125 0.0125
0 0.84609375 0.23125 0.01171875 0.01171875
0 0.771875 0.196875 0.0109375 0.0109375
0 0.78125 0.1921875 0.009375 0.009375
0 0.76328125 0.21796875 0.01171875 0.0109375
0 0.6703125 0.24140625 0.009375 0.009375
0 0.6671875 0.43359375 0.021875 0.021875
0 0.4421875 0.321875 0.0140625 0.0140625
0 0.50078125 0.85390625 0.03046875 0.03046875
0 0.09375 0.9171875 0.01953125 0.01875