0 0.10625 0.90546875 0.01875 0.01875
0 0.659375 0.9 0.0171875 0.0171875
0 0.73828125 0.8375 0.0171875 0.0171875
0 0.95234375 0.92890625 0.025 0.025
0 0.93828125 0.846875 0.0828125 0.0828125
0 0.90703125 0.6515625 0.07890625 0.07890625
0 0.7984375 0.278125 0.01953125 0.01953125
0 0.5890625 0.20390625 0.1375 0.1375
0 0.7015625 0.425 0.1140625 0.1140625
0 0.5734375 0.61796875 0.015625 0.015625
0 0.3171875 0.68671875 0.02265625 0.02265625
0 0.28984375 0.96484375 0.015625 0.015625
0 0.25625 0.36015625 0.0875 0.0875
0 0.5171875 0.0234375 0.01171875 0.01171875
0 0.5890625 0.42109375 0.0140625 0.0140625
0 0.86875 0.08203125 0.16875 0.1640625
0 0.78046875 0.74140625 0.0140625 0.0140625
0 0.98515625 0.559375 0.009375 0.01171875
0 0.85625 0.58671875 0.0140625 0.0140625
0 0.896875 0.56640625 0.01171875 0.01171875
0 0.9859375 0.5265625 0.00859375 0.0109375
0 0.590625 0.3140625 0.01171875 0.01171875
0 0.98359375 0.0140625 0.0140625 0.0140625
0 0.75390625 0.8109375 0.025 0.025
0 0.0875 0.325 0.0125 0.0125
0 0.0671875 0.37578125 0.01171875 0.01171875
0 0.44921875 0.2671875 0.0140625 0.0140625
0 0.32734375 0.69609375 0.01640625 0.01640625
0 0.65703125 0.9859375 0.009375 0.00859375
0 0.8328125 0.33671875 0.021875 0.021875