0 0.06328125 0.515625 0.034375 0.034375
0 0.078125 0.46953125 0.075 0.0765625
0 0.01484375 0.35390625 0.0296875 0.0359375
0 0.04296875 0.1125 0.08125 0.0828125
0 0.62109375 0.034375 0.0171875 0.0171875
0 0.69453125 0.22265625 0.01875 0.01875
0 0.5828125 0.17890625 0.0421875 0.0421875
0 0.45859375 0.3 0.040625 0.040625
0 0.45234375 0.21796875 0.115625 0.115625
0 0.65625 0.72890625 0.03125 0.03125
0 0.590625 0.65078125 0.0234375 0.0234375
0 0.8265625 0.8296875 0.05 0.05
0 0.91640625 0.5390625 0.028125 0.028125
0 0.9890625 0.18203125 0.021875 0.0296875
0 0.9703125 0.096875 0.015625 0.015625
0 0.9640625 0.05546875 0.01875 0.01875
0 0.88203125 0.0734375 0.03125 0.03125
0 0.95546875 0.353125 0.0890625 0.090625
0 0.596875 0.85546875 0.2171875 0.21875
0 0.3125 0.2203125 0.0125 0.0140625
0 0.87421875 0.41328125 0.0125 0.0125
0 0.94765625 0.22734375 0.0125 0.0125
0 0.15078125 0.08515625 0.0140625 0.0140625
0 0.46171875 0.2671875 0.0171875 0.0171875
0 0.190625 0.6921875 0.0125 0.0125
0 0.49140625 0.93828125 0.0140625 0.015625
0 0.29375 0.053125 0.0125 0.0125
0 0.91328125 0.2 0.0109375 0.0109375
0 0.48046875 0.55625 0.009375 0.009375
0 0.42265625 0.5796875 0.0109375 0.0109375
0 0.696875 0.64765625 0.0125 0.0125
0 0.0109375 0.48359375 0.0125 0.0125
0 0.91015625 0.80546875 0.0171875 0.0171875
0 0.54375 0.81015625 0.009375 0.009375
0 0.77421875 0.93046875 0.01875 0.01875
0 0.7734375 0.94765625 0.0203125 0.0203125
0 0.0390625 0.7125 0.028125 0.028125