0 0.55546875 0.5796875 0.065625 0.0640625
0 0.65390625 0.69375 0.05 0.0484375
0 0.71796875 0.81875 0.053125 0.0515625
0 0.63515625 0.7765625 0.0421875 0.040625
0 0.7484375 0.89375 0.01640625 0.01640625
0 0.5578125 0.94453125 0.02265625 0.021875
0 0.52265625 0.87734375 0.065625 0.0640625
0 0.50703125 0.78984375 0.08984375 0.0875
0 0.053125 0.7296875 0.10546875 0.1859375
0 0.05390625 0.5796875 0.02421875 0.0234375
0 0.4296875 0.36796875 0.01875 0.01875
0 0.67734375 0.33359375 0.01640625 0.015625
0 0.83125 0.303125 0.05859375 0.0578125
0 0.5 0.38828125 1 0.7765625
0 0.79140625 0.05234375 0.1640625 0.1046875
0 0.11171875 0.2265625 0.01484375 0.0140625
0 0.02578125 0.07578125 0.0125 0.0125
0 0.6546875 0.06484375 0.01484375 0.01484375
0 0.19375 0.45234375 0.01953125 0.01953125
0 0.3921875 0.68828125 0.01171875 0.01171875
0 0.74375 0.903125 0.0140625 0.0125
0 0.2671875 0.9484375 0.009375 0.009375