0 0.803125 0.3265625 0.015625 0.0171875
0 0.79765625 0.75234375 0.021875 0.021875
0 0.68828125 0.53046875 0.015625 0.0171875
0 0.45859375 0.36953125 0.0171875 0.01875
0 0.60703125 0.5484375 0.05 0.053125
0 0.0234375 0.51875 0.046875 0.0875
0 0.0828125 0.96328125 0.025 0.0265625
0 0.0875 0.9890625 0.025 0.021875
0 0.184375 0.94453125 0.015625 0.0171875
0 0.14375 0.4640625 0.0109375 0.0109375
0 0.04140625 0.36640625 0.0125 0.0125
0 0.15859375 0.2921875 0.015625 0.015625
0 0.8140625 0.075 0.01875 0.01875
0 0.89921875 0.2109375 0.009375 0.009375
0 0.97578125 0.7328125 0.0125 0.0125
0 0.090625 0.5890625 0.009375 0.009375
0 0.41875 0.0171875 0.009375 0.009375
0 0.6734375 0.62421875 0.0109375 0.0109375
0 0.984375 0.4625 0.0125 0.0125