0 0.98984375 0.9515625 0.0203125 0.028125
0 0.74140625 0.86796875 0.0203125 0.0171875
0 0.83671875 0.63359375 0.0515625 0.046875
0 0.4515625 0.6953125 0.05625 0.05
0 0.6984375 0.9 0.06875 0.059375
0 0.225 0.63359375 0.0359375 0.03125
0 0.1234375 0.6734375 0.028125 0.025
0 0.1765625 0.728125 0.021875 0.01875
0 0.02421875 0.1109375 0.0265625 0.021875
0 0.1234375 0.46953125 0.028125 0.025
0 0.23359375 0.13671875 0.0203125 0.01875
0 0.35546875 0.5140625 0.0203125 0.0171875
0 0.3953125 0.08125 0.05 0.0453125
0 0.96875 0.12421875 0.0625 0.0609375
0 0.7890625 0.13984375 0.021875 0.01875
0 0.97890625 0.38125 0.0421875 0.0640625
0 0.403125 0.04140625 0.0140625 0.0125
0 0.48359375 0.14921875 0.015625 0.0125
0 0.490625 0.075 0.16875 0.1484375
0 0.0921875 0.15859375 0.0125 0.0109375
0 0.17109375 0.29140625 0.015625 0.0125
0 0.14921875 0.4625 0.01875 0.0171875
0 0.30390625 0.35546875 0.015625 0.0125
0 0.28984375 0.47578125 0.0125 0.0109375
0 0.278125 0.52578125 0.0109375 0.009375
0 0.25859375 0.50859375 0.0125 0.009375
0 0.071875 0.615625 0.0125 0.0109375
0 0.22109375 0.65546875 0.0125 0.0109375
0 0.503125 0.621875 0.0171875 0.015625
0 0.7046875 0.33203125 0.0125 0.0109375
0 0.73515625 0.328125 0.0125 0.0109375
0 0.72421875 0.434375 0.0125 0.0109375
0 0.7515625 0.60078125 0.0140625 0.0125
0 0.97890625 0.24375 0.015625 0.015625
0 0.9265625 0.67265625 0.0140625 0.0125
0 0.93203125 0.91640625 0.0125 0.0109375
0 0.30625 0.81640625 0.0125 0.0109375
0 0.10234375 0.8234375 0.01875 0.015625
0 0.34296875 0.86484375 0.015625 0.0125
0 0.71171875 0.2671875 0.0125 0.0125
0 0.690625 0.47421875 0.0125 0.0109375
0 0.78046875 0.378125 0.0109375 0.009375
0 0.98046875 0.62578125 0.0125 0.0109375
0 0.75234375 0.55 0.0125 0.009375
0 0.53046875 0.23515625 0.0109375 0.009375
0 0.38359375 0.975 0.0140625 0.0125
0 0.56171875 0.7046875 0.0125 0.0109375
0 0.24140625 0.32734375 0.053125 0.046875
0 0.60234375 0.025 0.0125 0.0109375
0 0.10078125 0.59609375 0.0140625 0.0125
0 0.70390625 0.7171875 0.0125 0.009375
0 0.290625 0.84453125 0.0390625 0.034375