0 0.803125 0.6734375 0.015625 0.0171875
0 0.79765625 0.24765625 0.021875 0.021875
0 0.68828125 0.46953125 0.015625 0.0171875
0 0.45859375 0.63046875 0.0171875 0.01875
0 0.60703125 0.4515625 0.05 0.053125
0 0.0234375 0.48125 0.046875 0.0875
0 0.0828125 0.03671875 0.025 0.0265625
0 0.0875 0.0109375 0.025 0.021875
0 0.184375 0.05546875 0.015625 0.0171875
0 0.14375 0.5359375 0.0109375 0.0109375
0 0.04140625 0.63359375 0.0125 0.0125
0 0.15859375 0.7078125 0.015625 0.015625
0 0.8140625 0.925 0.01875 0.01875
0 0.89921875 0.7890625 0.009375 0.009375
0 0.97578125 0.2671875 0.0125 0.0125
0 0.090625 0.4109375 0.009375 0.009375
0 0.41875 0.9828125 0.009375 0.009375
0 0.6734375 0.37578125 0.0109375 0.0109375
0 0.984375 0.5375 0.0125 0.0125