0 0.44453125 0.5796875 0.065625 0.0640625
0 0.34609375 0.69375 0.05 0.0484375
0 0.28203125 0.81875 0.053125 0.0515625
0 0.36484375 0.7765625 0.0421875 0.040625
0 0.2515625 0.89375 0.015625 0.015625
0 0.4421875 0.94453125 0.021875 0.021875
0 0.47734375 0.87734375 0.065625 0.0640625
0 0.49296875 0.78984375 0.090625 0.0875
0 0.946875 0.7296875 0.10625 0.1859375
0 0.94609375 0.5796875 0.025 0.0234375
0 0.5703125 0.36796875 0.01875 0.01875
0 0.32265625 0.33359375 0.015625 0.015625
0 0.16875 0.303125 0.059375 0.0578125
0 0.5 0.38828125 1 0.7765625
0 0.20859375 0.05234375 0.1640625 0.1046875
0 0.88828125 0.2265625 0.015625 0.0140625
0 0.97421875 0.07578125 0.0125 0.0125
0 0.3453125 0.06484375 0.015625 0.015625
0 0.80625 0.45234375 0.01875 0.01875
0 0.6078125 0.68828125 0.0125 0.0125
0 0.25625 0.903125 0.0140625 0.0125
0 0.7328125 0.9484375 0.009375 0.009375