0 0.5796875 0.55546875 0.0640625 0.065625
0 0.69375 0.65390625 0.0484375 0.05
0 0.81875 0.71796875 0.0515625 0.053125
0 0.7765625 0.63515625 0.040625 0.0421875
0 0.89375 0.7484375 0.015625 0.015625
0 0.94453125 0.5578125 0.021875 0.021875
0 0.87734375 0.52265625 0.0640625 0.065625
0 0.78984375 0.50703125 0.0875 0.090625
0 0.7296875 0.053125 0.1859375 0.10625
0 0.5796875 0.05390625 0.0234375 0.025
0 0.36796875 0.4296875 0.01875 0.01875
0 0.33359375 0.67734375 0.015625 0.015625
0 0.303125 0.83125 0.0578125 0.059375
0 0.38828125 0.5 0.7765625 1
0 0.05234375 0.79140625 0.1046875 0.1640625
0 0.2265625 0.11171875 0.0140625 0.015625
0 0.07578125 0.02578125 0.0125 0.0125
0 0.06484375 0.6546875 0.015625 0.015625
0 0.45234375 0.19375 0.01875 0.01875
0 0.68828125 0.3921875 0.0125 0.0125
0 0.903125 0.74375 0.0125 0.0140625
0 0.9484375 0.2671875 0.009375 0.009375