0 0.2140625 0.6359375 0.05078125 0.0484375
0 0.39453125 0.13359375 0.03359375 0.03125
0 0.525 0.28359375 0.0578125 0.05546875
0 0.62265625 0.07578125 0.040625 0.040625
0 0.76328125 0.290625 0.1296875 0.125
0 0.29921875 0.84765625 0.05078125 0.0484375
0 0.05390625 0.7015625 0.071875 0.06953125
0 0.32578125 0.0578125 0.0265625 0.0265625
0 0.87890625 0.79453125 0.02890625 0.0265625
0 0.62890625 0.859375 0.0265625 0.0265625
0 0.31640625 0.77734375 0.0359375 0.0359375
0 0.165625 0.85546875 0.31953125 0.28828125