0 0.05078125 0.0359375 0.0390625 0.0375
0 0.0453125 0.4109375 0.090625 0.1015625
0 0.403125 0.2703125 0.1640625 0.1609375
0 0.609375 0.3109375 0.0203125 0.01875
0 0.62265625 0.36875 0.0328125 0.03125
0 0.7140625 0.30234375 0.115625 0.1125
0 0.77578125 0.5375 0.0765625 0.075
0 0.68515625 0.60546875 0.0171875 0.0171875
0 0.80625 0.6734375 0.053125 0.0515625
0 0.81484375 0.696875 0.053125 0.053125
0 0.8078125 0.759375 0.021875 0.0203125
0 0.971875 0.7703125 0.03125 0.0296875
0 0.6171875 0.98359375 0.0296875 0.0296875
0 0.22265625 0.64765625 0.0203125 0.0203125
0 0.67734375 0.525 0.29375 0.2875
0 0.6140625 0.834375 0.015625 0.015625
0 0.1515625 0.74375 0.0125 0.0125
0 0.2515625 0.69453125 0.0140625 0.0140625
0 0.253125 0.68671875 0.0109375 0.0109375
0 0.459375 0.46484375 0.0140625 0.0140625
0 0.4484375 0.3640625 0.015625 0.015625
0 0.86953125 0.40546875 0.0125 0.0125
0 0.98359375 0.190625 0.015625 0.015625
0 0.83359375 0.5453125 0.08125 0.0796875
0 0.01640625 0.01640625 0.0109375 0.0109375
0 0.06328125 0.89765625 0.0125 0.0125
0 0.37578125 0.79375 0.0109375 0.009375
0 0.45390625 0.8 0.0109375 0.0109375
0 0.9109375 0.69453125 0.0140625 0.0140625
0 0.9453125 0.55859375 0.0109375 0.0109375
0 0.65234375 0.334375 0.0109375 0.0109375
0 0.63359375 0.5125 0.015625 0.0140625
0 0.50859375 0.52109375 0.0109375 0.0109375
0 0.303125 0.64765625 0.0109375 0.0109375
0 0.4171875 0.253125 0.009375 0.009375
0 0.8625 0.1203125 0.009375 0.009375
0 0.0453125 0.2703125 0.090625 0.178125
0 0.95625 0.290625 0.0859375 0.2015625