0 0.94921875 0.9640625 0.0375 0.0375
0 0.9546875 0.5890625 0.090625 0.1015625
0 0.596875 0.7296875 0.1640625 0.1609375
0 0.390625 0.6890625 0.0203125 0.01875
0 0.37734375 0.63125 0.0328125 0.03125
0 0.2859375 0.69765625 0.1171875 0.1125
0 0.22421875 0.4625 0.0765625 0.075
0 0.31484375 0.39453125 0.0171875 0.0171875
0 0.19375 0.3265625 0.053125 0.0515625
0 0.18515625 0.303125 0.0546875 0.053125
0 0.1921875 0.240625 0.021875 0.0203125
0 0.028125 0.2296875 0.03125 0.0296875
0 0.3828125 0.01640625 0.0296875 0.0296875
0 0.77734375 0.35234375 0.0203125 0.0203125
0 0.32265625 0.475 0.29375 0.2875
0 0.3859375 0.165625 0.015625 0.015625
0 0.8484375 0.25625 0.0125 0.0125
0 0.7484375 0.30546875 0.0140625 0.0140625
0 0.746875 0.31328125 0.0109375 0.0109375
0 0.540625 0.53515625 0.0140625 0.0140625
0 0.5515625 0.6359375 0.015625 0.015625
0 0.13046875 0.59453125 0.0125 0.0125
0 0.01640625 0.809375 0.015625 0.015625
0 0.16640625 0.4546875 0.08125 0.0796875
0 0.98359375 0.98359375 0.0109375 0.0109375
0 0.93671875 0.10234375 0.0125 0.0125
0 0.62421875 0.20625 0.0109375 0.009375
0 0.54609375 0.2 0.0109375 0.0109375
0 0.0890625 0.30546875 0.0140625 0.0140625
0 0.0546875 0.44140625 0.0109375 0.0109375
0 0.34765625 0.665625 0.0109375 0.0109375
0 0.36640625 0.4875 0.015625 0.0140625
0 0.49140625 0.47890625 0.0109375 0.0109375
0 0.696875 0.35234375 0.0109375 0.0109375
0 0.5828125 0.746875 0.009375 0.009375
0 0.1375 0.8796875 0.009375 0.009375
0 0.9546875 0.7296875 0.090625 0.178125
0 0.04375 0.709375 0.0859375 0.2015625