0 0.0890625 0.20234375 0.021875 0.0234375
0 0.26640625 0.06015625 0.025 0.028125
0 0.3609375 0.078125 0.0359375 0.040625
0 0.12578125 0.53828125 0.025 0.028125
0 0.19921875 0.7546875 0.2671875 0.29375
0 0.85625 0.03671875 0.021875 0.0234375
0 0.78125 0.8609375 0.034375 0.0375
0 0.8640625 0.93828125 0.0625 0.0671875
0 0.67890625 0.8890625 0.025 0.0265625
0 0.6328125 0.77421875 0.015625 0.01875
0 0.50859375 0.80859375 0.28125 0.3078125
0 0.8875 0.425 0.015625 0.01875
0 0.996875 0.36875 0.00625 0.0125
0 0.80390625 0.30703125 0.015625 0.015625
0 0.79375 0.10546875 0.0140625 0.015625
0 0.8765625 0.88203125 0.0171875 0.01875
0 0.396875 0.95234375 0.015625 0.015625
0 0.50390625 0.80390625 0.0125 0.015625
0 0.58515625 0.740625 0.0140625 0.015625
0 0.68359375 0.775 0.0125 0.0125
0 0.503125 0.53984375 0.0109375 0.0125
0 0.49296875 0.38515625 0.0140625 0.015625
0 0.7703125 0.27421875 0.0125 0.0125
0 0.0421875 0.8171875 0.0109375 0.0125
0 0.17109375 0.915625 0.009375 0.0109375
0 0.18125 0.91484375 0.009375 0.0109375
0 0.08046875 0.1234375 0.0125 0.015625
0 0.08828125 0.1984375 0.0109375 0.0125
0 0.69765625 0.628125 0.0125 0.0140625
0 0.81796875 0.70625 0.009375 0.0109375
0 0.6859375 0.2203125 0.0109375 0.0125
0 0.3265625 0.4234375 0.0109375 0.0125
0 0.9796875 0.284375 0.009375 0.0109375
0 0.9203125 0.24296875 0.009375 0.0109375
0 0.4546875 0.1125 0.009375 0.0109375
0 0.4984375 0.22578125 0.0625 0.0671875
0 0.41328125 0.72578125 0.0125 0.015625
0 0.93125 0.7671875 0.125 0.1375