0 0.040625 0.82890625 0.015625 0.015625
0 0.065625 0.8390625 0.021875 0.025
0 0.115625 0.7453125 0.015625 0.0171875
0 0.2140625 0.74140625 0.0140625 0.015625
0 0.1140625 0.5046875 0.0125 0.0140625
0 0.0375 0.37421875 0.015625 0.0171875
0 0.01640625 0.778125 0.0140625 0.015625
0 0.0140625 0.7671875 0.01875 0.0203125
0 0.05234375 0.28671875 0.025 0.028125
0 0.134375 0.040625 0.0140625 0.015625
0 0.09296875 0.2 0.1859375 0.321875
0 0.334375 0.04609375 0.015625 0.0171875
0 0.5203125 0.1859375 0.028125 0.03125
0 0.80859375 0.07265625 0.009375 0.0125
0 0.73671875 0.21796875 0.0109375 0.0125
0 0.81640625 0.30703125 0.0328125 0.0375
0 0.771875 0.33515625 0.0109375 0.0125
0 0.52421875 0.29453125 0.015625 0.0171875
0 0.49609375 0.4046875 0.015625 0.01875
0 0.5109375 0.4546875 0.0140625 0.015625
0 0.5609375 0.559375 0.0421875 0.046875
0 0.3828125 0.48671875 0.0140625 0.015625
0 0.28046875 0.48125 0.01875 0.021875
0 0.325 0.49453125 0.015625 0.01875
0 0.34765625 0.521875 0.021875 0.025
0 0.43125 0.6453125 0.0234375 0.0265625
0 0.73125 0.10859375 0.384375 0.2171875
0 0.959375 0.0859375 0.0140625 0.015625
0 0.75390625 0.71796875 0.0125 0.0140625
0 0.67265625 0.7 0.0125 0.0125
0 0.665625 0.74609375 0.040625 0.0453125
0 0.86484375 0.9640625 0.0203125 0.021875
0 0.49140625 0.85078125 0.009375 0.0109375
0 0.31640625 0.88359375 0.0109375 0.0125
0 0.2765625 0.86796875 0.0109375 0.0125
0 0.24609375 0.7 0.053125 0.0609375
0 0.503125 0.975 0.059375 0.05
0 0.9734375 0.74609375 0.015625 0.0171875
0 0.9703125 0.6859375 0.0125 0.0140625
0 0.98828125 0.5984375 0.0234375 0.0359375
0 0.059375 0.88125 0.015625 0.0171875
0 0.325 0.95 0.015625 0.01875
0 0.471875 0.7875 0.009375 0.0125
0 0.73828125 0.10859375 0.009375 0.0125
0 0.8453125 0.203125 0.015625 0.01875
0 0.8375 0.596875 0.0109375 0.0125
0 0.82109375 0.7703125 0.0125 0.0140625
0 0.265625 0.4328125 0.009375 0.0125
0 0.69296875 0.40859375 0.0109375 0.0125