0 0.04765625 0.0859375 0.0203125 0.01875
0 0.31171875 0.07578125 0.015625 0.0140625
0 0.13203125 0.29765625 0.01953125 0.0171875
0 0.059375 0.253125 0.0109375 0.009375
0 0.090625 0.19765625 0.0109375 0.009375
0 0.2859375 0.3296875 0.015625 0.0140625
0 0.2203125 0.44765625 0.02421875 0.02265625
0 0.290625 0.40390625 0.0859375 0.078125
0 0.3328125 0.35 0.02265625 0.0203125
0 0.3421875 0.39765625 0.0109375 0.009375
0 0.26875 0.53203125 0.015625 0.0140625
0 0.3765625 0.5125 0.0125 0.0109375
0 0.45 0.5171875 0.0140625 0.0125
0 0.4421875 0.4390625 0.0140625 0.01171875
0 0.503125 0.590625 0.02421875 0.021875
0 0.49765625 0.415625 0.0125 0.0109375
0 0.69453125 0.39921875 0.0265625 0.02421875
0 0.7421875 0.31484375 0.02734375 0.025
0 0.71640625 0.31953125 0.0171875 0.01640625
0 0.6609375 0.3421875 0.0125 0.0109375
0 0.6265625 0.2828125 0.0140625 0.01171875
0 0.59296875 0.315625 0.0125 0.01171875
0 0.45625 0.25 0.021875 0.01953125
0 0.39921875 0.24296875 0.021875 0.01953125
0 0.45625 0.35390625 0.0140625 0.0125
0 0.66484375 0.4546875 0.07109375 0.0640625
0 0.5640625 0.334375 0.01171875 0.0109375
0 0.50625 0.28359375 0.0109375 0.009375
0 0.7625 0.55625 0.01171875 0.0109375
0 0.175 0.45390625 0.021875 0.01953125
0 0.4015625 0.0390625 0.06328125 0.0578125
0 0.94375 0.059375 0.01640625 0.01484375
0 0.9734375 0.125 0.0125 0.01171875
0 0.96171875 0.315625 0.02734375 0.025
0 0.87890625 0.32421875 0.0578125 0.0515625
0 0.8421875 0.3171875 0.01484375 0.0125
0 0.77421875 0.103125 0.196875 0.1796875
0 0.871875 0.1109375 0.15234375 0.1390625
0 0.3703125 0.30078125 0.740625 0.6015625
0 0.984375 0.54921875 0.0109375 0.015625
0 0.9015625 0.43125 0.01484375 0.0125
0 0.9265625 0.6859375 0.01171875 0.0109375
0 0.83671875 0.671875 0.01171875 0.009375
0 0.67109375 0.5875 0.01640625 0.01484375
0 0.4546875 0.6609375 0.0234375 0.021875
0 0.7078125 0.821875 0.11015625 0.1
0 0.66328125 0.725 0.01171875 0.0109375
0 0.81875 0.8859375 0.025 0.0234375
0 0.9421875 0.9359375 0.02265625 0.01953125
0 0.3640625 0.909375 0.01171875 0.0109375
0 0.15859375 0.89453125 0.08203125 0.07421875
0 0.18828125 0.8078125 0.01484375 0.0125
0 0.3171875 0.7203125 0.021875 0.01953125
0 0.0890625 0.4671875 0.0125 0.01171875
0 0.0046875 0.7625 0.00859375 0.0109375
0 0.15703125 0.61875 0.0125 0.01171875
0 0.3171875 0.26640625 0.01484375 0.0140625
0 0.99140625 0.2359375 0.00625 0.009375
0 0.22265625 0.46328125 0.015625 0.01484375
0 0.4734375 0.8375 0.01171875 0.0109375
0 0.2859375 0.746875 0.0109375 0.009375
0 0.44453125 0.76640625 0.0125 0.01171875
0 0.98671875 0.77734375 0.0265625 0.02734375
0 0.1 0.4703125 0.0171875 0.015625
0 0.95 0.7296875 0.0171875 0.015625
0 0.909375 0.63359375 0.01484375 0.0140625