0 0.95234375 0.0859375 0.0203125 0.01875
0 0.68828125 0.07578125 0.015625 0.0140625
0 0.86796875 0.29765625 0.01875 0.0171875
0 0.940625 0.253125 0.0109375 0.009375
0 0.909375 0.19765625 0.0109375 0.009375
0 0.7140625 0.3296875 0.015625 0.0140625
0 0.7796875 0.44765625 0.025 0.021875
0 0.709375 0.40390625 0.0859375 0.078125
0 0.6671875 0.35 0.021875 0.0203125
0 0.6578125 0.39765625 0.0109375 0.009375
0 0.73125 0.53203125 0.015625 0.0140625
0 0.6234375 0.5125 0.0125 0.0109375
0 0.55 0.5171875 0.0140625 0.0125
0 0.5578125 0.4390625 0.0140625 0.0125
0 0.496875 0.590625 0.025 0.021875
0 0.50234375 0.415625 0.0125 0.0109375
0 0.30546875 0.39921875 0.0265625 0.025
0 0.2578125 0.31484375 0.028125 0.025
0 0.28359375 0.31953125 0.0171875 0.015625
0 0.3390625 0.3421875 0.0125 0.0109375
0 0.3734375 0.2828125 0.0140625 0.0125
0 0.40703125 0.315625 0.0125 0.0125
0 0.54375 0.25 0.021875 0.01875
0 0.60078125 0.24296875 0.021875 0.01875
0 0.54375 0.35390625 0.0140625 0.0125
0 0.33515625 0.4546875 0.071875 0.0640625
0 0.4359375 0.334375 0.0125 0.0109375
0 0.49375 0.28359375 0.0109375 0.009375
0 0.2375 0.55625 0.0125 0.0109375
0 0.825 0.45390625 0.021875 0.01875
0 0.5984375 0.0390625 0.0625 0.0578125
0 0.05625 0.059375 0.015625 0.015625
0 0.0265625 0.125 0.0125 0.0125
0 0.03828125 0.315625 0.028125 0.025
0 0.12109375 0.32421875 0.0578125 0.0515625
0 0.1578125 0.3171875 0.015625 0.0125
0 0.22578125 0.103125 0.196875 0.1796875
0 0.128125 0.1109375 0.153125 0.1390625
0 0.6296875 0.30078125 0.740625 0.6015625
0 0.015625 0.54921875 0.0109375 0.015625
0 0.0984375 0.43125 0.015625 0.0125
0 0.0734375 0.6859375 0.0125 0.0109375
0 0.16328125 0.671875 0.0125 0.009375
0 0.32890625 0.5875 0.015625 0.015625
0 0.5453125 0.6609375 0.0234375 0.021875
0 0.2921875 0.821875 0.109375 0.1
0 0.33671875 0.725 0.0125 0.0109375
0 0.18125 0.8859375 0.025 0.0234375
0 0.0578125 0.9359375 0.021875 0.01875
0 0.6359375 0.909375 0.0125 0.0109375
0 0.84140625 0.89453125 0.08125 0.075
0 0.81171875 0.8078125 0.015625 0.0125
0 0.6828125 0.7203125 0.021875 0.01875
0 0.9109375 0.4671875 0.0125 0.0125
0 0.9953125 0.7625 0.009375 0.0109375
0 0.84296875 0.61875 0.0125 0.0125
0 0.6828125 0.26640625 0.015625 0.0140625
0 0.00859375 0.2359375 0.00625 0.009375
0 0.77734375 0.46328125 0.015625 0.015625
0 0.5265625 0.8375 0.0125 0.0109375
0 0.7140625 0.746875 0.0109375 0.009375
0 0.55546875 0.76640625 0.0125 0.0125
0 0.01328125 0.77734375 0.0265625 0.028125
0 0.9 0.4703125 0.0171875 0.015625
0 0.05 0.7296875 0.0171875 0.015625
0 0.090625 0.63359375 0.015625 0.0140625