0 0.95234375 0.9140625 0.0203125 0.01875
0 0.68828125 0.92421875 0.015625 0.0140625
0 0.86796875 0.70234375 0.01875 0.0171875
0 0.940625 0.746875 0.0109375 0.009375
0 0.909375 0.80234375 0.0109375 0.009375
0 0.7140625 0.6703125 0.015625 0.0140625
0 0.7796875 0.55234375 0.025 0.021875
0 0.709375 0.59609375 0.0859375 0.078125
0 0.6671875 0.65 0.021875 0.0203125
0 0.6578125 0.60234375 0.0109375 0.009375
0 0.73125 0.46796875 0.015625 0.0140625
0 0.6234375 0.4875 0.0125 0.0109375
0 0.55 0.4828125 0.0140625 0.0125
0 0.5578125 0.5609375 0.0140625 0.0125
0 0.496875 0.409375 0.025 0.021875
0 0.50234375 0.584375 0.0125 0.0109375
0 0.30546875 0.60078125 0.0265625 0.025
0 0.2578125 0.68515625 0.028125 0.025
0 0.28359375 0.68046875 0.0171875 0.015625
0 0.3390625 0.6578125 0.0125 0.0109375
0 0.3734375 0.7171875 0.0140625 0.0125
0 0.40703125 0.684375 0.0125 0.0125
0 0.54375 0.75 0.021875 0.01875
0 0.60078125 0.75703125 0.021875 0.01875
0 0.54375 0.64609375 0.0140625 0.0125
0 0.33515625 0.5453125 0.071875 0.0640625
0 0.4359375 0.665625 0.0125 0.0109375
0 0.49375 0.71640625 0.0109375 0.009375
0 0.2375 0.44375 0.0125 0.0109375
0 0.825 0.54609375 0.021875 0.01875
0 0.5984375 0.9609375 0.0625 0.0578125
0 0.05625 0.940625 0.015625 0.015625
0 0.0265625 0.875 0.0125 0.0125
0 0.03828125 0.684375 0.028125 0.025
0 0.12109375 0.67578125 0.0578125 0.0515625
0 0.1578125 0.6828125 0.015625 0.0125
0 0.22578125 0.896875 0.196875 0.1796875
0 0.128125 0.8890625 0.153125 0.1390625
0 0.6296875 0.69921875 0.740625 0.6015625
0 0.015625 0.45078125 0.0109375 0.015625
0 0.0984375 0.56875 0.015625 0.0125
0 0.0734375 0.3140625 0.0125 0.0109375
0 0.16328125 0.328125 0.0125 0.009375
0 0.32890625 0.4125 0.015625 0.015625
0 0.5453125 0.3390625 0.0234375 0.021875
0 0.2921875 0.178125 0.109375 0.1
0 0.33671875 0.275 0.0125 0.0109375
0 0.18125 0.1140625 0.025 0.0234375
0 0.0578125 0.0640625 0.021875 0.01875
0 0.6359375 0.090625 0.0125 0.0109375
0 0.84140625 0.10546875 0.08125 0.075
0 0.81171875 0.1921875 0.015625 0.0125
0 0.6828125 0.2796875 0.021875 0.01875
0 0.9109375 0.5328125 0.0125 0.0125
0 0.9953125 0.2375 0.009375 0.0109375
0 0.84296875 0.38125 0.0125 0.0125
0 0.6828125 0.73359375 0.015625 0.0140625
0 0.00859375 0.7640625 0.00625 0.009375
0 0.77734375 0.53671875 0.015625 0.015625
0 0.5265625 0.1625 0.0125 0.0109375
0 0.7140625 0.253125 0.0109375 0.009375
0 0.55546875 0.23359375 0.0125 0.0125
0 0.01328125 0.22265625 0.0265625 0.028125
0 0.9 0.5296875 0.0171875 0.015625
0 0.05 0.2703125 0.0171875 0.015625
0 0.090625 0.36640625 0.015625 0.0140625