0 0.69453125 0.89921875 0.015625 0.0171875
0 0.053125 0.43125 0.0109375 0.009375
0 0.18125 0.4203125 0.00625 0.00625
0 0.67421875 0.20078125 0.00625 0.00625
0 0.99765625 0.2765625 0.0046875 0.009375
0 0.309375 0.11796875 0.0078125 0.0078125
0 0.93984375 0.66015625 0.00625 0.00625
0 0.1359375 0.27734375 0.0078125 0.0078125
0 0.18671875 0.59375 0.00625 0.00625
0 0.640625 0.43828125 0.0078125 0.0078125
0 0.79609375 0.78359375 0.0078125 0.00625
0 0.059375 0.6421875 0.0078125 0.0078125
0 0.415625 0.88515625 0.0171875 0.015625
0 0.1203125 0.5015625 0.0109375 0.0125
0 0.8765625 0.96640625 0.00625 0.00625
0 0.06875 0.06640625 0.00625 0.0078125
0 0.8609375 0.803125 0.00625 0.0078125
0 0.78984375 0.69453125 0.00625 0.00625
0 0.0890625 0.7453125 0.009375 0.0078125
0 0.23984375 0.5734375 0.009375 0.009375
0 0.2140625 0.71953125 0.00625 0.00625
0 0.7546875 0.0875 0.00625 0.00625
0 0.13359375 0.7140625 0.00625 0.00625
0 0.1078125 0.653125 0.0078125 0.009375
0 0.809375 0.10625 0.00625 0.00625
0 0.87578125 0.871875 0.00625 0.00625
0 0.1140625 0.175 0.0359375 0.034375
0 0.7515625 0.3734375 0.00625 0.00625
0 0.39921875 0.425 0.0078125 0.00625
0 0.8671875 0.7671875 0.0078125 0.00625
0 0.871875 0.46953125 0.00625 0.00625
0 0.06171875 0.65859375 0.0078125 0.009375
0 0.23984375 0.628125 0.00625 0.00625
0 0.95546875 0.9125 0.01875 0.01875
0 0.1375 0.6703125 0.00625 0.00625
0 0.88125 0.7859375 0.0078125 0.0078125
0 0.571875 0.78515625 0.009375 0.0078125
0 0.39296875 0.6359375 0.009375 0.009375
0 0.040625 0.71171875 0.00625 0.00625
0 0.58828125 0.19765625 0.00625 0.00625
0 0.70546875 0.30390625 0.00625 0.00625
0 0.2765625 0.99609375 0.00625 0.00625
0 0.821875 0.815625 0.009375 0.0078125
0 0.0375 0.71015625 0.0109375 0.009375
0 0.13125 0.8625 0.009375 0.009375
0 0.51640625 0.05625 0.00625 0.00625
0 0.07890625 0.60546875 0.0078125 0.0078125
0 0.74921875 0.209375 0.00625 0.00625
0 0.9 0.9640625 0.015625 0.0125
0 0.64140625 0.10078125 0.00625 0.00625
0 0.77421875 0.92890625 0.015625 0.0140625
0 0.61875 0.44140625 0.0078125 0.0078125
0 0.63125 0.9015625 0.009375 0.0078125
0 0.78125 0.0875 0.00625 0.00625
0 0.82890625 0.19375 0.00625 0.00625
0 0.19375 0.6640625 0.0125 0.0125
0 0.85546875 0.475 0.0078125 0.00625
0 0.1890625 0.85234375 0.00625 0.00625
0 0.57265625 0.20625 0.00625 0.00625
0 0.34765625 0.17578125 0.0125 0.0125
0 0.396875 0.05 0.0125 0.0125
0 0.6171875 0.5703125 0.0078125 0.0078125
0 0.8921875 0.2140625 0.00625 0.00625
0 0.45078125 0.95078125 0.00625 0.00625
0 0.76484375 0.03828125 0.0078125 0.00625
0 0.6203125 0.428125 0.0078125 0.00625
0 0.1328125 0.5046875 0.00625 0.00625
0 0.78046875 0.7296875 0.009375 0.009375
0 0.63984375 0.225 0.0078125 0.00625
0 0.83828125 0.52890625 0.00625 0.00625
0 0.07421875 0.76875 0.009375 0.009375
0 0.82109375 0.16484375 0.00625 0.00625
0 0.22421875 0.81875 0.00625 0.00625
0 0.9734375 0.9828125 0.00625 0.00625
0 0.7546875 0.53984375 0.009375 0.009375
0 0.45390625 0.7765625 0.0125 0.0125
0 0.04765625 0.7359375 0.009375 0.0078125
0 0.02421875 0.9125 0.00625 0.00625
0 0.103125 0.628125 0.0078125 0.0078125
0 0.9078125 0.80703125 0.009375 0.009375
0 0.0671875 0.9859375 0.0078125 0.0078125
0 0.490625 0.365625 0.00625 0.00625
0 0.2703125 0.07109375 0.0078125 0.0078125
0 0.90703125 0.0140625 0.0109375 0.0109375
0 0.69609375 0.965625 0.009375 0.009375
0 0.1390625 0.6546875 0.009375 0.009375
0 0.86171875 0.02578125 0.00625 0.00625
0 0.909375 0.76640625 0.009375 0.009375
0 0.14765625 0.6625 0.009375 0.0078125
0 0.9640625 0.99375 0.009375 0.009375
0 0.86796875 0.49296875 0.0078125 0.0078125
0 0.67265625 0.9421875 0.0125 0.0109375
0 0.2875 0.98671875 0.0078125 0.00625
0 0.521875 0.990625 0.0125 0.0109375
0 0.82890625 0.0078125 0.0125 0.0125
0 0.2546875 0.83515625 0.009375 0.009375
0 0.81171875 0.16015625 0.009375 0.0078125
0 0.77734375 0.1203125 0.0078125 0.0078125
0 0.3484375 0.2515625 0.0078125 0.0078125
0 0.59453125 0.41484375 0.0109375 0.009375
0 0.21015625 0.68046875 0.009375 0.009375
0 0.725 0.20390625 0.009375 0.009375
0 0.965625 0.92578125 0.0109375 0.009375
0 0.51875 0.184375 0.009375 0.009375
0 0.96015625 0.33671875 0.028125 0.028125
0 0.8703125 0.6578125 0.0078125 0.0078125
0 0.2984375 0.33203125 0.0078125 0.0078125
0 0.0578125 0.7859375 0.009375 0.009375
0 0.26015625 0.46875 0.009375 0.0078125
0 0.6875 0.434375 0.009375 0.009375
0 0.46171875 0.7671875 0.0125 0.0125
0 0.12734375 0.81015625 0.00625 0.00625
0 0.68125 0.11875 0.0109375 0.009375
0 0.2140625 0.53046875 0.009375 0.009375
0 0.825 0.246875 0.0078125 0.0078125
0 0.834375 0.68203125 0.009375 0.009375
0 0.71796875 0.284375 0.009375 0.009375
0 0.79375 0.109375 0.009375 0.0078125
0 0.2953125 0.6921875 0.009375 0.009375
0 0.3171875 0.99296875 0.009375 0.009375
0 0.4 0.3796875 0.0109375 0.009375
0 0.88984375 0.97578125 0.015625 0.015625
0 0.4640625 0.74140625 0.0140625 0.0140625
0 0.22734375 0.93125 0.0125 0.0109375
0 0.9265625 0.2578125 0.0140625 0.0125
0 0.0640625 0.8015625 0.009375 0.009375
0 0.31328125 0.9796875 0.0109375 0.009375
0 0.84296875 0.0140625 0.0125 0.0125
0 0.4390625 0.9515625 0.0109375 0.009375
0 0.95 0.8546875 0.0140625 0.0125
0 0.99375 0.5125 0.0109375 0.0109375
0 0.83125 0.14609375 0.0109375 0.0109375
0 0.52890625 0.9046875 0.0125 0.0125
0 0.428125 0.74921875 0.0125 0.0125
0 0.38515625 0.62265625 0.0109375 0.0109375
0 0.93125 0.13125 0.0140625 0.0125
0 0.12578125 0.16875 0.25 0.278125
0 0.60078125 0.8453125 0.015625 0.0140625
0 0.315625 0.63125 0.040625 0.0375
0 0.90078125 0.04765625 0.0125 0.0125
0 0.63203125 0.23828125 0.015625 0.015625
0 0.7109375 0.47109375 0.05625 0.05625
0 0.28046875 0.75078125 0.015625 0.015625
0 0.446875 0.1359375 0.01875 0.0171875
0 0.44453125 0.67109375 0.0171875 0.0171875
0 0.68984375 0.30859375 0.021875 0.021875
0 0.5375 0.9515625 0.0171875 0.015625
0 0.8390625 0.11796875 0.01875 0.0171875
0 0.3609375 0.12421875 0.015625 0.015625
0 0.36875 0.4546875 0.01875 0.01875
0 0.12421875 0.57109375 0.09375 0.09375