0 0.30546875 0.89921875 0.015625 0.0171875
0 0.946875 0.43125 0.0109375 0.009375
0 0.81875 0.4203125 0.00625 0.00625
0 0.32578125 0.20078125 0.00625 0.00625
0 0.00234375 0.2765625 0.0046875 0.009375
0 0.690625 0.11796875 0.0078125 0.0078125
0 0.06015625 0.66015625 0.00625 0.00625
0 0.8640625 0.27734375 0.0078125 0.0078125
0 0.81328125 0.59375 0.00625 0.00625
0 0.359375 0.43828125 0.0078125 0.0078125
0 0.20390625 0.78359375 0.0078125 0.00625
0 0.940625 0.6421875 0.0078125 0.0078125
0 0.584375 0.88515625 0.0171875 0.015625
0 0.8796875 0.5015625 0.0109375 0.0125
0 0.1234375 0.96640625 0.00625 0.00625
0 0.93125 0.06640625 0.00625 0.0078125
0 0.1390625 0.803125 0.00625 0.0078125
0 0.21015625 0.69453125 0.00625 0.00625
0 0.9109375 0.7453125 0.009375 0.0078125
0 0.76015625 0.5734375 0.009375 0.009375
0 0.7859375 0.71953125 0.00625 0.00625
0 0.2453125 0.0875 0.00625 0.00625
0 0.86640625 0.7140625 0.00625 0.00625
0 0.8921875 0.653125 0.0078125 0.009375
0 0.190625 0.10625 0.00625 0.00625
0 0.12421875 0.871875 0.00625 0.00625
0 0.8859375 0.175 0.0359375 0.034375
0 0.2484375 0.3734375 0.00625 0.00625
0 0.60078125 0.425 0.0078125 0.00625
0 0.1328125 0.7671875 0.0078125 0.00625
0 0.128125 0.46953125 0.00625 0.00625
0 0.93828125 0.65859375 0.0078125 0.009375
0 0.76015625 0.628125 0.00625 0.00625
0 0.04453125 0.9125 0.01875 0.01875
0 0.8625 0.6703125 0.00625 0.00625
0 0.11875 0.7859375 0.0078125 0.0078125
0 0.428125 0.78515625 0.009375 0.0078125
0 0.60703125 0.6359375 0.009375 0.009375
0 0.959375 0.71171875 0.00625 0.00625
0 0.41171875 0.19765625 0.00625 0.00625
0 0.29453125 0.30390625 0.00625 0.00625
0 0.7234375 0.99609375 0.00625 0.00625
0 0.178125 0.815625 0.009375 0.0078125
0 0.9625 0.71015625 0.0109375 0.009375
0 0.86875 0.8625 0.009375 0.009375
0 0.48359375 0.05625 0.00625 0.00625
0 0.92109375 0.60546875 0.0078125 0.0078125
0 0.25078125 0.209375 0.00625 0.00625
0 0.1 0.9640625 0.015625 0.0125
0 0.35859375 0.10078125 0.00625 0.00625
0 0.22578125 0.92890625 0.015625 0.0140625
0 0.38125 0.44140625 0.0078125 0.0078125
0 0.36875 0.9015625 0.009375 0.0078125
0 0.21875 0.0875 0.00625 0.00625
0 0.17109375 0.19375 0.00625 0.00625
0 0.80625 0.6640625 0.0125 0.0125
0 0.14453125 0.475 0.0078125 0.00625
0 0.8109375 0.85234375 0.00625 0.00625
0 0.42734375 0.20625 0.00625 0.00625
0 0.65234375 0.17578125 0.0125 0.0125
0 0.603125 0.05 0.0125 0.0125
0 0.3828125 0.5703125 0.0078125 0.0078125
0 0.1078125 0.2140625 0.00625 0.00625
0 0.54921875 0.95078125 0.00625 0.00625
0 0.23515625 0.03828125 0.0078125 0.00625
0 0.3796875 0.428125 0.0078125 0.00625
0 0.8671875 0.5046875 0.00625 0.00625
0 0.21953125 0.7296875 0.009375 0.009375
0 0.36015625 0.225 0.0078125 0.00625
0 0.16171875 0.52890625 0.00625 0.00625
0 0.92578125 0.76875 0.009375 0.009375
0 0.17890625 0.16484375 0.00625 0.00625
0 0.77578125 0.81875 0.00625 0.00625
0 0.0265625 0.9828125 0.00625 0.00625
0 0.2453125 0.53984375 0.009375 0.009375
0 0.54609375 0.7765625 0.0125 0.0125
0 0.95234375 0.7359375 0.009375 0.0078125
0 0.97578125 0.9125 0.00625 0.00625
0 0.896875 0.628125 0.0078125 0.0078125
0 0.0921875 0.80703125 0.009375 0.009375
0 0.9328125 0.9859375 0.0078125 0.0078125
0 0.509375 0.365625 0.00625 0.00625
0 0.7296875 0.07109375 0.0078125 0.0078125
0 0.09296875 0.0140625 0.0109375 0.0109375
0 0.30390625 0.965625 0.009375 0.009375
0 0.8609375 0.6546875 0.009375 0.009375
0 0.13828125 0.02578125 0.00625 0.00625
0 0.090625 0.76640625 0.009375 0.009375
0 0.85234375 0.6625 0.009375 0.0078125
0 0.0359375 0.99375 0.009375 0.009375
0 0.13203125 0.49296875 0.0078125 0.0078125
0 0.32734375 0.9421875 0.0125 0.0109375
0 0.7125 0.98671875 0.0078125 0.00625
0 0.478125 0.990625 0.0125 0.0109375
0 0.17109375 0.0078125 0.0125 0.0125
0 0.7453125 0.83515625 0.009375 0.009375
0 0.18828125 0.16015625 0.009375 0.0078125
0 0.22265625 0.1203125 0.0078125 0.0078125
0 0.6515625 0.2515625 0.0078125 0.0078125
0 0.40546875 0.41484375 0.0109375 0.009375
0 0.78984375 0.68046875 0.009375 0.009375
0 0.275 0.20390625 0.009375 0.009375
0 0.034375 0.92578125 0.0109375 0.009375
0 0.48125 0.184375 0.009375 0.009375
0 0.03984375 0.33671875 0.028125 0.028125
0 0.1296875 0.6578125 0.0078125 0.0078125
0 0.7015625 0.33203125 0.0078125 0.0078125
0 0.9421875 0.7859375 0.009375 0.009375
0 0.73984375 0.46875 0.009375 0.0078125
0 0.3125 0.434375 0.009375 0.009375
0 0.53828125 0.7671875 0.0125 0.0125
0 0.87265625 0.81015625 0.00625 0.00625
0 0.31875 0.11875 0.0109375 0.009375
0 0.7859375 0.53046875 0.009375 0.009375
0 0.175 0.246875 0.0078125 0.0078125
0 0.165625 0.68203125 0.009375 0.009375
0 0.28203125 0.284375 0.009375 0.009375
0 0.20625 0.109375 0.009375 0.0078125
0 0.7046875 0.6921875 0.009375 0.009375
0 0.6828125 0.99296875 0.009375 0.009375
0 0.6 0.3796875 0.0109375 0.009375
0 0.11015625 0.97578125 0.015625 0.015625
0 0.5359375 0.74140625 0.0140625 0.0140625
0 0.77265625 0.93125 0.0125 0.0109375
0 0.0734375 0.2578125 0.0140625 0.0125
0 0.9359375 0.8015625 0.009375 0.009375
0 0.68671875 0.9796875 0.0109375 0.009375
0 0.15703125 0.0140625 0.0125 0.0125
0 0.5609375 0.9515625 0.0109375 0.009375
0 0.05 0.8546875 0.0140625 0.0125
0 0.00625 0.5125 0.0109375 0.0109375
0 0.16875 0.14609375 0.0109375 0.0109375
0 0.47109375 0.9046875 0.0125 0.0125
0 0.571875 0.74921875 0.0125 0.0125
0 0.61484375 0.62265625 0.0109375 0.0109375
0 0.06875 0.13125 0.0140625 0.0125
0 0.87421875 0.16875 0.25 0.278125
0 0.39921875 0.8453125 0.015625 0.0140625
0 0.684375 0.63125 0.040625 0.0375
0 0.09921875 0.04765625 0.0125 0.0125
0 0.36796875 0.23828125 0.015625 0.015625
0 0.2890625 0.47109375 0.05625 0.05625
0 0.71953125 0.75078125 0.015625 0.015625
0 0.553125 0.1359375 0.01875 0.0171875
0 0.55546875 0.67109375 0.0171875 0.0171875
0 0.31015625 0.30859375 0.021875 0.021875
0 0.4625 0.9515625 0.0171875 0.015625
0 0.1609375 0.11796875 0.01875 0.0171875
0 0.6390625 0.12421875 0.015625 0.015625
0 0.63125 0.4546875 0.01875 0.01875
0 0.87578125 0.57109375 0.09375 0.09375