0 0.8828125 0.07421875 0.03203125 0.03203125
0 0.9671875 0.415625 0.0125 0.0125
0 0.68046875 0.4203125 0.01953125 0.01953125
0 0.71875 0.25703125 0.0109375 0.0109375
0 0.83125 0.14375 0.01171875 0.01171875
0 0.7265625 0.05625 0.1703125 0.1125
0 0.57578125 0.3140625 0.009375 0.009375
0 0.55078125 0.06328125 0.01171875 0.01171875
0 0.50078125 0.16875 0.0171875 0.0171875
0 0.4671875 0.359375 0.03203125 0.03203125
0 0.28125 0.36875 0.0265625 0.0265625
0 0.34375 0.26015625 0.015625 0.015625
0 0.15234375 0.27890625 0.17265625 0.171875
0 0.21171875 0.45 0.0109375 0.0109375
0 0.38984375 0.93046875 0.0265625 0.0265625
0 0.4953125 0.87421875 0.01171875 0.01171875
0 0.7828125 0.7625 0.0359375 0.0359375
0 0.8296875 0.79765625 0.025 0.025
0 0.809375 0.62578125 0.0140625 0.0140625
0 0.71015625 0.69765625 0.01171875 0.01171875
0 0.646875 0.90078125 0.0109375 0.0109375
0 0.959375 0.9828125 0.01171875 0.01171875
0 0.95390625 0.18515625 0.009375 0.009375
0 0.81484375 0.3390625 0.009375 0.009375
0 0.203125 0.2671875 0.009375 0.009375
0 0.621875 0.62265625 0.015625 0.01484375
0 0.08984375 0.55 0.01171875 0.01171875
0 0.46875 0.1203125 0.01484375 0.01484375
0 0.2921875 0.75859375 0.0140625 0.0140625
0 0.88125 0.459375 0.0125 0.0125