0 0.69453125 0.10078125 0.01640625 0.0171875
0 0.053125 0.56875 0.0109375 0.009375
0 0.18125 0.5796875 0.00703125 0.00703125
0 0.67421875 0.79921875 0.00703125 0.00703125
0 0.99765625 0.7234375 0.0046875 0.009375
0 0.309375 0.88203125 0.0078125 0.0078125
0 0.93984375 0.33984375 0.00703125 0.00625
0 0.1359375 0.72265625 0.0078125 0.0078125
0 0.18671875 0.40625 0.00625 0.00625
0 0.640625 0.56171875 0.0078125 0.0078125
0 0.79609375 0.21640625 0.0078125 0.00703125
0 0.059375 0.3578125 0.0078125 0.0078125
0 0.415625 0.11484375 0.0171875 0.01484375
0 0.1203125 0.4984375 0.0109375 0.01171875
0 0.8765625 0.03359375 0.00703125 0.00703125
0 0.06875 0.93359375 0.00703125 0.0078125
0 0.8609375 0.196875 0.00703125 0.0078125
0 0.78984375 0.30546875 0.00703125 0.00703125
0 0.0890625 0.2546875 0.00859375 0.0078125
0 0.23984375 0.4265625 0.00859375 0.009375
0 0.2140625 0.28046875 0.00625 0.00625
0 0.7546875 0.9125 0.00703125 0.00703125
0 0.13359375 0.2859375 0.00625 0.00625
0 0.1078125 0.346875 0.0078125 0.00859375
0 0.809375 0.89375 0.00703125 0.00625
0 0.87578125 0.128125 0.00703125 0.00703125
0 0.1140625 0.825 0.0359375 0.034375
0 0.7515625 0.6265625 0.00703125 0.00703125
0 0.39921875 0.575 0.0078125 0.00703125
0 0.8671875 0.2328125 0.0078125 0.00703125
0 0.871875 0.53046875 0.00625 0.00625
0 0.06171875 0.34140625 0.0078125 0.00859375
0 0.23984375 0.371875 0.00703125 0.00703125
0 0.95546875 0.0875 0.01875 0.01875
0 0.1375 0.3296875 0.00703125 0.00703125
0 0.88125 0.2140625 0.0078125 0.0078125
0 0.571875 0.21484375 0.00859375 0.0078125
0 0.39296875 0.3640625 0.00859375 0.00859375
0 0.040625 0.28828125 0.00703125 0.00703125
0 0.58828125 0.80234375 0.00703125 0.00703125
0 0.70546875 0.69609375 0.00703125 0.00703125
0 0.2765625 0.00390625 0.00625 0.00625
0 0.821875 0.184375 0.00859375 0.0078125
0 0.0375 0.28984375 0.0109375 0.009375
0 0.13125 0.1375 0.009375 0.00859375
0 0.51640625 0.94375 0.00703125 0.00703125
0 0.07890625 0.39453125 0.0078125 0.0078125
0 0.74921875 0.790625 0.00625 0.00625
0 0.9 0.0359375 0.01484375 0.0125
0 0.64140625 0.89921875 0.00625 0.00625
0 0.77421875 0.07109375 0.015625 0.0140625
0 0.61875 0.55859375 0.0078125 0.0078125
0 0.63125 0.0984375 0.00859375 0.0078125
0 0.78125 0.9125 0.00625 0.00703125
0 0.82890625 0.80625 0.00703125 0.00703125
0 0.19375 0.3359375 0.01171875 0.01171875
0 0.85546875 0.525 0.0078125 0.00703125
0 0.1890625 0.14765625 0.00625 0.00625
0 0.57265625 0.79375 0.00703125 0.00703125
0 0.34765625 0.82421875 0.01171875 0.01171875
0 0.396875 0.95 0.01171875 0.01171875
0 0.6171875 0.4296875 0.0078125 0.0078125
0 0.8921875 0.7859375 0.00703125 0.00625
0 0.45078125 0.04921875 0.00703125 0.00703125
0 0.76484375 0.96171875 0.0078125 0.00703125
0 0.6203125 0.571875 0.0078125 0.00703125
0 0.1328125 0.4953125 0.00625 0.00703125
0 0.78046875 0.2703125 0.009375 0.009375
0 0.63984375 0.775 0.0078125 0.00703125
0 0.83828125 0.47109375 0.00703125 0.00703125
0 0.07421875 0.23125 0.009375 0.009375
0 0.82109375 0.83515625 0.00703125 0.00703125
0 0.22421875 0.18125 0.00703125 0.00703125
0 0.9734375 0.0171875 0.00703125 0.00703125
0 0.7546875 0.46015625 0.00859375 0.00859375
0 0.45390625 0.2234375 0.0125 0.01171875
0 0.04765625 0.2640625 0.00859375 0.0078125
0 0.02421875 0.0875 0.00703125 0.00703125
0 0.103125 0.371875 0.0078125 0.0078125
0 0.9078125 0.19296875 0.00859375 0.00859375
0 0.0671875 0.0140625 0.0078125 0.0078125
0 0.490625 0.634375 0.00703125 0.00703125
0 0.2703125 0.92890625 0.0078125 0.0078125
0 0.90703125 0.9859375 0.0109375 0.0109375
0 0.69609375 0.034375 0.009375 0.00859375
0 0.1390625 0.3453125 0.00859375 0.00859375
0 0.86171875 0.97421875 0.00703125 0.00703125
0 0.909375 0.23359375 0.00859375 0.00859375
0 0.14765625 0.3375 0.00859375 0.0078125
0 0.9640625 0.00625 0.009375 0.00859375
0 0.86796875 0.50703125 0.0078125 0.0078125
0 0.67265625 0.0578125 0.01171875 0.0109375
0 0.2875 0.01328125 0.0078125 0.00703125
0 0.521875 0.009375 0.01171875 0.0109375
0 0.82890625 0.9921875 0.0125 0.01171875
0 0.2546875 0.16484375 0.00859375 0.00859375
0 0.81171875 0.83984375 0.00859375 0.0078125
0 0.77734375 0.8796875 0.0078125 0.0078125
0 0.3484375 0.7484375 0.0078125 0.0078125
0 0.59453125 0.58515625 0.0109375 0.009375
0 0.21015625 0.31953125 0.009375 0.009375
0 0.725 0.79609375 0.00859375 0.00859375
0 0.965625 0.07421875 0.0109375 0.009375
0 0.51875 0.815625 0.00859375 0.00859375
0 0.96015625 0.66328125 0.028125 0.02734375
0 0.8703125 0.3421875 0.0078125 0.0078125
0 0.2984375 0.66796875 0.0078125 0.0078125
0 0.0578125 0.2140625 0.00859375 0.00859375
0 0.26015625 0.53125 0.00859375 0.0078125
0 0.6875 0.565625 0.009375 0.00859375
0 0.46171875 0.2328125 0.0125 0.01171875
0 0.12734375 0.18984375 0.00703125 0.00703125
0 0.68125 0.88125 0.0109375 0.009375
0 0.2140625 0.46953125 0.009375 0.00859375
0 0.825 0.753125 0.0078125 0.0078125
0 0.834375 0.31796875 0.009375 0.00859375
0 0.71796875 0.715625 0.00859375 0.00859375
0 0.79375 0.890625 0.00859375 0.0078125
0 0.2953125 0.3078125 0.009375 0.009375
0 0.3171875 0.00703125 0.009375 0.00859375
0 0.4 0.6203125 0.0109375 0.009375
0 0.88984375 0.02421875 0.01640625 0.01640625
0 0.4640625 0.25859375 0.0140625 0.0140625
0 0.22734375 0.06875 0.01171875 0.0109375
0 0.9265625 0.7421875 0.0140625 0.01171875
0 0.0640625 0.1984375 0.009375 0.009375
0 0.31328125 0.0203125 0.0109375 0.009375
0 0.84296875 0.9859375 0.0125 0.0125
0 0.4390625 0.0484375 0.0109375 0.009375
0 0.95 0.1453125 0.0140625 0.0125
0 0.99375 0.4875 0.0109375 0.0109375
0 0.83125 0.85390625 0.0109375 0.0109375
0 0.52890625 0.0953125 0.0125 0.01171875
0 0.428125 0.25078125 0.0125 0.0125
0 0.38515625 0.37734375 0.0109375 0.0109375
0 0.93125 0.86875 0.0140625 0.0125
0 0.12578125 0.83125 0.25078125 0.27734375
0 0.60078125 0.1546875 0.01484375 0.0140625
0 0.315625 0.36875 0.040625 0.0375
0 0.90078125 0.95234375 0.0125 0.0125
0 0.63203125 0.76171875 0.01640625 0.015625
0 0.7109375 0.52890625 0.05625 0.05546875
0 0.28046875 0.24921875 0.015625 0.015625
0 0.446875 0.8640625 0.01875 0.0171875
0 0.44453125 0.32890625 0.0171875 0.0171875
0 0.68984375 0.69140625 0.02265625 0.021875
0 0.5375 0.0484375 0.0171875 0.01640625
0 0.8390625 0.88203125 0.01875 0.0171875
0 0.3609375 0.87578125 0.01640625 0.015625
0 0.36875 0.5453125 0.01953125 0.01875
0 0.12421875 0.42890625 0.09375 0.09296875