0 0.9390625 0.9234375 0.040625 0.0375
0 0.6515625 0.76328125 0.0265625 0.0265625
0 0.5921875 0.72578125 0.11875 0.115625
0 0.39453125 0.765625 0.153125 0.15
0 0.6078125 0.60078125 0.0265625 0.0265625
0 0.6296875 0.453125 0.0625 0.059375
0 0.6625 0.31640625 0.0765625 0.075
0 0.803125 0.18359375 0.096875 0.090625
0 0.9421875 0.12109375 0.115625 0.1109375
0 0.446875 0.5421875 0.0265625 0.0265625
0 0.2546875 0.30390625 0.034375 0.034375
0 0.31640625 0.2921875 0.0453125 0.0453125
0 0.4671875 0.72578125 0.028125 0.0265625
0 0.3796875 0.68984375 0.0265625 0.025