0 0.0609375 0.9234375 0.040625 0.0375
0 0.34765625 0.76328125 0.0265625 0.0265625
0 0.40625 0.72578125 0.11875 0.115625
0 0.60546875 0.765625 0.153125 0.15
0 0.3921875 0.60078125 0.0265625 0.0265625
0 0.3703125 0.453125 0.0625 0.059375
0 0.3375 0.31640625 0.0765625 0.075
0 0.196875 0.18359375 0.096875 0.090625
0 0.0578125 0.12109375 0.115625 0.1109375
0 0.5515625 0.5421875 0.0265625 0.0265625
0 0.74375 0.30546875 0.034375 0.034375
0 0.68359375 0.2921875 0.0453125 0.0453125
0 0.5328125 0.72578125 0.028125 0.0265625
0 0.6203125 0.68984375 0.0265625 0.025