0 0.0609375 0.0765625 0.040625 0.03828125
0 0.3484375 0.23671875 0.0265625 0.0265625
0 0.4078125 0.27421875 0.11796875 0.115625
0 0.60546875 0.234375 0.15390625 0.14921875
0 0.3921875 0.39921875 0.0265625 0.0265625
0 0.3703125 0.546875 0.0625 0.06015625
0 0.3375 0.68359375 0.0765625 0.07421875
0 0.196875 0.81640625 0.09609375 0.09140625
0 0.0578125 0.87890625 0.115625 0.1109375
0 0.553125 0.4578125 0.0265625 0.0265625
0 0.7453125 0.69609375 0.03359375 0.03359375
0 0.68359375 0.7078125 0.0453125 0.0453125
0 0.5328125 0.27421875 0.02890625 0.0265625
0 0.6203125 0.31015625 0.0265625 0.02421875