0 0.03203125 0.94453125 0.0640625 0.065625
0 0.14140625 0.871875 0.0140625 0.0140625
0 0.43203125 0.7203125 0.0125 0.0125
0 0.27890625 0.62890625 0.01875 0.01875
0 0.4328125 0.675 0.03125 0.03125
0 0.51171875 0.509375 0.0140625 0.0125
0 0.54453125 0.50078125 0.015625 0.015625
0 0.6234375 0.59140625 0.0109375 0.0109375
0 0.56796875 0.6734375 0.01875 0.01875
0 0.6875 0.678125 0.0890625 0.0890625
0 0.74296875 0.50703125 0.0359375 0.0359375
0 0.725 0.553125 0.0125 0.0125
0 0.77109375 0.3625 0.0203125 0.0203125
0 0.75390625 0.32109375 0.0140625 0.0140625
0 0.7375 0.31171875 0.015625 0.015625
0 0.98359375 0.24375 0.0125 0.0125
0 0.6953125 0.978125 0.040625 0.040625
0 0.5265625 0.90703125 0.2296875 0.1859375
0 0.76796875 0.84765625 0.0328125 0.0328125
0 0.83203125 0.99140625 0.015625 0.015625
0 0.8453125 0.11640625 0.0328125 0.0328125
0 0.3921875 0.090625 0.015625 0.015625
0 0.603125 0.11953125 0.425 0.2390625
0 0.5140625 0.871875 0.009375 0.009375
0 0.16953125 0.83984375 0.0140625 0.0140625
0 0.878125 0.12734375 0.0109375 0.0109375