0 0.921875 0.21015625 0.0125 0.0125
0 0.8453125 0.22890625 0.0203125 0.01875
0 0.85078125 0.20625 0.0109375 0.0109375
0 0.7390625 0.15703125 0.0109375 0.0109375
0 0.7203125 0.4890625 0.0140625 0.0125
0 0.9015625 0.2984375 0.0125 0.0125
0 0.884375 0.315625 0.01875 0.01875
0 0.91953125 0.2109375 0.05625 0.0546875
0 0.93828125 0.3859375 0.021875 0.021875
0 0.92421875 0.50078125 0.1125 0.1078125
0 0.8765625 0.14921875 0.0140625 0.0125
0 0.8328125 0.01640625 0.0109375 0.0109375
0 0.6140625 0.13046875 0.1328125 0.128125
0 0.5234375 0.08125 0.109375 0.1046875
0 0.5109375 0.15625 0.015625 0.015625
0 0.446875 0.165625 0.0375 0.0359375
0 0.428125 0.2640625 0.0421875 0.040625
0 0.4015625 0.228125 0.346875 0.3328125
0 0.2125 0.153125 0.425 0.30625
0 0.2359375 0.20625 0.471875 0.4125
0 0.16953125 0.41328125 0.015625 0.015625
0 0.35078125 0.4171875 0.015625 0.0140625
0 0.19140625 0.559375 0.034375 0.0328125
0 0.16875 0.98515625 0.0125 0.00625
0 0.165625 0.79765625 0.015625 0.0140625
0 0.3390625 0.56328125 0.0234375 0.021875
0 0.42890625 0.46953125 0.075 0.071875
0 0.6203125 0.37578125 0.0125 0.0109375
0 0.5015625 0.56875 0.028125 0.028125
0 0.3703125 0.66875 0.175 0.16875
0 0.6421875 0.68359375 0.165625 0.159375
0 0.875 0.590625 0.015625 0.015625
0 0.79140625 0.69453125 0.01875 0.0171875
0 0.78671875 0.909375 0.0125 0.0125
0 0.89609375 0.81640625 0.2078125 0.3609375
0 0.82265625 0.6125 0.0125 0.0125
0 0.75625 0.2375 0.0109375 0.009375
0 0.9484375 0.571875 0.0109375 0.009375
0 0.884375 0.88359375 0.0109375 0.009375
0 0.2015625 0.8875 0.015625 0.015625
0 0.775 0.72578125 0.021875 0.0203125