0 0.96796875 0.05546875 0.0640625 0.065625
0 0.85859375 0.128125 0.0140625 0.0140625
0 0.56796875 0.2796875 0.0125 0.0125
0 0.72109375 0.37109375 0.01875 0.01875
0 0.5671875 0.325 0.03125 0.03125
0 0.48828125 0.490625 0.0140625 0.0125
0 0.45546875 0.49921875 0.015625 0.015625
0 0.3765625 0.40859375 0.0109375 0.0109375
0 0.43203125 0.3265625 0.01875 0.01875
0 0.3125 0.321875 0.0890625 0.0890625
0 0.25703125 0.49296875 0.0359375 0.0359375
0 0.275 0.446875 0.0125 0.0125
0 0.22890625 0.6375 0.0203125 0.0203125
0 0.24609375 0.67890625 0.0140625 0.0140625
0 0.2625 0.68828125 0.015625 0.015625
0 0.01640625 0.75625 0.0125 0.0125
0 0.3046875 0.021875 0.040625 0.040625
0 0.4734375 0.09296875 0.2296875 0.1859375
0 0.23203125 0.15234375 0.0328125 0.0328125
0 0.16796875 0.00859375 0.015625 0.015625
0 0.1546875 0.88359375 0.0328125 0.0328125
0 0.6078125 0.909375 0.015625 0.015625
0 0.396875 0.88046875 0.425 0.2390625
0 0.4859375 0.128125 0.009375 0.009375
0 0.83046875 0.16015625 0.0140625 0.0140625
0 0.121875 0.87265625 0.0109375 0.0109375