0 0.078125 0.21015625 0.0125 0.0125
0 0.1546875 0.22890625 0.0203125 0.01875
0 0.14921875 0.20625 0.0109375 0.0109375
0 0.2609375 0.15703125 0.0109375 0.0109375
0 0.2796875 0.4890625 0.0140625 0.0125
0 0.0984375 0.2984375 0.0125 0.0125
0 0.115625 0.315625 0.01875 0.01875
0 0.08046875 0.2109375 0.05625 0.0546875
0 0.06171875 0.3859375 0.021875 0.021875
0 0.07578125 0.50078125 0.1125 0.1078125
0 0.1234375 0.14921875 0.0140625 0.0125
0 0.1671875 0.01640625 0.0109375 0.0109375
0 0.3859375 0.13046875 0.1328125 0.128125
0 0.4765625 0.08125 0.109375 0.1046875
0 0.4890625 0.15625 0.015625 0.015625
0 0.553125 0.165625 0.0375 0.0359375
0 0.571875 0.2640625 0.0421875 0.040625
0 0.5984375 0.228125 0.346875 0.3328125
0 0.7875 0.153125 0.425 0.30625
0 0.7640625 0.20625 0.471875 0.4125
0 0.83046875 0.41328125 0.015625 0.015625
0 0.64921875 0.4171875 0.015625 0.0140625
0 0.80859375 0.559375 0.034375 0.0328125
0 0.83125 0.98515625 0.0125 0.00625
0 0.834375 0.79765625 0.015625 0.0140625
0 0.6609375 0.56328125 0.0234375 0.021875
0 0.57109375 0.46953125 0.075 0.071875
0 0.3796875 0.37578125 0.0125 0.0109375
0 0.4984375 0.56875 0.028125 0.028125
0 0.6296875 0.66875 0.175 0.16875
0 0.3578125 0.68359375 0.165625 0.159375
0 0.125 0.590625 0.0171875 0.015625
0 0.20859375 0.69453125 0.01875 0.0171875
0 0.21328125 0.909375 0.0125 0.0125
0 0.10390625 0.81640625 0.2078125 0.3609375
0 0.17734375 0.6125 0.0125 0.0125
0 0.24375 0.2375 0.0109375 0.009375
0 0.0515625 0.571875 0.0109375 0.009375
0 0.115625 0.88359375 0.0109375 0.009375
0 0.7984375 0.8875 0.015625 0.015625
0 0.225 0.72578125 0.021875 0.0203125