0 0.540625 0.32265625 0.009375 0.0109375
0 0.44609375 0.640625 0.00625 0.00625
0 0.0703125 0.93671875 0.00625 0.00625
0 0.38125 0.3265625 0.0125 0.0125
0 0.39375 0.91484375 0.00625 0.00625
0 0.06328125 0.00234375 0.009375 0.0046875
0 0.0828125 0.47109375 0.00625 0.00625
0 0.39140625 0.60234375 0.00625 0.00625
0 0.146875 0.23125 0.00625 0.00625
0 0.12578125 0.32734375 0.00625 0.0078125
0 0.2703125 0.63515625 0.00625 0.00625
0 0.4015625 0.55390625 0.00625 0.0078125
0 0.40546875 0.28671875 0.00625 0.00625
0 0.25546875 0.0984375 0.00625 0.00625
0 0.084375 0.38359375 0.0078125 0.009375
0 0.8140625 0.22421875 0.00625 0.00625
0 0.2421875 0.8265625 0.0125 0.0109375
0 0.0171875 0.4703125 0.015625 0.015625
0 0.2234375 0.5515625 0.0125 0.0125
0 0.8859375 0.89140625 0.009375 0.009375
0 0.865625 0.0859375 0.00625 0.00625
0 0.0203125 0.9 0.00625 0.00625
0 0.80625 0.33984375 0.0109375 0.0125
0 0.66875 0.8796875 0.00625 0.00625
0 0.7390625 0.44609375 0.009375 0.009375
0 0.1453125 0.9890625 0.00625 0.0078125
0 0.8296875 0.4703125 0.00625 0.00625
0 0.20703125 0.91328125 0.05625 0.059375
0 0.51953125 0.9171875 0.00625 0.00625
0 0.9828125 0.19609375 0.00625 0.00625
0 0.6921875 0.78515625 0.01875 0.01875
0 0.24296875 0.84296875 0.00625 0.00625
0 0.44921875 0.71171875 0.00625 0.00625
0 0.375 0.54609375 0.0078125 0.0078125
0 0.05234375 0.35078125 0.00625 0.00625
0 0.4875 0.0203125 0.00625 0.00625
0 0.89453125 0.890625 0.0125 0.0125
0 0.315625 0.9828125 0.00625 0.00625
0 0.9515625 0.0421875 0.0078125 0.0078125
0 0.253125 0.8734375 0.00625 0.0078125
0 0.2203125 0.0359375 0.009375 0.0109375
0 0.725 0.76953125 0.0203125 0.021875
0 0.690625 0.5203125 0.0078125 0.0078125
0 0.46875 0.228125 0.00625 0.00625
0 0.55625 0.41484375 0.00625 0.00625
0 0.9953125 0.175 0.009375 0.0140625
0 0.1421875 0.72734375 0.015625 0.0171875
0 0.9078125 0.99375 0.0125 0.0125
0 0.00625 0.225 0.00625 0.00625
0 0.03984375 0.80625 0.00625 0.0078125
0 0.20625 0.915625 0.0140625 0.0140625
0 0.17109375 0.621875 0.00625 0.00625
0 0.9484375 0.7296875 0.00625 0.00625
0 0.4109375 0.6828125 0.00625 0.00625
0 0.803125 0.89609375 0.378125 0.2078125
0 0.66328125 0.503125 0.009375 0.0109375
0 0.88828125 0.19609375 0.015625 0.0140625
0 0.70546875 0.2484375 0.00625 0.00625
0 0.25859375 0.85859375 0.0078125 0.009375
0 0.325 0.93125 0.00625 0.0078125
0 0.803125 0.9890625 0.00625 0.0078125
0 0.059375 0.06875 0.00625 0.00625
0 0.028125 0.05234375 0.00625 0.00625
0 0.35859375 0.290625 0.00625 0.009375
0 0.371875 0.5921875 0.00625 0.00625
0 0.1765625 0.16875 0.009375 0.0109375
0 0.85859375 0.35078125 0.009375 0.009375
0 0.4375 0.821875 0.00625 0.00625
0 0.2375 0.171875 0.00625 0.0078125
0 0.228125 0.8796875 0.00625 0.00625
0 0.6 0.38359375 0.0078125 0.009375
0 0.246875 0.7640625 0.0125 0.0125
0 0.1609375 0.634375 0.0078125 0.00625
0 0.053125 0.84765625 0.00625 0.00625
0 0.0765625 0.7171875 0.0125 0.0125
0 0.434375 0.63125 0.0078125 0.009375
0 0.5859375 0.31171875 0.0078125 0.0078125
0 0.4109375 0.66171875 0.00625 0.00625
0 0.80625 0.1671875 0.0078125 0.0078125
0 0.00859375 0.1203125 0.0078125 0.009375
0 0.8578125 0.96953125 0.009375 0.009375
0 0.9625 0.65 0.00625 0.0078125
0 0.64609375 0.50078125 0.009375 0.0109375
0 0.03359375 0.86953125 0.00625 0.00625
0 0.75625 0.009375 0.009375 0.009375
0 0.7125 0.028125 0.009375 0.009375
0 0.5015625 0.56328125 0.0078125 0.009375
0 0.61171875 0.98359375 0.009375 0.009375
0 0.77109375 0.0328125 0.00625 0.00625
0 0.24765625 0.9421875 0.00625 0.00625
0 0.19375 0.96171875 0.00625 0.00625
0 0.61015625 0.81484375 0.0140625 0.0125
0 0.73359375 0.875 0.0109375 0.0125
0 0.965625 0.38359375 0.0078125 0.0078125
0 0.11796875 0.33125 0.009375 0.0109375
0 0.4953125 0.89375 0.00625 0.0078125
0 0.0984375 0.6 0.0078125 0.0078125
0 0.0984375 0.08125 0.009375 0.009375
0 0.146875 0.8703125 0.0109375 0.0125
0 0.21484375 0.85390625 0.0125 0.0125
0 0.56875 0.49375 0.0265625 0.028125
0 0.55234375 0.9859375 0.009375 0.009375
0 0.29609375 0.8953125 0.0109375 0.0125
0 0.303125 0.68046875 0.009375 0.009375
0 0.99375 0.7296875 0.009375 0.009375
0 0.39609375 0.6984375 0.009375 0.009375
0 0.8921875 0.11015625 0.009375 0.009375
0 0.93359375 0.28046875 0.0078125 0.009375
0 0.36875 0.209375 0.009375 0.009375
0 0.91640625 0.71328125 0.009375 0.009375
0 0.165625 0.74296875 0.0125 0.0125
0 0.025 0.83515625 0.0125 0.0125
0 0.33046875 0.09765625 0.0109375 0.0125
0 0.3859375 0.6234375 0.0125 0.0125
0 0.8375 0.32109375 0.0078125 0.0078125
0 0.4234375 0.83046875 0.009375 0.0109375
0 0.9703125 0.4015625 0.009375 0.009375
0 0.79765625 0.15703125 0.015625 0.015625
0 0.4875 0.7140625 0.0125 0.0125
0 0.90703125 0.78046875 0.0125 0.0140625
0 0.4109375 0.1609375 0.0140625 0.015625
0 0.13125 0.60234375 0.1234375 0.125
0 0.1546875 0.50546875 0.015625 0.015625
0 0.08203125 0.51640625 0.0953125 0.09375
0 0.58203125 0.9546875 0.0125 0.0125
0 0.22734375 0.8375 0.01875 0.0203125
0 0.26171875 0.42109375 0.0390625 0.04375
0 0.41484375 0.34375 0.015625 0.015625
0 0.5875 0.0484375 0.015625 0.015625
0 0.66875 0.36171875 0.16875 0.190625
0 0.5578125 0.18515625 0.028125 0.03125
0 0.315625 0.87734375 0.0171875 0.01875
0 0.56171875 0.334375 0.0234375 0.025
0 0.68515625 0.63671875 0.159375 0.1734375
0 0.46875 0.421875 0.075 0.0765625
0 0.58828125 0.86875 0.015625 0.0171875
0 0.38046875 0.934375 0.01875 0.01875
0 0.4953125 0.92109375 0.109375 0.109375
0 0.16328125 0.44140625 0.0359375 0.0375