0 0.03203125 0.05546875 0.0640625 0.06640625
0 0.14140625 0.128125 0.0140625 0.0140625
0 0.43203125 0.2796875 0.0125 0.0125
0 0.27890625 0.37109375 0.01875 0.01875
0 0.4328125 0.325 0.03203125 0.03203125
0 0.51171875 0.490625 0.0140625 0.0125
0 0.54453125 0.49921875 0.01484375 0.01484375
0 0.6234375 0.40859375 0.0109375 0.0109375
0 0.56796875 0.3265625 0.01953125 0.01953125
0 0.6875 0.321875 0.0890625 0.0890625
0 0.74296875 0.49296875 0.0359375 0.0359375
0 0.725 0.446875 0.01171875 0.01171875
0 0.77109375 0.6375 0.0203125 0.0203125
0 0.75390625 0.67890625 0.0140625 0.0140625
0 0.7375 0.68828125 0.01640625 0.01640625
0 0.98359375 0.75625 0.0125 0.0125
0 0.6953125 0.021875 0.040625 0.040625
0 0.5265625 0.09296875 0.2296875 0.1859375
0 0.76796875 0.15234375 0.0328125 0.0328125
0 0.83203125 0.00859375 0.015625 0.015625
0 0.8453125 0.88359375 0.0328125 0.0328125
0 0.3921875 0.909375 0.01484375 0.01484375
0 0.603125 0.88046875 0.42578125 0.2390625
0 0.5140625 0.128125 0.009375 0.009375
0 0.16953125 0.16015625 0.0140625 0.0140625
0 0.878125 0.87265625 0.0109375 0.0109375