0 0.3015625 0.66015625 0.00625 0.00625
0 0.0046875 0.534375 0.0078125 0.009375
0 0.5359375 0.37578125 0.009375 0.009375
0 0.67421875 0.840625 0.0109375 0.0109375
0 0.76640625 0.61015625 0.00625 0.00625
0 0.115625 0.053125 0.009375 0.0078125
0 0.37578125 0.06171875 0.0078125 0.0078125
0 0.48359375 0.49375 0.00625 0.00625
0 0.35234375 0.671875 0.0078125 0.0078125
0 0.665625 0.79375 0.0140625 0.015625
0 0.146875 0.9546875 0.00625 0.00625
0 0.79140625 0.19296875 0.00625 0.00625
0 0.93671875 0.996875 0.0125 0.00625
0 0.7265625 0.6828125 0.009375 0.0125
0 0.18203125 0.86953125 0.0109375 0.0109375
0 0.825 0.4671875 0.009375 0.009375
0 0.85390625 0.8625 0.00625 0.00625
0 0.840625 0.98671875 0.00625 0.00625
0 0.9234375 0.7640625 0.00625 0.00625
0 0.6765625 0.59765625 0.00625 0.0078125
0 0.2203125 0.94375 0.0078125 0.0078125
0 0.0421875 0.7765625 0.009375 0.0078125
0 0.33515625 0.5671875 0.00625 0.00625
0 0.38359375 0.0921875 0.015625 0.015625
0 0.86640625 0.31015625 0.00625 0.00625
0 0.11328125 0.759375 0.0078125 0.0078125
0 0.8484375 0.19375 0.009375 0.009375
0 0.71171875 0.6046875 0.00625 0.00625
0 0.28515625 0.9828125 0.0078125 0.0078125
0 0.83203125 0.8234375 0.0078125 0.0078125
0 0.184375 0.4015625 0.009375 0.009375
0 0.16328125 0.8375 0.0125 0.0125
0 0.00625 0.70390625 0.009375 0.009375
0 0.67421875 0.5484375 0.009375 0.0078125
0 0.1421875 0.98359375 0.00625 0.00625
0 0.81328125 0.6828125 0.009375 0.0078125
0 0.9296875 0.15703125 0.0078125 0.0078125
0 0.74765625 0.32109375 0.015625 0.015625
0 0.915625 0.10234375 0.00625 0.00625
0 0.76640625 0.35859375 0.01875 0.01875
0 0.93125 0.0828125 0.009375 0.0078125
0 0.87265625 0.9140625 0.0109375 0.009375
0 0.53828125 0.5 0.0140625 0.0140625
0 0.88359375 0.1109375 0.0125 0.0125
0 0.75234375 0.65390625 0.009375 0.009375
0 0.6890625 0.9765625 0.04375 0.04375
0 0.425 0.7171875 0.0140625 0.0125
0 0.72890625 0.540625 0.0125 0.0125
0 0.7296875 0.3109375 0.0203125 0.01875
0 0.6265625 0.58046875 0.0109375 0.0109375
0 0.1375 0.87421875 0.015625 0.015625
0 0.50390625 0.50859375 0.0140625 0.0140625
0 0.8265625 0.99140625 0.015625 0.015625
0 0.27265625 0.628125 0.0203125 0.0203125
0 0.978125 0.24296875 0.015625 0.015625
0 0.73671875 0.509375 0.0375 0.0359375
0 0.5609375 0.67578125 0.01875 0.01875
0 0.42578125 0.67578125 0.0328125 0.0328125
0 0.7609375 0.8453125 0.034375 0.0328125
0 0.83671875 0.11328125 0.03125 0.03125
0 0.02890625 0.94453125 0.0578125 0.065625
0 0.6796875 0.6765625 0.0921875 0.0875