0 0.13828125 0.07890625 0.01171875 0.0109375
0 0.28046875 0.08515625 0.0234375 0.0234375
0 0.253125 0.125 0.0203125 0.0203125
0 0.35078125 0.253125 0.0140625 0.0140625
0 0.3796875 0.2828125 0.0140625 0.0125
0 0.36796875 0.31171875 0.01484375 0.01484375
0 0.109375 0.37109375 0.01640625 0.01640625
0 0.359375 0.6859375 0.015625 0.015625
0 0.17578125 0.5296875 0.2359375 0.2328125
0 0.278125 0.41015625 0.0390625 0.03828125
0 0.571875 0.44609375 0.02265625 0.021875
0 0.4734375 0.6546875 0.14453125 0.1421875
0 0.6984375 0.63203125 0.040625 0.03984375
0 0.73515625 0.55390625 0.02265625 0.021875
0 0.77265625 0.60703125 0.015625 0.01484375
0 0.815625 0.37265625 0.11875 0.1171875
0 0.64296875 0.34765625 0.0140625 0.0140625
0 0.6328125 0.253125 0.009375 0.009375
0 0.665625 0.0859375 0.0171875 0.0171875
0 0.6921875 0.4953125 0.02265625 0.02265625
0 0.7015625 0.53046875 0.0203125 0.0203125
0 0.95 0.378125 0.1 0.1734375
0 0.575 0.85078125 0.38984375 0.2984375
0 0.9734375 0.48984375 0.009375 0.009375
0 0.5296875 0.9234375 0.01875 0.01875
0 0.4078125 0.9 0.02265625 0.02265625
0 0.4125 0.88828125 0.10546875 0.103125
0 0.946875 0.7796875 0.10625 0.16796875
0 0.07421875 0.8734375 0.03125 0.03046875
0 0.18671875 0.771875 0.071875 0.07109375
0 0.11796875 0.771875 0.128125 0.12578125
0 0.89296875 0.15546875 0.009375 0.009375
0 0.97578125 0.5921875 0.0109375 0.0109375
0 0.271875 0.31328125 0.0265625 0.025