0 0.3015625 0.33984375 0.00625 0.00625
0 0.0046875 0.465625 0.0078125 0.009375
0 0.5359375 0.62421875 0.009375 0.00859375
0 0.67421875 0.159375 0.0109375 0.0109375
0 0.76640625 0.38984375 0.00703125 0.00625
0 0.115625 0.946875 0.00859375 0.0078125
0 0.37578125 0.93828125 0.0078125 0.0078125
0 0.48359375 0.50625 0.00703125 0.00625
0 0.35234375 0.328125 0.0078125 0.0078125
0 0.665625 0.20625 0.0140625 0.01484375
0 0.146875 0.0453125 0.00703125 0.00625
0 0.79140625 0.80703125 0.00703125 0.00703125
0 0.93671875 0.003125 0.0125 0.00625
0 0.7265625 0.3171875 0.009375 0.01171875
0 0.18203125 0.13046875 0.0109375 0.0109375
0 0.825 0.5328125 0.00859375 0.00859375
0 0.85390625 0.1375 0.00703125 0.00703125
0 0.840625 0.01328125 0.00625 0.00703125
0 0.9234375 0.2359375 0.00703125 0.00703125
0 0.6765625 0.40234375 0.00703125 0.0078125
0 0.2203125 0.05625 0.0078125 0.0078125
0 0.0421875 0.2234375 0.00859375 0.0078125
0 0.33515625 0.4328125 0.00703125 0.00703125
0 0.38359375 0.9078125 0.01484375 0.01484375
0 0.86640625 0.68984375 0.00703125 0.00703125
0 0.11328125 0.240625 0.0078125 0.0078125
0 0.8484375 0.80625 0.00859375 0.00859375
0 0.71171875 0.3953125 0.00703125 0.00703125
0 0.28515625 0.0171875 0.0078125 0.0078125
0 0.83203125 0.1765625 0.0078125 0.0078125
0 0.184375 0.5984375 0.009375 0.00859375
0 0.16328125 0.1625 0.0125 0.0125
0 0.00625 0.29609375 0.009375 0.009375
0 0.67421875 0.4515625 0.00859375 0.0078125
0 0.1421875 0.01640625 0.00703125 0.00703125
0 0.81328125 0.3171875 0.00859375 0.0078125
0 0.9296875 0.84296875 0.0078125 0.0078125
0 0.74765625 0.67890625 0.01640625 0.01640625
0 0.915625 0.89765625 0.00703125 0.00703125
0 0.76640625 0.64140625 0.01875 0.01875
0 0.93125 0.9171875 0.00859375 0.0078125
0 0.87265625 0.0859375 0.0109375 0.009375
0 0.53828125 0.5 0.0140625 0.0140625
0 0.88359375 0.8890625 0.01171875 0.01171875
0 0.75234375 0.34609375 0.00859375 0.00859375
0 0.6890625 0.0234375 0.04296875 0.04296875
0 0.425 0.2828125 0.0140625 0.0125
0 0.72890625 0.459375 0.0125 0.01171875
0 0.7296875 0.6890625 0.0203125 0.01875
0 0.6265625 0.41953125 0.0109375 0.0109375
0 0.1375 0.12578125 0.01640625 0.015625
0 0.50390625 0.49140625 0.0140625 0.0140625
0 0.8265625 0.00859375 0.01640625 0.015625
0 0.27265625 0.371875 0.0203125 0.0203125
0 0.978125 0.75703125 0.01640625 0.015625
0 0.73671875 0.490625 0.03828125 0.0359375
0 0.5609375 0.32421875 0.01953125 0.01953125
0 0.42578125 0.32421875 0.0328125 0.0328125
0 0.7609375 0.1546875 0.03515625 0.0328125
0 0.83671875 0.88671875 0.03125 0.03125
0 0.02890625 0.05546875 0.0578125 0.065625
0 0.6796875 0.3234375 0.0921875 0.0875