0 0.03125 0.0140625 0.03828125 0.028125
0 0.21875 0.05390625 0.01484375 0.01484375
0 0.13125 0.0515625 0.009375 0.009375
0 0.965625 0.27578125 0.05390625 0.05390625
0 0.8359375 0.2890625 0.0140625 0.0140625
0 0.7734375 0.13046875 0.0265625 0.0265625
0 0.63984375 0.06328125 0.015625 0.015625
0 0.65546875 0.1171875 0.04375 0.04375
0 0.50234375 0.02421875 0.0203125 0.0203125
0 0.28046875 0.2859375 0.03828125 0.03828125
0 0.1578125 0.4140625 0.0390625 0.0390625
0 0.4546875 0.56875 0.0125 0.01171875
0 0.55 0.53984375 0.0109375 0.0109375
0 0.4890625 0.403125 0.14140625 0.140625
0 0.046875 0.17265625 0.01171875 0.01171875
0 0.046875 0.5640625 0.0109375 0.0109375
0 0.015625 0.953125 0.03125 0.04375
0 0.9125 0.97890625 0.01484375 0.01484375
0 0.975 0.140625 0.009375 0.009375
0 0.48046875 0.91015625 0.0140625 0.0140625
0 0.72578125 0.228125 0.0125 0.0125