0 0.96875 0.9859375 0.0375 0.028125
0 0.78125 0.94609375 0.015625 0.015625
0 0.86875 0.9484375 0.009375 0.009375
0 0.034375 0.72421875 0.053125 0.053125
0 0.1640625 0.7109375 0.0140625 0.0140625
0 0.2265625 0.86953125 0.0265625 0.0265625
0 0.36015625 0.93671875 0.015625 0.015625
0 0.34453125 0.8828125 0.04375 0.04375
0 0.49765625 0.97578125 0.0203125 0.0203125
0 0.71953125 0.7140625 0.0375 0.0375
0 0.8421875 0.5859375 0.0390625 0.0390625
0 0.5453125 0.43125 0.0125 0.0125
0 0.45 0.46015625 0.0109375 0.0109375
0 0.5109375 0.596875 0.140625 0.140625
0 0.953125 0.82734375 0.0125 0.0125
0 0.953125 0.4359375 0.0109375 0.0109375
0 0.984375 0.046875 0.03125 0.04375
0 0.0875 0.02109375 0.015625 0.015625
0 0.025 0.859375 0.009375 0.009375
0 0.51953125 0.08984375 0.0140625 0.0140625
0 0.27421875 0.771875 0.0125 0.0125