0 0.10625 0.171875 0.2125 0.275
0 0.45078125 0.0765625 0.0109375 0.0109375
0 0.77265625 0.03828125 0.0328125 0.03125
0 0.903125 0.05859375 0.0140625 0.0140625
0 0.98046875 0.16484375 0.0125 0.0125
0 0.97578125 0.6109375 0.015625 0.015625
0 0.8453125 0.70390625 0.0515625 0.0515625
0 0.66875 0.7015625 0.01875 0.0171875
0 0.67265625 0.715625 0.01875 0.01875
0 0.5890625 0.875 0.0203125 0.0203125
0 0.59296875 0.784375 0.015625 0.015625
0 0.54453125 0.6359375 0.065625 0.065625
0 0.52578125 0.28359375 0.615625 0.5671875
0 0.59609375 0.396875 0.203125 0.2
0 0.29765625 0.346875 0.034375 0.034375
0 0.23203125 0.31953125 0.3296875 0.325
0 0.259375 0.64375 0.01875 0.0171875
0 0.375 0.77890625 0.0140625 0.0125
0 0.10078125 0.95703125 0.1546875 0.0859375
0 0.19921875 0.95546875 0.0125 0.0125
0 0.309375 0.94140625 0.128125 0.1171875
0 0.459375 0.93515625 0.19375 0.1296875
0 0.48984375 0.85859375 0.015625 0.015625
0 0.51875 0.87578125 0.0125 0.0125
0 0.6453125 0.92265625 0.0125 0.0125
0 0.44765625 0.84765625 0.1953125 0.1921875
0 0.60078125 0.75 0.24375 0.240625
0 0.5046875 0.6671875 0.0359375 0.0359375
0 0.7296875 0.52890625 0.046875 0.046875
0 0.26953125 0.6890625 0.0109375 0.0109375
0 0.9359375 0.31328125 0.009375 0.009375
0 0.8625 0.37421875 0.0109375 0.0109375
0 0.6828125 0.31953125 0.015625 0.015625
0 0.5328125 0.56484375 0.0125 0.0125
0 0.24609375 0.70625 0.009375 0.009375