0 0.89921875 0.94296875 0.1734375 0.1140625
0 0.6140625 0.44140625 0.040625 0.0359375
0 0.23828125 0.8453125 0.040625 0.03828125
0 0.084375 0.6859375 0.0265625 0.0265625
0 0.078125 0.3453125 0.040625 0.03828125
0 0.01796875 0.20078125 0.0359375 0.040625
0 0.35703125 0.2765625 0.18515625 0.1703125
0 0.1078125 0.1421875 0.215625 0.2625
0 0.29921875 0.084375 0.03359375 0.03125
0 0.66328125 0.1140625 0.03125 0.02890625
0 0.61640625 0.36171875 0.02890625 0.0265625
0 0.74296875 0.09375 0.0359375 0.03359375
0 0.77421875 0.20703125 0.0671875 0.0625