0 0.05703125 0.09921875 0.1140625 0.1734375
0 0.55859375 0.3859375 0.0359375 0.040625
0 0.1546875 0.76171875 0.0375 0.040625
0 0.3140625 0.915625 0.0265625 0.0265625
0 0.6546875 0.921875 0.0375 0.040625
0 0.79921875 0.98203125 0.040625 0.0359375
0 0.7234375 0.64296875 0.1703125 0.184375
0 0.8578125 0.89140625 0.2625 0.2171875
0 0.915625 0.70078125 0.03125 0.034375
0 0.8859375 0.33671875 0.028125 0.03125
0 0.63828125 0.38359375 0.0265625 0.028125
0 0.90625 0.25703125 0.034375 0.0359375
0 0.79296875 0.22578125 0.0625 0.0671875