0 0.09921875 0.94296875 0.1734375 0.1140625
0 0.3859375 0.44140625 0.040625 0.0359375
0 0.76171875 0.8453125 0.040625 0.03828125
0 0.915625 0.6859375 0.0265625 0.0265625
0 0.921875 0.3453125 0.040625 0.03828125
0 0.98203125 0.20078125 0.0359375 0.040625
0 0.64296875 0.2765625 0.18515625 0.1703125
0 0.89140625 0.1421875 0.2171875 0.2625
0 0.70078125 0.084375 0.03359375 0.03125
0 0.33671875 0.1140625 0.03125 0.02890625
0 0.38359375 0.36171875 0.02890625 0.0265625
0 0.25703125 0.09375 0.0359375 0.03359375
0 0.22578125 0.20703125 0.0671875 0.0625