0 0.94296875 0.89921875 0.1140625 0.1734375
0 0.44140625 0.6140625 0.0359375 0.040625
0 0.8453125 0.23828125 0.0375 0.040625
0 0.6859375 0.084375 0.0265625 0.0265625
0 0.3453125 0.078125 0.0375 0.040625
0 0.20078125 0.01796875 0.040625 0.0359375
0 0.2765625 0.35703125 0.1703125 0.184375
0 0.1421875 0.1078125 0.2625 0.215625
0 0.084375 0.29921875 0.03125 0.034375
0 0.1140625 0.66328125 0.028125 0.03125
0 0.36171875 0.61640625 0.0265625 0.028125
0 0.09375 0.74296875 0.034375 0.0359375
0 0.20703125 0.77421875 0.0625 0.0671875