0 0.90078125 0.05703125 0.1734375 0.1140625
0 0.6140625 0.55859375 0.040625 0.0359375
0 0.23828125 0.1546875 0.040625 0.0375
0 0.084375 0.3140625 0.0265625 0.0265625
0 0.078125 0.6546875 0.040625 0.0375
0 0.01796875 0.79921875 0.0359375 0.040625
0 0.35703125 0.7234375 0.184375 0.1703125
0 0.10859375 0.8578125 0.2171875 0.2625
0 0.29921875 0.915625 0.034375 0.03125
0 0.66328125 0.8859375 0.03125 0.028125
0 0.61640625 0.63828125 0.028125 0.0265625
0 0.74296875 0.90625 0.0359375 0.034375
0 0.77421875 0.79296875 0.0671875 0.0625