0 0.10859375 0.06328125 0.00625 0.00625
0 0.690625 0.934375 0.00703125 0.00625
0 0.6734375 0.459375 0.00703125 0.00625
0 0.225 0.2015625 0.00703125 0.00703125
0 0.29609375 0.67421875 0.0078125 0.00703125
0 0.8734375 0.9953125 0.00625 0.00625
0 0.88125 0.63125 0.0078125 0.00625
0 0.1421875 0.72421875 0.01171875 0.0109375
0 0.6515625 0.63125 0.00625 0.00625
0 0.3484375 0.8609375 0.00625 0.00625
0 0.2984375 0.96796875 0.00859375 0.009375
0 0.5 0.24375 0.0078125 0.00703125
0 0.95078125 0.2703125 0.00859375 0.0078125
0 0.765625 0.478125 0.00625 0.00625
0 0.8453125 0.2953125 0.0140625 0.0109375
0 0.0046875 0.18671875 0.009375 0.0109375
0 0.30390625 0.459375 0.00703125 0.00625
0 0.43203125 0.725 0.0046875 0.00625
0 0.39609375 0.5828125 0.0125 0.0109375
0 0.5203125 0.9640625 0.00625 0.00625
0 0.73828125 0.33671875 0.0078125 0.00703125
0 0.08671875 0.24140625 0.01171875 0.0125
0 0.1546875 0.0890625 0.01171875 0.009375
0 0.5890625 0.709375 0.00625 0.0046875
0 0.61015625 0.08828125 0.0078125 0.00703125
0 0.796875 0.38359375 0.00625 0.00625
0 0.2703125 0.62890625 0.00859375 0.0078125
0 0.5265625 0.82734375 0.00625 0.0046875
0 0.00703125 0.70859375 0.0078125 0.00703125
0 0.44765625 0.6890625 0.00703125 0.00625
0 0.55234375 0.60234375 0.0671875 0.06328125
0 0.87421875 0.8296875 0.00625 0.00625
0 0.2390625 0.49921875 0.01171875 0.01171875
0 0.57109375 0.37578125 0.00625 0.00703125
0 0.99453125 0.32265625 0.00859375 0.0109375
0 0.64296875 0.4453125 0.00703125 0.00625
0 0.42421875 0.9671875 0.00703125 0.00625
0 0.77421875 0.60625 0.00625 0.00625
0 0.07109375 0.20546875 0.00703125 0.00703125
0 0.4484375 0.8734375 0.0078125 0.00703125
0 0.3234375 0.9703125 0.00859375 0.00703125
0 0.9859375 0.828125 0.0203125 0.021875
0 0.94453125 0.07890625 0.00625 0.00625
0 0.22265625 0.02890625 0.01171875 0.0109375
0 0.79609375 0.30546875 0.00703125 0.00625
0 0.275 0.52265625 0.015625 0.0125
0 0.0890625 0.34453125 0.00625 0.00703125
0 0.0375 0.59140625 0.0078125 0.00703125
0 0.00859375 0.13359375 0.01484375 0.01875
0 0.83359375 0.1109375 0.00859375 0.00859375
0 0.41953125 0.2640625 0.00703125 0.00703125
0 0.584375 0.01171875 0.19140625 0.0234375
0 0.996875 0.17890625 0.00625 0.0140625
0 0.134375 0.58671875 0.0078125 0.0078125
0 0.5046875 0.24375 0.0078125 0.00625
0 0.3328125 0.6515625 0.00859375 0.0078125
0 0.075 0.34140625 0.00625 0.00703125
0 0.9 0.090625 0.00703125 0.00625
0 0.81875 0.14609375 0.00859375 0.00859375
0 0.53671875 0.3796875 0.00703125 0.00703125
0 0.85546875 0.02890625 0.01171875 0.0125
0 0.44375 0.7078125 0.00703125 0.00703125
0 0.8796875 0.13828125 0.00703125 0.00703125
0 0.05703125 0.3109375 0.01484375 0.0140625
0 0.346875 0.8234375 0.00703125 0.00625
0 0.30390625 0.39765625 0.00859375 0.0078125
0 0.4 0.82421875 0.00625 0.00625
0 0.371875 0.8765625 0.0078125 0.00703125
0 0.80703125 0.03828125 0.00703125 0.00625
0 0.0953125 0.33203125 0.00625 0.00625
0 0.88125 0.96875 0.00625 0.00625
0 0.74453125 0.203125 0.00859375 0.0078125
0 0.725 0.703125 0.00703125 0.00625
0 0.2796875 0.38203125 0.00625 0.00625
0 0.28203125 0.3109375 0.00703125 0.00625
0 0.8546875 0.609375 0.00625 0.00625
0 0.52734375 0.8796875 0.0078125 0.0078125
0 0.18515625 0.24375 0.00703125 0.00703125
0 0.76640625 0.7046875 0.00703125 0.00625
0 0.546875 0.5203125 0.00625 0.00703125
0 0.3875 0.4109375 0.0078125 0.00703125
0 0.5734375 0.2140625 0.0078125 0.00859375
0 0.09765625 0.23203125 0.0078125 0.00703125
0 0.5640625 0.8234375 0.00703125 0.00625
0 0.80390625 0.296875 0.0078125 0.0078125
0 0.3859375 0.97578125 0.0078125 0.0078125
0 0.0109375 0.2234375 0.00625 0.00625
0 0.49140625 0.17734375 0.0078125 0.00703125
0 0.70625 0.2875 0.00625 0.00625
0 0.97890625 0.16640625 0.00703125 0.00703125
0 0.5015625 0.05546875 0.00703125 0.00703125
0 0.96015625 0.17265625 0.0234375 0.02421875
0 0.6671875 0.35234375 0.00625 0.00703125
0 0.5203125 0.7359375 0.00703125 0.00703125
0 0.740625 0.1609375 0.0078125 0.0078125
0 0.965625 0.64765625 0.00625 0.00625
0 0.20546875 0.91484375 0.00703125 0.00703125
0 0.7796875 0.1109375 0.0078125 0.0078125
0 0.37734375 0.77265625 0.00703125 0.00703125
0 0.5765625 0.06015625 0.00703125 0.00703125
0 0.4203125 0.6921875 0.009375 0.009375
0 0.68125 0.34765625 0.00625 0.00625
0 0.8703125 0.628125 0.0078125 0.0078125
0 0.52109375 0.6921875 0.00703125 0.00625
0 0.91328125 0.553125 0.00703125 0.00625
0 0.6359375 0.56640625 0.00703125 0.00625
0 0.41328125 0.74765625 0.0078125 0.00703125
0 0.615625 0.74921875 0.00859375 0.0078125
0 0.66640625 0.584375 0.00703125 0.00625
0 0.5890625 0.04765625 0.00625 0.00625
0 0.4640625 0.79921875 0.0078125 0.00703125
0 0.7609375 0.30390625 0.00703125 0.00703125
0 0.39921875 0.9890625 0.009375 0.00859375
0 0.8390625 0.27265625 0.00625 0.00625
0 0.72421875 0.5609375 0.00703125 0.00703125
0 0.38515625 0.9390625 0.00703125 0.00703125
0 0.43046875 0.85859375 0.0109375 0.009375
0 0.43828125 0.6546875 0.0109375 0.009375
0 0.71171875 0.90625 0.01171875 0.01171875
0 0.8359375 0.93671875 0.0078125 0.0078125
0 0.515625 0.81953125 0.009375 0.00859375
0 0.3640625 0.715625 0.00859375 0.0078125
0 0.1359375 0.08046875 0.0078125 0.00703125
0 0.98359375 0.6203125 0.00859375 0.0078125
0 0.26171875 0.67265625 0.0078125 0.0078125
0 0.85 0.54609375 0.00859375 0.0078125
0 0.3859375 0.0453125 0.00703125 0.00703125
0 0.8421875 0.7375 0.00703125 0.00703125
0 0.5953125 0.15546875 0.0078125 0.0078125
0 0.42578125 0.77265625 0.009375 0.00859375
0 0.94609375 0.2203125 0.00703125 0.00703125
0 0.61328125 0.7671875 0.0078125 0.0078125
0 0.58828125 0.36875 0.00703125 0.00703125
0 0.60625 0.29375 0.01875 0.01640625
0 0.94453125 0.16796875 0.00703125 0.0078125
0 0.5453125 0.80625 0.0078125 0.00703125
0 0.5796875 0.725 0.00625 0.00625
0 0.403125 0.7125 0.00703125 0.00703125
0 0.6921875 0.26484375 0.0078125 0.00703125
0 0.35390625 0.05 0.00703125 0.00625
0 0.72421875 0.840625 0.00703125 0.00703125
0 0.90859375 0.01796875 0.00703125 0.00703125
0 0.71171875 0.634375 0.00859375 0.0078125
0 0.809375 0.64453125 0.0109375 0.009375
0 0.15703125 0.909375 0.00859375 0.0078125
0 0.275 0.465625 0.00859375 0.0078125
0 0.88828125 0.11015625 0.00703125 0.00703125
0 0.36484375 0.06640625 0.00859375 0.0078125
0 0.92109375 0.60625 0.00859375 0.0078125
0 0.36328125 0.03671875 0.0078125 0.00703125
0 0.8484375 0.2609375 0.0078125 0.00703125
0 0.36640625 0.94140625 0.0125 0.01171875
0 0.94375 0.5609375 0.0078125 0.00703125
0 0.815625 0.65703125 0.00703125 0.00703125
0 0.51640625 0.678125 0.0078125 0.00703125
0 0.8390625 0.99609375 0.00859375 0.0078125
0 0.94296875 0.50625 0.00859375 0.0078125
0 0.675 0.3984375 0.0109375 0.009375
0 0.98359375 0.29140625 0.0078125 0.00703125
0 0.8015625 0.78203125 0.0078125 0.00703125
0 0.81875 0.43046875 0.0109375 0.009375
0 0.859375 0.565625 0.009375 0.00859375
0 0.740625 0.62578125 0.0078125 0.00703125
0 0.7375 0.64140625 0.0078125 0.0078125
0 0.36640625 0.83984375 0.0125 0.01171875
0 0.51640625 0.109375 0.00703125 0.0078125
0 0.79609375 0.22734375 0.0109375 0.009375
0 0.490625 0.26328125 0.0078125 0.00703125
0 0.0296875 0.303125 0.01171875 0.01171875
0 0.125 0.51640625 0.0171875 0.01640625
0 0.1890625 0.81875 0.0109375 0.0109375
0 0.58515625 0.1703125 0.0109375 0.009375
0 0.96015625 0.4953125 0.0109375 0.0109375
0 0.7546875 0.503125 0.01171875 0.01171875
0 0.3375 0.38125 0.009375 0.00859375
0 0.76796875 0.509375 0.0109375 0.009375
0 0.575 0.3953125 0.009375 0.009375
0 0.6515625 0.70625 0.00859375 0.00859375
0 0.74453125 0.2140625 0.0109375 0.009375
0 0.43671875 0.61875 0.0078125 0.0078125
0 0.3640625 0.6859375 0.0109375 0.009375
0 0.2234375 0.353125 0.0109375 0.009375
0 0.3 0.43671875 0.009375 0.00859375
0 0.39140625 0.67109375 0.009375 0.009375
0 0.3140625 0.30859375 0.0109375 0.009375
0 0.53046875 0.4203125 0.009375 0.00859375
0 0.7 0.68046875 0.01171875 0.0109375
0 0.228125 0.275 0.0109375 0.009375
0 0.3328125 0.28046875 0.01484375 0.0125
0 0.5875 0.2671875 0.0125 0.0109375
0 0.2640625 0.38125 0.1046875 0.09296875
0 0.271875 0.10859375 0.0140625 0.0140625
0 0.7515625 0.3640625 0.0140625 0.0140625
0 0.14609375 0.540625 0.2140625 0.20703125
0 0.8828125 0.28671875 0.015625 0.01484375
0 0.48125 0.3984375 0.009375 0.009375
0 0.26328125 0.51171875 0.01484375 0.0140625
0 0.04765625 0.82734375 0.0171875 0.01640625
0 0.26640625 0.26640625 0.0125 0.01171875
0 0.6828125 0.58515625 0.05 0.046875
0 0.3375 0.49296875 0.015625 0.01484375
0 0.6578125 0.865625 0.0296875 0.02734375
0 0.7046875 0.87734375 0.0359375 0.03203125
0 0.05625 0.96015625 0.1109375 0.07890625
0 0.82109375 0.29375 0.02265625 0.021875
0 0.95078125 0.87578125 0.0984375 0.140625
0 0.6578125 0.2203125 0.071875 0.075
0 0.46015625 0.3109375 0.05859375 0.059375
0 0.1375 0.190625 0.02265625 0.01953125
0 0.35234375 0.2140625 0.1265625 0.11015625
0 0.815625 0.1546875 0.103125 0.09453125