0 0.1703125 0.15546875 0.1046875 0.09375
0 0.71484375 0.1125 0.015625 0.0125
0 0.8484375 0.1953125 0.0234375 0.021875
0 0.7203125 0.271875 0.0125 0.0109375
0 0.653125 0.2859375 0.0140625 0.0125
0 0.72265625 0.38515625 0.10625 0.09375
0 0.725 0.51640625 0.0140625 0.0125
0 0.69765625 0.43046875 0.0109375 0.009375
0 0.6484375 0.49765625 0.0171875 0.015625
0 0.8609375 0.5203125 0.0171875 0.015625
0 0.83515625 0.54375 0.221875 0.2
0 0.9453125 0.6546875 0.0296875 0.0265625
0 0.93828125 0.83203125 0.015625 0.0140625
0 0.79375 0.69296875 0.2390625 0.2125
0 0.934375 0.96328125 0.121875 0.0734375
0 0.63203125 0.83515625 0.0125 0.009375
0 0.63359375 0.21640625 0.125 0.1125
0 0.3296875 0.221875 0.078125 0.06875
0 0.40078125 0.27265625 0.0125 0.0125
0 0.5265625 0.31328125 0.0640625 0.0578125
0 0.165625 0.29765625 0.025 0.021875
0 0.23359375 0.36796875 0.015625 0.0140625
0 0.1015625 0.290625 0.015625 0.0140625
0 0.303125 0.58671875 0.05 0.046875
0 0.24140625 0.49375 0.0125 0.0109375
0 0.02578125 0.50078125 0.0140625 0.0125
0 0.328125 0.86875 0.03125 0.0265625
0 0.28203125 0.88125 0.0375 0.0328125
0 0.04375 0.88125 0.0875 0.140625
0 0.6203125 0.94765625 0.0125 0.0109375
0 0.18125 0.42265625 0.0125 0.009375
0 0.03046875 0.175 0.025 0.021875
0 0.63515625 0.678125 0.0109375 0.009375
0 0.28828125 0.896875 0.0125 0.009375