0 0.259375 0.95390625 0.021875 0.01875
0 0.44140625 0.98984375 0.0171875 0.015625
0 0.65546875 0.98359375 0.025 0.0234375
0 0.90625 0.8859375 0.015625 0.0140625
0 0.7078125 0.81796875 0.015625 0.0140625
0 0.64921875 0.871875 0.0125 0.0109375
0 0.61796875 0.73984375 0.021875 0.01875
0 0.57578125 0.85859375 0.01875 0.015625
0 0.4734375 0.8671875 0.04375 0.0390625
0 0.40859375 0.87265625 0.0421875 0.0375
0 0.97421875 0.73203125 0.015625 0.015625
0 0.8578125 0.7203125 0.0109375 0.009375
0 0.86015625 0.2 0.0875 0.078125
0 0.7625 0.42265625 0.015625 0.0140625
0 0.81640625 0.5734375 0.0125 0.0125
0 0.6671875 0.56015625 0.1421875 0.128125
0 0.5328125 0.5984375 0.015625 0.015625
0 0.49609375 0.5671875 0.04375 0.0390625
0 0.453125 0.2703125 0.0875 0.078125
0 0.5921875 0.2890625 0.05625 0.05
0 0.315625 0.6015625 0.015625 0.015625
0 0.06171875 0.7828125 0.0125 0.0109375
0 0.03828125 0.58203125 0.0125 0.0125
0 0.20703125 0.09609375 0.4140625 0.1921875
0 0.534375 0.07109375 0.0140625 0.0125
0 0.95390625 0.11171875 0.015625 0.015625
0 0.4671875 0.4984375 0.0125 0.009375
0 0.4015625 0.31171875 0.0125 0.0109375
0 0.43671875 0.0578125 0.0125 0.0109375
0 0.4421875 0.0515625 0.0125 0.009375