0 0.740625 0.04609375 0.02265625 0.01953125
0 0.55859375 0.01015625 0.0171875 0.015625
0 0.34453125 0.01640625 0.025 0.0234375
0 0.09375 0.1140625 0.015625 0.0140625
0 0.2921875 0.18203125 0.015625 0.0140625
0 0.35078125 0.128125 0.0125 0.0109375
0 0.38203125 0.26015625 0.021875 0.01875
0 0.42421875 0.14140625 0.01875 0.01640625
0 0.5265625 0.1328125 0.04375 0.0390625
0 0.59140625 0.12734375 0.0421875 0.0375
0 0.02578125 0.26796875 0.01640625 0.01484375
0 0.1421875 0.2796875 0.0109375 0.009375
0 0.13984375 0.8 0.0875 0.078125
0 0.2375 0.57734375 0.015625 0.0140625
0 0.18359375 0.4265625 0.0125 0.01171875
0 0.3328125 0.43984375 0.1421875 0.128125
0 0.4671875 0.4015625 0.01640625 0.01484375
0 0.50390625 0.4328125 0.04375 0.0390625
0 0.546875 0.7296875 0.0875 0.078125
0 0.4078125 0.7109375 0.05625 0.05078125
0 0.684375 0.3984375 0.015625 0.01484375
0 0.93828125 0.2171875 0.01171875 0.0109375
0 0.96171875 0.41796875 0.0125 0.01171875
0 0.79296875 0.90390625 0.4140625 0.1921875
0 0.465625 0.92890625 0.0140625 0.01171875
0 0.04609375 0.88828125 0.01640625 0.01484375
0 0.5328125 0.5015625 0.01171875 0.009375
0 0.5984375 0.68828125 0.01171875 0.0109375
0 0.56328125 0.9421875 0.0125 0.0109375
0 0.5578125 0.9484375 0.01171875 0.009375