0 0.259375 0.04609375 0.021875 0.01875
0 0.44140625 0.01015625 0.0171875 0.015625
0 0.65546875 0.01640625 0.025 0.0234375
0 0.90625 0.1140625 0.015625 0.0140625
0 0.7078125 0.18203125 0.015625 0.0140625
0 0.64921875 0.128125 0.0125 0.0109375
0 0.61796875 0.26015625 0.021875 0.01875
0 0.57578125 0.14140625 0.01875 0.015625
0 0.4734375 0.1328125 0.04375 0.0390625
0 0.40859375 0.12734375 0.0421875 0.0375
0 0.97421875 0.26796875 0.015625 0.015625
0 0.8578125 0.2796875 0.0109375 0.009375
0 0.86015625 0.8 0.0875 0.078125
0 0.7625 0.57734375 0.015625 0.0140625
0 0.81640625 0.4265625 0.0125 0.0125
0 0.6671875 0.43984375 0.1421875 0.128125
0 0.5328125 0.4015625 0.015625 0.015625
0 0.49609375 0.4328125 0.04375 0.0390625
0 0.453125 0.7296875 0.0875 0.078125
0 0.5921875 0.7109375 0.05625 0.05
0 0.315625 0.3984375 0.015625 0.015625
0 0.06171875 0.2171875 0.0125 0.0109375
0 0.03828125 0.41796875 0.0125 0.0125
0 0.20703125 0.90390625 0.4140625 0.1921875
0 0.534375 0.92890625 0.0140625 0.0125
0 0.95390625 0.88828125 0.015625 0.015625
0 0.4671875 0.5015625 0.0125 0.009375
0 0.4015625 0.68828125 0.0125 0.0109375
0 0.43671875 0.9421875 0.0125 0.0109375
0 0.4421875 0.9484375 0.0125 0.009375