0 0.15703125 0.00703125 0.01171875 0.0109375
0 0.3484375 0.00703125 0.0125 0.0125
0 0.31328125 0.059375 0.0109375 0.009375
0 0.55390625 0.00546875 0.01171875 0.0109375
0 0.65390625 0.0484375 0.01484375 0.01484375
0 0.75859375 0.04453125 0.01875 0.0171875
0 0.81328125 0.203125 0.0359375 0.034375
0 0.7484375 0.1859375 0.0109375 0.0109375
0 0.78828125 0.3609375 0.01171875 0.0109375
0 0.7203125 0.3734375 0.01171875 0.0109375
0 0.915625 0.484375 0.16875 0.228125
0 0.8328125 0.61015625 0.24921875 0.2359375
0 0.67890625 0.7484375 0.0109375 0.009375
0 0.66015625 0.65546875 0.0328125 0.03125
0 0.5765625 0.61640625 0.0125 0.01171875
0 0.5265625 0.60703125 0.01171875 0.0109375
0 0.51875 0.6171875 0.01484375 0.0140625
0 0.415625 0.55625 0.01875 0.0171875
0 0.4109375 0.584375 0.01953125 0.01875
0 0.275 0.58359375 0.0140625 0.0125
0 0.2359375 0.63359375 0.0109375 0.0109375
0 0.28828125 0.4609375 0.0109375 0.0109375
0 0.6 0.525 0.01484375 0.0140625
0 0.5890625 0.49140625 0.12578125 0.1203125
0 0.63359375 0.4 0.01171875 0.01171875
0 0.26015625 0.27421875 0.01875 0.0171875
0 0.3015625 0.871875 0.16796875 0.1578125
0 0.19296875 0.475 0.01875 0.0171875
0 0.1828125 0.52421875 0.01875 0.01875
0 0.0609375 0.60390625 0.03515625 0.034375
0 0.54296875 0.28046875 0.01171875 0.01171875
0 0.15390625 0.38984375 0.05 0.046875
0 0.6109375 0.94609375 0.0953125 0.08984375
0 0.86640625 0.9453125 0.0109375 0.009375
0 0.21015625 0.04609375 0.10546875 0.0921875
0 0.76328125 0.01640625 0.0109375 0.0109375
0 0.95234375 0.28828125 0.0109375 0.0109375
0 0.82734375 0.09453125 0.0109375 0.009375