0 0.69140625 0.18671875 0.00625 0.00625
0 0.76875 0.1234375 0.009375 0.009375
0 0.82109375 0.10625 0.0046875 0.00625
0 0.67734375 0.05625 0.0125 0.0125
0 0.2140625 0.309375 0.00625 0.00625
0 0.8609375 0.1546875 0.01875 0.0171875
0 0.96015625 0.7765625 0.00625 0.0078125
0 0.64765625 0.353125 0.015625 0.015625
0 0.6875 0.928125 0.00625 0.00625
0 0.3578125 0.22734375 0.009375 0.009375
0 0.75625 0.15 0.00625 0.00625
0 0.59140625 0.14609375 0.00625 0.00625
0 0.98515625 0.28984375 0.00625 0.00625
0 0.3875 0.2125 0.009375 0.009375
0 0.7203125 0.725 0.0046875 0.00625
0 0.16953125 0.7609375 0.0046875 0.00625
0 0.275 0.74140625 0.0171875 0.01875
0 0.26796875 0.16171875 0.00625 0.00625
0 0.56171875 0.91328125 0.015625 0.0171875
0 0.35078125 0.15546875 0.00625 0.00625
0 0.6546875 0.4984375 0.01875 0.01875
0 0.878125 0.5953125 0.00625 0.00625
0 0.31484375 0.784375 0.009375 0.009375
0 0.7828125 0.8640625 0.00625 0.0078125
0 0.984375 0.70234375 0.00625 0.00625
0 0.3421875 0.675 0.00625 0.00625
0 0.29375 0.025 0.00625 0.00625
0 0.67265625 0.8125 0.00625 0.0078125
0 0.0609375 0.8984375 0.00625 0.00625
0 0.3171875 0.65390625 0.00625 0.00625
0 0.91015625 0.91953125 0.009375 0.0109375
0 0.51171875 0.25 0.00625 0.00625
0 0.98359375 0.26640625 0.00625 0.00625
0 0.1 0.65 0.00625 0.00625
0 0.64375 0.16875 0.00625 0.00625
0 0.6421875 0.815625 0.00625 0.00625
0 0.5953125 0.16640625 0.0078125 0.009375
0 0.2 0.75625 0.00625 0.00625
0 0.9234375 0.62265625 0.015625 0.01875
0 0.26328125 0.60078125 0.00625 0.0078125
0 0.21171875 0.41171875 0.00625 0.00625
0 0.26875 0.16484375 0.00625 0.00625
0 0.4515625 0.21953125 0.00625 0.00625
0 0.79296875 0.2125 0.00625 0.00625
0 0.6578125 0.13359375 0.00625 0.00625
0 0.509375 0.06953125 0.00625 0.00625
0 0.4328125 0.33515625 0.00625 0.00625
0 0.953125 0.84296875 0.00625 0.00625
0 0.02265625 0.6125 0.00625 0.00625
0 0.553125 0.10625 0.00625 0.00625
0 0.5671875 0.13515625 0.0078125 0.009375
0 0.68125 0.35703125 0.00625 0.00625
0 0.1171875 0.89921875 0.00625 0.00625
0 0.53046875 0.63359375 0.00625 0.00625
0 0.203125 0.76875 0.00625 0.00625
0 0.11796875 0.70546875 0.00625 0.00625
0 0.7828125 0.64140625 0.00625 0.00625
0 0.53671875 0.13046875 0.00625 0.00625
0 0.0109375 0.853125 0.00625 0.00625
0 0.70390625 0.03828125 0.00625 0.00625
0 0.5328125 0.9796875 0.0078125 0.0078125
0 0.25078125 0.40859375 0.00625 0.00625
0 0.6453125 0.35546875 0.009375 0.009375
0 0.50390625 0.9671875 0.0078125 0.009375
0 0.71171875 0.2015625 0.00625 0.00625
0 0.73515625 0.92890625 0.0078125 0.0078125
0 0.02421875 0.159375 0.00625 0.00625
0 0.559375 0.221875 0.00625 0.0078125
0 0.228125 0.37578125 0.00625 0.00625
0 0.1109375 0.06875 0.00625 0.00625
0 0.00859375 0.6453125 0.00625 0.0078125
0 0.4515625 0.596875 0.00625 0.00625
0 0.190625 0.14140625 0.00625 0.00625
0 0.99765625 0.1109375 0.0046875 0.009375
0 0.471875 0.728125 0.00625 0.00625
0 0.025 0.7984375 0.00625 0.00625
0 0.41171875 0.13125 0.00625 0.00625
0 0.5796875 0.2453125 0.00625 0.00625
0 0.8796875 0.4640625 0.009375 0.009375
0 0.5859375 0.71015625 0.0078125 0.0078125
0 0.3453125 0.1015625 0.00625 0.0078125
0 0.5140625 0.66875 0.0078125 0.00625
0 0.9265625 0.971875 0.0078125 0.009375
0 0.18046875 0.42265625 0.00625 0.00625
0 0.4984375 0.52890625 0.00625 0.00625
0 0.5765625 0.15 0.00625 0.0078125
0 0.665625 0.03515625 0.00625 0.0078125
0 0.63125 0.2 0.0078125 0.009375
0 0.64609375 0.19921875 0.00625 0.0078125
0 0.1640625 0.47109375 0.0078125 0.009375
0 0.94921875 0.38203125 0.0078125 0.0078125
0 0.0046875 0.65625 0.009375 0.0125
0 0.82890625 0.246875 0.00625 0.0078125
0 0.11796875 0.0171875 0.00625 0.00625
0 0.5984375 0.20234375 0.00625 0.00625
0 0.44765625 0.77578125 0.00625 0.00625
0 0.70390625 0.9015625 0.0078125 0.0078125
0 0.5078125 0.99375 0.0140625 0.0125
0 0.69609375 0.75859375 0.0078125 0.009375
0 0.06640625 0.68046875 0.009375 0.0109375
0 0.00390625 0.4515625 0.0078125 0.0125
0 0.41875 0.80625 0.0078125 0.009375
0 0.37421875 0.01875 0.009375 0.009375
0 0.353125 0.26875 0.009375 0.009375
0 0.36171875 0.47734375 0.009375 0.009375
0 0.1546875 0.7859375 0.0078125 0.0078125
0 0.728125 0.6453125 0.0078125 0.0078125
0 0.09453125 0.9359375 0.00625 0.0078125
0 0.2796875 0.46171875 0.0125 0.0125
0 0.53515625 0.3625 0.009375 0.009375
0 0.67265625 0.15078125 0.0078125 0.009375
0 0.575 0.3453125 0.009375 0.009375
0 0.7984375 0.00859375 0.0078125 0.009375
0 0.07578125 0.01640625 0.009375 0.009375
0 0.63828125 0.29921875 0.009375 0.009375
0 0.63984375 0.79765625 0.0078125 0.0078125
0 0.6671875 0.0171875 0.0078125 0.009375
0 0.1546875 0.45625 0.0109375 0.0109375
0 0.371875 0.23125 0.0125 0.0125
0 0.7390625 0.17265625 0.009375 0.009375
0 0.23515625 0.0140625 0.0078125 0.009375
0 0.37109375 0.2046875 0.0125 0.0125
0 0.3578125 0.30234375 0.009375 0.009375
0 0.61640625 0.46796875 0.009375 0.009375
0 0.4703125 0.70390625 0.0109375 0.0109375
0 0.10390625 0.1640625 0.0109375 0.0125
0 0.3984375 0.371875 0.009375 0.0109375
0 0.15234375 0.09609375 0.009375 0.0109375
0 0.43125 0.5171875 0.00625 0.00625
0 0.59296875 0.84609375 0.0078125 0.009375
0 0.0390625 0.871875 0.0078125 0.0078125
0 0.02578125 0.2296875 0.009375 0.009375
0 0.16953125 0.1265625 0.00625 0.00625
0 0.52265625 0.4046875 0.0125 0.0140625
0 0.82578125 0.4046875 0.009375 0.009375
0 0.6140625 0.428125 0.0109375 0.0125
0 0.2984375 0.040625 0.009375 0.0109375
0 0.75703125 0.315625 0.0109375 0.0109375
0 0.83125 0.02109375 0.009375 0.0109375
0 0.19453125 0.24609375 0.0125 0.0125
0 0.64453125 0.75625 0.0125 0.0125
0 0.0140625 0.83515625 0.0125 0.0125
0 0.13359375 0.4 0.009375 0.0109375
0 0.38203125 0.271875 0.0125 0.0140625
0 0.953125 0.1296875 0.0125 0.0125
0 0.5828125 0.728125 0.0125 0.0140625
0 0.61484375 0.4859375 0.0125 0.0125
0 0.046875 0.35234375 0.015625 0.015625
0 0.6546875 0.34453125 0.03125 0.03125
0 0.871875 0.7 0.15625 0.171875
0 0.20078125 0.190625 0.0359375 0.0375
0 0.6 0.94375 0.034375 0.0359375
0 0.4828125 0.084375 0.21875 0.16875
0 0.55546875 0.5890625 0.015625 0.0171875
0 0.58125 0.59296875 0.01875 0.01875
0 0.48984375 0.4171875 0.1125 0.125
0 0.04140625 0.2453125 0.01875 0.01875
0 0.521875 0.81953125 0.01875 0.01875
0 0.38828125 0.85 0.046875 0.05
0 0.94375 0.39921875 0.0875 0.09375
0 0.475 0.8109375 0.01875 0.01875