0 0.18671875 0.30859375 0.00625 0.00625
0 0.1234375 0.23125 0.009375 0.009375
0 0.10625 0.17890625 0.00625 0.0046875
0 0.05625 0.32265625 0.0125 0.0125
0 0.309375 0.7859375 0.00625 0.00625
0 0.1546875 0.1390625 0.0171875 0.01875
0 0.7765625 0.03984375 0.0078125 0.00625
0 0.353125 0.35234375 0.015625 0.015625
0 0.928125 0.3125 0.00625 0.00625
0 0.22734375 0.6421875 0.009375 0.009375
0 0.15 0.24375 0.00625 0.00625
0 0.14609375 0.40859375 0.00625 0.00625
0 0.28984375 0.01484375 0.00625 0.00625
0 0.2125 0.6125 0.009375 0.009375
0 0.725 0.2796875 0.00625 0.0046875
0 0.7609375 0.83046875 0.00625 0.0046875
0 0.74140625 0.725 0.01875 0.0171875
0 0.16171875 0.73203125 0.00625 0.00625
0 0.91328125 0.43828125 0.0171875 0.015625
0 0.15546875 0.64921875 0.00625 0.00625
0 0.4984375 0.3453125 0.01875 0.01875
0 0.5953125 0.121875 0.00625 0.00625
0 0.784375 0.68515625 0.009375 0.009375
0 0.8640625 0.2171875 0.0078125 0.00625
0 0.70234375 0.015625 0.00625 0.00625
0 0.675 0.6578125 0.00625 0.00625
0 0.025 0.70625 0.00625 0.00625
0 0.8125 0.32734375 0.0078125 0.00625
0 0.8984375 0.9390625 0.00625 0.00625
0 0.65390625 0.6828125 0.00625 0.00625
0 0.91953125 0.08984375 0.0109375 0.009375
0 0.25 0.48828125 0.00625 0.00625
0 0.26640625 0.01640625 0.00625 0.00625
0 0.65 0.9 0.00625 0.00625
0 0.16875 0.35625 0.00625 0.00625
0 0.815625 0.3578125 0.00625 0.00625
0 0.16640625 0.4046875 0.009375 0.0078125
0 0.75625 0.8 0.00625 0.00625
0 0.62265625 0.0765625 0.01875 0.015625
0 0.60078125 0.73671875 0.0078125 0.00625
0 0.41171875 0.78828125 0.00625 0.00625
0 0.16484375 0.73125 0.00625 0.00625
0 0.21953125 0.5484375 0.00625 0.00625
0 0.2125 0.20703125 0.00625 0.00625
0 0.13359375 0.3421875 0.00625 0.00625
0 0.06953125 0.490625 0.00625 0.00625
0 0.33515625 0.5671875 0.00625 0.00625
0 0.84296875 0.046875 0.00625 0.00625
0 0.6125 0.97734375 0.00625 0.00625
0 0.10625 0.446875 0.00625 0.00625
0 0.13515625 0.4328125 0.009375 0.0078125
0 0.35703125 0.31875 0.00625 0.00625
0 0.89921875 0.8828125 0.00625 0.00625
0 0.63359375 0.46953125 0.00625 0.00625
0 0.76875 0.796875 0.00625 0.00625
0 0.70546875 0.88203125 0.00625 0.00625
0 0.64140625 0.2171875 0.00625 0.00625
0 0.13046875 0.46328125 0.00625 0.00625
0 0.853125 0.9890625 0.00625 0.00625
0 0.03828125 0.29609375 0.00625 0.00625
0 0.9796875 0.4671875 0.0078125 0.0078125
0 0.40859375 0.74921875 0.00625 0.00625
0 0.35546875 0.3546875 0.009375 0.009375
0 0.9671875 0.49609375 0.009375 0.0078125
0 0.2015625 0.28828125 0.00625 0.00625
0 0.92890625 0.26484375 0.0078125 0.0078125
0 0.159375 0.97578125 0.00625 0.00625
0 0.221875 0.440625 0.0078125 0.00625
0 0.37578125 0.771875 0.00625 0.00625
0 0.06875 0.8890625 0.00625 0.00625
0 0.6453125 0.99140625 0.0078125 0.00625
0 0.596875 0.5484375 0.00625 0.00625
0 0.14140625 0.809375 0.00625 0.00625
0 0.1109375 0.00234375 0.009375 0.0046875
0 0.728125 0.528125 0.00625 0.00625
0 0.7984375 0.975 0.00625 0.00625
0 0.13125 0.58828125 0.00625 0.00625
0 0.2453125 0.4203125 0.00625 0.00625
0 0.4640625 0.1203125 0.009375 0.009375
0 0.71015625 0.4140625 0.0078125 0.0078125
0 0.1015625 0.6546875 0.0078125 0.00625
0 0.66875 0.4859375 0.00625 0.0078125
0 0.971875 0.0734375 0.009375 0.0078125
0 0.42265625 0.81953125 0.00625 0.00625
0 0.52890625 0.5015625 0.00625 0.00625
0 0.15 0.4234375 0.0078125 0.00625
0 0.03515625 0.334375 0.0078125 0.00625
0 0.2 0.36875 0.009375 0.0078125
0 0.19921875 0.35390625 0.0078125 0.00625
0 0.47109375 0.8359375 0.009375 0.0078125
0 0.38203125 0.05078125 0.0078125 0.0078125
0 0.65625 0.9953125 0.0125 0.009375
0 0.246875 0.17109375 0.0078125 0.00625
0 0.0171875 0.88203125 0.00625 0.00625
0 0.20234375 0.4015625 0.00625 0.00625
0 0.77578125 0.55234375 0.00625 0.00625
0 0.9015625 0.29609375 0.0078125 0.0078125
0 0.99375 0.4921875 0.0125 0.0140625
0 0.75859375 0.30390625 0.009375 0.0078125
0 0.68046875 0.93359375 0.0109375 0.009375
0 0.4515625 0.99609375 0.0125 0.0078125
0 0.80625 0.58125 0.009375 0.0078125
0 0.01875 0.62578125 0.009375 0.009375
0 0.26875 0.646875 0.009375 0.009375
0 0.47734375 0.63828125 0.009375 0.009375
0 0.7859375 0.8453125 0.0078125 0.0078125
0 0.6453125 0.271875 0.0078125 0.0078125
0 0.9359375 0.90546875 0.0078125 0.00625
0 0.46171875 0.7203125 0.0125 0.0125
0 0.3625 0.46484375 0.009375 0.009375
0 0.15078125 0.32734375 0.009375 0.0078125
0 0.3453125 0.425 0.009375 0.009375
0 0.00859375 0.2015625 0.009375 0.0078125
0 0.01640625 0.92421875 0.009375 0.009375
0 0.29921875 0.36171875 0.009375 0.009375
0 0.79765625 0.36015625 0.0078125 0.0078125
0 0.0171875 0.3328125 0.009375 0.0078125
0 0.45625 0.8453125 0.0109375 0.0109375
0 0.23125 0.628125 0.0125 0.0125
0 0.17265625 0.2609375 0.009375 0.009375
0 0.0140625 0.76484375 0.009375 0.0078125
0 0.2046875 0.62890625 0.0125 0.0125
0 0.30234375 0.6421875 0.009375 0.009375
0 0.46796875 0.38359375 0.009375 0.009375
0 0.70390625 0.5296875 0.0109375 0.0109375
0 0.1640625 0.89609375 0.0125 0.0109375
0 0.371875 0.6015625 0.0109375 0.009375
0 0.09609375 0.84765625 0.0109375 0.009375
0 0.5171875 0.56875 0.00625 0.00625
0 0.84609375 0.40703125 0.009375 0.0078125
0 0.871875 0.9609375 0.0078125 0.0078125
0 0.2296875 0.97421875 0.009375 0.009375
0 0.1265625 0.83046875 0.00625 0.00625
0 0.4046875 0.47734375 0.0140625 0.0125
0 0.4046875 0.17421875 0.009375 0.009375
0 0.428125 0.3859375 0.0125 0.0109375
0 0.040625 0.7015625 0.0109375 0.009375
0 0.315625 0.24296875 0.0109375 0.0109375
0 0.02109375 0.16875 0.0109375 0.009375
0 0.24609375 0.80546875 0.0125 0.0125
0 0.75625 0.35546875 0.0125 0.0125
0 0.83515625 0.9859375 0.0125 0.0125
0 0.4 0.86640625 0.0109375 0.009375
0 0.271875 0.61796875 0.0140625 0.0125
0 0.1296875 0.046875 0.0125 0.0125
0 0.728125 0.4171875 0.0140625 0.0125
0 0.4859375 0.38515625 0.0125 0.0125
0 0.35234375 0.953125 0.015625 0.015625
0 0.34453125 0.3453125 0.03125 0.03125
0 0.7 0.128125 0.171875 0.15625
0 0.190625 0.79921875 0.0375 0.0359375
0 0.94375 0.4 0.0359375 0.034375
0 0.084375 0.5171875 0.16875 0.21875
0 0.5890625 0.44453125 0.0171875 0.015625
0 0.59296875 0.41875 0.01875 0.01875
0 0.4171875 0.51015625 0.125 0.1125
0 0.2453125 0.95859375 0.01875 0.01875
0 0.81953125 0.478125 0.01875 0.01875
0 0.85 0.61171875 0.05 0.046875
0 0.39921875 0.05625 0.09375 0.0875
0 0.8109375 0.525 0.01875 0.01875