0 0.84296875 0.00703125 0.0125 0.0109375
0 0.6515625 0.00703125 0.0125 0.0125
0 0.68671875 0.059375 0.0109375 0.009375
0 0.44609375 0.00546875 0.0125 0.0109375
0 0.34609375 0.0484375 0.015625 0.015625
0 0.24140625 0.04453125 0.01875 0.0171875
0 0.18671875 0.203125 0.0359375 0.034375
0 0.2515625 0.1859375 0.0109375 0.0109375
0 0.21171875 0.3609375 0.0125 0.0109375
0 0.2796875 0.3734375 0.0125 0.0109375
0 0.084375 0.484375 0.16875 0.228125
0 0.1671875 0.61015625 0.25 0.2359375
0 0.32109375 0.7484375 0.0109375 0.009375
0 0.33984375 0.65546875 0.0328125 0.03125
0 0.4234375 0.61640625 0.0125 0.0125
0 0.4734375 0.60703125 0.0125 0.0109375
0 0.48125 0.6171875 0.015625 0.0140625
0 0.584375 0.55625 0.01875 0.0171875
0 0.5890625 0.584375 0.01875 0.01875
0 0.725 0.58359375 0.0140625 0.0125
0 0.7640625 0.63359375 0.0109375 0.0109375
0 0.71171875 0.4609375 0.0109375 0.0109375
0 0.4 0.525 0.015625 0.0140625
0 0.4109375 0.49140625 0.125 0.1203125
0 0.36640625 0.4 0.0125 0.0125
0 0.73984375 0.27421875 0.01875 0.0171875
0 0.6984375 0.871875 0.16875 0.1578125
0 0.80703125 0.475 0.01875 0.0171875
0 0.8171875 0.52421875 0.01875 0.01875
0 0.9390625 0.60390625 0.034375 0.034375
0 0.45703125 0.28046875 0.0125 0.0125
0 0.84609375 0.38984375 0.05 0.046875
0 0.3890625 0.94609375 0.0953125 0.090625
0 0.13359375 0.9453125 0.0109375 0.009375
0 0.78984375 0.04609375 0.10625 0.0921875
0 0.23671875 0.01640625 0.0109375 0.0109375
0 0.04765625 0.28828125 0.0109375 0.0109375
0 0.17265625 0.09453125 0.0109375 0.009375