0 0.81328125 0.69140625 0.00703125 0.00625
0 0.8765625 0.76875 0.00859375 0.00859375
0 0.89375 0.82109375 0.00625 0.0046875
0 0.94375 0.67734375 0.0125 0.0125
0 0.690625 0.2140625 0.00703125 0.00625
0 0.8453125 0.8609375 0.0171875 0.01875
0 0.2234375 0.96015625 0.0078125 0.00703125
0 0.646875 0.64765625 0.01484375 0.01484375
0 0.071875 0.6875 0.00703125 0.00625
0 0.77265625 0.3578125 0.009375 0.009375
0 0.85 0.75625 0.00703125 0.00625
0 0.85390625 0.59140625 0.00703125 0.00703125
0 0.71015625 0.98515625 0.00703125 0.00625
0 0.7875 0.3875 0.009375 0.00859375
0 0.275 0.7203125 0.00625 0.0046875
0 0.2390625 0.16953125 0.00625 0.0046875
0 0.25859375 0.275 0.01875 0.0171875
0 0.83828125 0.26796875 0.00703125 0.00703125
0 0.08671875 0.56171875 0.0171875 0.01640625
0 0.84453125 0.35078125 0.00625 0.00625
0 0.5015625 0.6546875 0.01953125 0.01953125
0 0.4046875 0.878125 0.00703125 0.00703125
0 0.215625 0.31484375 0.009375 0.00859375
0 0.1359375 0.7828125 0.0078125 0.00703125
0 0.29765625 0.984375 0.00703125 0.00625
0 0.325 0.3421875 0.00625 0.00625
0 0.975 0.29375 0.00625 0.00625
0 0.1875 0.67265625 0.0078125 0.00703125
0 0.1015625 0.0609375 0.00625 0.00625
0 0.34609375 0.3171875 0.00703125 0.00703125
0 0.08046875 0.91015625 0.0109375 0.009375
0 0.75 0.51171875 0.00625 0.00625
0 0.73359375 0.98359375 0.00703125 0.00625
0 0.35 0.1 0.00703125 0.00703125
0 0.83125 0.64375 0.00625 0.00625
0 0.184375 0.6421875 0.00625 0.00625
0 0.83359375 0.5953125 0.00859375 0.0078125
0 0.24375 0.2 0.00703125 0.00625
0 0.37734375 0.9234375 0.01875 0.01640625
0 0.39921875 0.26328125 0.0078125 0.00703125
0 0.58828125 0.21171875 0.00703125 0.00625
0 0.83515625 0.26875 0.00703125 0.00703125
0 0.78046875 0.4515625 0.00703125 0.00625
0 0.7875 0.79296875 0.00625 0.00625
0 0.86640625 0.6578125 0.00703125 0.00703125
0 0.93046875 0.509375 0.00703125 0.00703125
0 0.66484375 0.4328125 0.00625 0.00625
0 0.15703125 0.953125 0.00703125 0.00625
0 0.3875 0.02265625 0.00703125 0.00625
0 0.89375 0.553125 0.00703125 0.00625
0 0.86484375 0.5671875 0.00859375 0.0078125
0 0.64296875 0.68125 0.00703125 0.00703125
0 0.10078125 0.1171875 0.00625 0.00625
0 0.36640625 0.53046875 0.00703125 0.00625
0 0.23125 0.203125 0.00703125 0.00625
0 0.29453125 0.11796875 0.00703125 0.00703125
0 0.35859375 0.7828125 0.00703125 0.00703125
0 0.86953125 0.53671875 0.00703125 0.00703125
0 0.146875 0.0109375 0.00625 0.00625
0 0.96171875 0.70390625 0.00703125 0.00625
0 0.0203125 0.5328125 0.0078125 0.0078125
0 0.59140625 0.25078125 0.00703125 0.00703125
0 0.64453125 0.6453125 0.009375 0.009375
0 0.0328125 0.50390625 0.00859375 0.0078125
0 0.7984375 0.71171875 0.00625 0.00625
0 0.07109375 0.73515625 0.0078125 0.0078125
0 0.840625 0.02421875 0.00625 0.00703125
0 0.778125 0.559375 0.0078125 0.00703125
0 0.62421875 0.228125 0.00703125 0.00625
0 0.93125 0.1109375 0.00703125 0.00703125
0 0.3546875 0.00859375 0.0078125 0.00703125
0 0.403125 0.4515625 0.00703125 0.00625
0 0.85859375 0.190625 0.00703125 0.00625
0 0.8890625 0.99765625 0.009375 0.0046875
0 0.271875 0.471875 0.00703125 0.00703125
0 0.2015625 0.025 0.00703125 0.00703125
0 0.86875 0.41171875 0.00703125 0.00703125
0 0.7546875 0.5796875 0.00625 0.00703125
0 0.5359375 0.8796875 0.00859375 0.00859375
0 0.28984375 0.5859375 0.0078125 0.0078125
0 0.8984375 0.3453125 0.0078125 0.00703125
0 0.33125 0.5140625 0.00703125 0.0078125
0 0.028125 0.9265625 0.00859375 0.0078125
0 0.57734375 0.18046875 0.00703125 0.00703125
0 0.47109375 0.4984375 0.00703125 0.00703125
0 0.85 0.5765625 0.0078125 0.00703125
0 0.96484375 0.665625 0.0078125 0.00703125
0 0.8 0.63125 0.00859375 0.0078125
0 0.80078125 0.64609375 0.0078125 0.00703125
0 0.52890625 0.1640625 0.00859375 0.0078125
0 0.61796875 0.94921875 0.0078125 0.0078125
0 0.34375 0.0046875 0.01171875 0.00859375
0 0.753125 0.82890625 0.0078125 0.00703125
0 0.9828125 0.11796875 0.00703125 0.00625
0 0.79765625 0.5984375 0.00703125 0.00703125
0 0.22421875 0.44765625 0.00703125 0.00703125
0 0.0984375 0.70390625 0.0078125 0.0078125
0 0.00625 0.5078125 0.0125 0.0140625
0 0.24140625 0.69609375 0.00859375 0.0078125
0 0.31953125 0.06640625 0.0109375 0.009375
0 0.5484375 0.00390625 0.0125 0.0078125
0 0.19375 0.41875 0.00859375 0.0078125
0 0.98125 0.37421875 0.009375 0.00859375
0 0.73125 0.353125 0.009375 0.009375
0 0.52265625 0.36171875 0.00859375 0.00859375
0 0.2140625 0.1546875 0.0078125 0.0078125
0 0.3546875 0.728125 0.0078125 0.0078125
0 0.0640625 0.09453125 0.0078125 0.00703125
0 0.53828125 0.2796875 0.01171875 0.01171875
0 0.6375 0.53515625 0.009375 0.009375
0 0.84921875 0.67265625 0.00859375 0.0078125
0 0.6546875 0.575 0.00859375 0.00859375
0 0.99140625 0.7984375 0.00859375 0.0078125
0 0.98359375 0.07578125 0.00859375 0.00859375
0 0.70078125 0.63828125 0.00859375 0.00859375
0 0.20234375 0.63984375 0.0078125 0.0078125
0 0.9828125 0.6671875 0.00859375 0.0078125
0 0.54375 0.1546875 0.0109375 0.0109375
0 0.76875 0.371875 0.01171875 0.01171875
0 0.82734375 0.7390625 0.009375 0.009375
0 0.9859375 0.23515625 0.00859375 0.0078125
0 0.7953125 0.37109375 0.01171875 0.01171875
0 0.69765625 0.3578125 0.00859375 0.00859375
0 0.53203125 0.61640625 0.009375 0.00859375
0 0.29609375 0.4703125 0.0109375 0.0109375
0 0.8359375 0.10390625 0.01171875 0.0109375
0 0.628125 0.3984375 0.0109375 0.009375
0 0.90390625 0.15234375 0.0109375 0.009375
0 0.4828125 0.43125 0.00703125 0.00703125
0 0.15390625 0.59296875 0.00859375 0.0078125
0 0.128125 0.0390625 0.0078125 0.0078125
0 0.7703125 0.02578125 0.009375 0.00859375
0 0.8734375 0.16953125 0.00703125 0.00703125
0 0.5953125 0.52265625 0.0140625 0.0125
0 0.5953125 0.82578125 0.00859375 0.00859375
0 0.571875 0.6140625 0.01171875 0.0109375
0 0.959375 0.2984375 0.0109375 0.00859375
0 0.684375 0.75703125 0.0109375 0.0109375
0 0.97890625 0.83125 0.0109375 0.009375
0 0.75390625 0.19453125 0.01171875 0.01171875
0 0.24375 0.64453125 0.01171875 0.01171875
0 0.16484375 0.0140625 0.0125 0.01171875
0 0.6 0.13359375 0.0109375 0.009375
0 0.728125 0.38203125 0.0140625 0.0125
0 0.8703125 0.953125 0.0125 0.01171875
0 0.271875 0.5828125 0.0140625 0.0125
0 0.5140625 0.61484375 0.0125 0.0125
0 0.64765625 0.046875 0.01640625 0.015625
0 0.65546875 0.6546875 0.03046875 0.03046875
0 0.3 0.871875 0.17109375 0.15625
0 0.809375 0.20078125 0.03828125 0.0359375
0 0.05625 0.6 0.0359375 0.034375
0 0.915625 0.4828125 0.16796875 0.21953125
0 0.4109375 0.55546875 0.0171875 0.01640625
0 0.40703125 0.58125 0.01875 0.01875
0 0.5828125 0.48984375 0.12578125 0.1125
0 0.7546875 0.04140625 0.01953125 0.01875
0 0.18046875 0.521875 0.01875 0.01875
0 0.15 0.38828125 0.05078125 0.04609375
0 0.60078125 0.94375 0.09296875 0.0875
0 0.1890625 0.475 0.01875 0.01875