0 0.99296875 0.15703125 0.0109375 0.0125
0 0.99296875 0.3484375 0.0125 0.0125
0 0.940625 0.31328125 0.009375 0.0109375
0 0.99453125 0.55390625 0.0109375 0.0125
0 0.9515625 0.65390625 0.015625 0.015625
0 0.95546875 0.75859375 0.0171875 0.01875
0 0.796875 0.81328125 0.034375 0.0359375
0 0.8140625 0.7484375 0.0109375 0.0109375
0 0.6390625 0.78828125 0.0109375 0.0125
0 0.6265625 0.7203125 0.0109375 0.0125
0 0.515625 0.915625 0.228125 0.16875
0 0.38984375 0.8328125 0.2359375 0.25
0 0.2515625 0.67890625 0.009375 0.0109375
0 0.34453125 0.66015625 0.03125 0.0328125
0 0.38359375 0.5765625 0.0125 0.0125
0 0.39296875 0.5265625 0.0109375 0.0125
0 0.3828125 0.51875 0.0140625 0.015625
0 0.44375 0.415625 0.0171875 0.01875
0 0.415625 0.4109375 0.01875 0.01875
0 0.41640625 0.275 0.0125 0.0140625
0 0.36640625 0.2359375 0.0109375 0.0109375
0 0.5390625 0.28828125 0.0109375 0.0109375
0 0.475 0.6 0.0140625 0.015625
0 0.50859375 0.5890625 0.1203125 0.125
0 0.6 0.63359375 0.0125 0.0125
0 0.72578125 0.26015625 0.0171875 0.01875
0 0.128125 0.3015625 0.1578125 0.16875
0 0.525 0.19296875 0.0171875 0.01875
0 0.47578125 0.1828125 0.01875 0.01875
0 0.39609375 0.0609375 0.034375 0.034375
0 0.71953125 0.54296875 0.0125 0.0125
0 0.61015625 0.15390625 0.046875 0.05
0 0.05390625 0.6109375 0.090625 0.0953125
0 0.0546875 0.86640625 0.009375 0.0109375
0 0.95390625 0.21015625 0.0921875 0.10625
0 0.98359375 0.76328125 0.0109375 0.0109375
0 0.71171875 0.95234375 0.0109375 0.0109375
0 0.90546875 0.82734375 0.009375 0.0109375