0 0.77421875 0.6265625 0.0109375 0.0109375
0 0.67109375 0.50625 0.0140625 0.0140625
0 0.95625 0.5828125 0.05546875 0.05546875
0 0.86171875 0.3390625 0.02734375 0.02734375
0 0.5375 0.07578125 0.01875 0.01875
0 0.82890625 0.11796875 0.015625 0.015625
0 0.746875 0.10859375 0.0140625 0.0140625
0 0.35 0.3453125 0.0171875 0.01640625
0 0.1609375 0.32421875 0.01640625 0.01640625
0 0.26328125 0.21171875 0.03203125 0.03125
0 0.05 0.3296875 0.0328125 0.0328125
0 0.471875 0.83046875 0.0640625 0.0640625
0 0.76171875 0.865625 0.01875 0.01875
0 0.2953125 0.09921875 0.021875 0.021875
0 0.8765625 0.375 0.009375 0.009375
0 0.396875 0.40859375 0.009375 0.009375
0 0.29453125 0.52578125 0.0109375 0.0109375
0 0.3109375 0.9078125 0.009375 0.009375
0 0.08671875 0.5890625 0.025 0.025