0 0.3734375 0.77421875 0.0109375 0.0109375
0 0.49375 0.67109375 0.0140625 0.0140625
0 0.4171875 0.95625 0.05625 0.05625
0 0.6609375 0.86171875 0.028125 0.028125
0 0.92421875 0.5375 0.01875 0.01875
0 0.88203125 0.82890625 0.015625 0.015625
0 0.89140625 0.746875 0.0140625 0.0140625
0 0.6546875 0.35 0.015625 0.0171875
0 0.67578125 0.1609375 0.015625 0.015625
0 0.78828125 0.26328125 0.03125 0.03125
0 0.6703125 0.05 0.0328125 0.0328125
0 0.16953125 0.471875 0.0640625 0.0640625
0 0.134375 0.76171875 0.01875 0.01875
0 0.90078125 0.2953125 0.021875 0.021875
0 0.625 0.8765625 0.009375 0.009375
0 0.59140625 0.396875 0.009375 0.009375
0 0.47421875 0.29453125 0.0109375 0.0109375
0 0.0921875 0.3109375 0.009375 0.009375
0 0.4109375 0.08671875 0.025 0.025