0 0.2359375 0.77265625 0.0375 0.0375
0 0.6265625 0.9015625 0.0375 0.040625
0 0.64453125 0.9796875 0.053125 0.040625
0 0.75859375 0.6734375 0.13125 0.134375
0 0.03984375 0.5515625 0.0796875 0.146875
0 0.415625 0.66953125 0.221875 0.225
0 0.353125 0.540625 0.0453125 0.0453125
0 0.22265625 0.640625 0.028125 0.028125
0 0.57578125 0.3765625 0.03125 0.03125
0 0.8265625 0.546875 0.03125 0.03125
0 0.87890625 0.45078125 0.028125 0.028125
0 0.9046875 0.34140625 0.028125 0.028125
0 0.984375 0.27890625 0.03125 0.0359375
0 0.49140625 0.1703125 0.0265625 0.028125
0 0.275 0.05546875 0.2015625 0.1109375
0 0.1140625 0.55078125 0.028125 0.028125
0 0.03828125 0.52734375 0.0265625 0.0265625
0 0.1625 0.484375 0.025 0.025