0 0.77265625 0.7640625 0.0375 0.0375
0 0.9015625 0.3734375 0.040625 0.0375
0 0.9796875 0.35546875 0.040625 0.053125
0 0.6734375 0.24140625 0.134375 0.13125
0 0.5515625 0.96015625 0.146875 0.0796875
0 0.66953125 0.584375 0.225 0.221875
0 0.540625 0.646875 0.0453125 0.0453125
0 0.640625 0.77734375 0.028125 0.028125
0 0.3765625 0.42421875 0.03125 0.03125
0 0.546875 0.1734375 0.03125 0.03125
0 0.45078125 0.12109375 0.028125 0.028125
0 0.34140625 0.0953125 0.028125 0.028125
0 0.27890625 0.015625 0.0359375 0.03125
0 0.1703125 0.50859375 0.028125 0.0265625
0 0.05546875 0.725 0.1109375 0.2015625
0 0.55078125 0.8859375 0.028125 0.028125
0 0.52734375 0.96171875 0.0265625 0.0265625
0 0.484375 0.8375 0.025 0.025