0 0.390625 0.8296875 0.0078125 0.00859375
0 0.084375 0.98203125 0.00625 0.00703125
0 0.5671875 0.88984375 0.00625 0.00625
0 0.5828125 0.85625 0.00859375 0.00859375
0 0.9515625 0.375 0.0078125 0.0078125
0 0.1828125 0.321875 0.01171875 0.0125
0 0.9015625 0.321875 0.009375 0.00859375
0 0.24765625 0.1578125 0.0109375 0.0109375
0 0.23125 0.31015625 0.0125 0.0125
0 0.78203125 0.6390625 0.0109375 0.0109375
0 0.8890625 0.44921875 0.0078125 0.0078125
0 0.06171875 0.30390625 0.015625 0.01640625
0 0.85859375 0.340625 0.02734375 0.02734375
0 0.15546875 0.79375 0.0078125 0.00703125
0 0.0125 0.95859375 0.00703125 0.00703125
0 0.05703125 0.85234375 0.00703125 0.00703125
0 0.60859375 0.2328125 0.0078125 0.00859375
0 0.04921875 0.80390625 0.00859375 0.0078125
0 0.92265625 0.50703125 0.0078125 0.00703125
0 0.88359375 0.3875 0.0109375 0.009375
0 0.39921875 0.6328125 0.01484375 0.0140625
0 0.7578125 0.86796875 0.01953125 0.0203125
0 0.86875 0.421875 0.00859375 0.0078125
0 0.46875 0.31953125 0.009375 0.00859375
0 0.92890625 0.24296875 0.00859375 0.0078125
0 0.08125 0.975 0.00859375 0.0078125
0 0.925 0.2703125 0.0078125 0.0078125
0 0.25546875 0.415625 0.00703125 0.00703125
0 0.48515625 0.88203125 0.009375 0.00859375
0 0.6671875 0.50859375 0.01640625 0.01640625
0 0.68828125 0.38359375 0.0109375 0.00859375
0 0.415625 0.8375 0.00859375 0.00859375
0 0.0921875 0.93203125 0.00703125 0.00703125
0 0.3015625 0.5359375 0.01171875 0.01171875
0 0.403125 0.42109375 0.0109375 0.0109375
0 0.3171875 0.9203125 0.0109375 0.0109375
0 0.56796875 0.14296875 0.00859375 0.00859375
0 0.54921875 0.91015625 0.0109375 0.009375
0 0.06875 0.90390625 0.00859375 0.00859375
0 0.95234375 0.5859375 0.05390625 0.05625
0 0.821875 0.11796875 0.0171875 0.01640625
0 0.5328125 0.0765625 0.01484375 0.015625
0 0.04375 0.32890625 0.0328125 0.03125
0 0.15703125 0.325 0.0171875 0.01640625
0 0.25859375 0.21015625 0.03203125 0.03125
0 0.34609375 0.34453125 0.01875 0.01640625
0 0.46640625 0.8328125 0.065625 0.0625