0 0.390625 0.1703125 0.0078125 0.009375
0 0.084375 0.01796875 0.00625 0.00625
0 0.5671875 0.11015625 0.00625 0.00625
0 0.5828125 0.14375 0.009375 0.009375
0 0.9515625 0.625 0.0078125 0.0078125
0 0.1828125 0.678125 0.0125 0.0125
0 0.9015625 0.678125 0.009375 0.009375
0 0.24765625 0.8421875 0.0109375 0.0109375
0 0.23125 0.68984375 0.0125 0.0125
0 0.78203125 0.3609375 0.0109375 0.0109375
0 0.8890625 0.55078125 0.0078125 0.0078125
0 0.06171875 0.69609375 0.015625 0.015625
0 0.85859375 0.659375 0.028125 0.028125
0 0.15546875 0.20625 0.0078125 0.00625
0 0.0125 0.04140625 0.00625 0.00625
0 0.05703125 0.14765625 0.00625 0.00625
0 0.60859375 0.7671875 0.0078125 0.009375
0 0.04921875 0.19609375 0.009375 0.0078125
0 0.92265625 0.49296875 0.0078125 0.00625
0 0.88359375 0.6125 0.0109375 0.009375
0 0.39921875 0.3671875 0.015625 0.0140625
0 0.7578125 0.13203125 0.01875 0.0203125
0 0.86875 0.578125 0.009375 0.0078125
0 0.46875 0.68046875 0.009375 0.009375
0 0.92890625 0.75703125 0.009375 0.0078125
0 0.08125 0.025 0.009375 0.0078125
0 0.925 0.7296875 0.0078125 0.0078125
0 0.25546875 0.584375 0.00625 0.00625
0 0.48515625 0.11796875 0.009375 0.009375
0 0.6671875 0.49140625 0.015625 0.015625
0 0.68828125 0.61640625 0.0109375 0.009375
0 0.415625 0.1625 0.009375 0.009375
0 0.0921875 0.06796875 0.00625 0.00625
0 0.3015625 0.4640625 0.0125 0.0125
0 0.403125 0.57890625 0.0109375 0.0109375
0 0.3171875 0.0796875 0.0109375 0.0109375
0 0.56796875 0.85703125 0.009375 0.009375
0 0.54921875 0.08984375 0.0109375 0.009375
0 0.06875 0.09609375 0.009375 0.009375
0 0.95234375 0.4140625 0.053125 0.05625
0 0.821875 0.88203125 0.0171875 0.015625
0 0.5328125 0.9234375 0.015625 0.015625
0 0.04375 0.67109375 0.0328125 0.03125
0 0.15703125 0.675 0.0171875 0.015625
0 0.25859375 0.78984375 0.03125 0.03125
0 0.34609375 0.65546875 0.01875 0.015625
0 0.46640625 0.1671875 0.065625 0.0625