0 0.290625 0.17421875 0.0359375 0.0359375
0 0.9171875 0.16328125 0.02890625 0.02890625
0 0.7921875 0.16953125 0.0265625 0.0265625
0 0.35078125 0.9328125 0.115625 0.11328125
0 0.4203125 0.68359375 0.03359375 0.03359375
0 0.22734375 0.615625 0.02421875 0.02421875
0 0.3296875 0.68359375 0.2953125 0.29296875
0 0.771875 0.6875 0.02890625 0.02890625
0 0.459375 0.3328125 0.06015625 0.06015625
0 0.13359375 0.296875 0.0453125 0.0453125
0 0.71875 0.2984375 0.02421875 0.0265625
0 0.26328125 0.97265625 0.02421875 0.02421875