0 0.22734375 0.2359375 0.03828125 0.03828125
0 0.0984375 0.6265625 0.040625 0.03828125
0 0.0203125 0.64453125 0.040625 0.053125
0 0.3265625 0.75859375 0.134375 0.13203125
0 0.4484375 0.03984375 0.146875 0.0796875
0 0.33046875 0.415625 0.22578125 0.22109375
0 0.459375 0.353125 0.0453125 0.0453125
0 0.359375 0.22265625 0.02890625 0.02890625
0 0.6234375 0.57578125 0.03125 0.03125
0 0.453125 0.8265625 0.03125 0.03125
0 0.54921875 0.87890625 0.02890625 0.02890625
0 0.65859375 0.9046875 0.02890625 0.02890625
0 0.72109375 0.984375 0.0359375 0.03125
0 0.8296875 0.49140625 0.02890625 0.0265625
0 0.94453125 0.275 0.1109375 0.2015625
0 0.44921875 0.1140625 0.02890625 0.02890625
0 0.47265625 0.03828125 0.0265625 0.0265625
0 0.515625 0.1625 0.02421875 0.02421875