0 0.9515625 0.453125 0.01953125 0.0171875
0 0.9359375 0.40546875 0.0328125 0.03046875
0 0.92890625 0.62421875 0.021875 0.01953125
0 0.93515625 0.56875 0.1296875 0.1265625
0 0.73984375 0.6453125 0.0234375 0.021875
0 0.79375 0.53515625 0.0203125 0.01875
0 0.86796875 0.4234375 0.01484375 0.0140625
0 0.8265625 0.5015625 0.084375 0.07734375
0 0.96328125 0.01640625 0.01171875 0.0109375
0 0.95859375 0.0640625 0.0828125 0.109375
0 0.85234375 0.0421875 0.01953125 0.0171875
0 0.81328125 0.0484375 0.01953125 0.0171875
0 0.85234375 0.065625 0.02734375 0.025
0 0.84296875 0.0828125 0.0359375 0.0328125
0 0.40703125 0.209375 0.0109375 0.009375
0 0.3875 0.66875 0.01171875 0.0109375
0 0.340625 0.6859375 0.02421875 0.02265625
0 0.21328125 0.75703125 0.01875 0.0171875
0 0.31875 0.80625 0.0140625 0.0125
0 0.19140625 0.83828125 0.01953125 0.0171875
0 0.35078125 0.884375 0.01484375 0.0125
0 0.1625 0.4796875 0.0109375 0.009375
0 0.14375 0.4703125 0.0125 0.01171875
0 0.25859375 0.44453125 0.0125 0.01171875
0 0.1703125 0.6921875 0.090625 0.0828125
0 0.1140625 0.9390625 0.01875 0.01640625
0 0.128125 0.98984375 0.03125 0.0203125
0 0.56875 0.92890625 0.2109375 0.14140625
0 0.64921875 0.76875 0.0109375 0.009375
0 0.89921875 0.9125 0.025 0.0234375
0 0.95859375 0.9703125 0.0828125 0.059375
0 0.3375 0.27421875 0.01875 0.0171875
0 0.60859375 0.0203125 0.01171875 0.0109375
0 0.571875 0.17890625 0.0109375 0.009375
0 0.77421875 0.23359375 0.0109375 0.009375
0 0.59375 0.615625 0.0109375 0.009375
0 0.34921875 0.5765625 0.01171875 0.0109375