0 0.453125 0.0484375 0.0171875 0.01875
0 0.40546875 0.0640625 0.03125 0.0328125
0 0.62421875 0.07109375 0.01875 0.021875
0 0.56875 0.06484375 0.1265625 0.1296875
0 0.6453125 0.26015625 0.021875 0.0234375
0 0.53515625 0.20625 0.01875 0.0203125
0 0.4234375 0.13203125 0.0140625 0.015625
0 0.5015625 0.1734375 0.078125 0.084375
0 0.01640625 0.03671875 0.0109375 0.0125
0 0.0640625 0.04140625 0.109375 0.0828125
0 0.0421875 0.14765625 0.0171875 0.01875
0 0.0484375 0.18671875 0.0171875 0.01875
0 0.065625 0.14765625 0.025 0.028125
0 0.0828125 0.15703125 0.0328125 0.0359375
0 0.209375 0.59296875 0.009375 0.0109375
0 0.66875 0.6125 0.0109375 0.0125
0 0.6859375 0.659375 0.021875 0.025
0 0.75703125 0.78671875 0.0171875 0.01875
0 0.80625 0.68125 0.0125 0.0140625
0 0.83828125 0.80859375 0.0171875 0.01875
0 0.884375 0.64921875 0.0125 0.015625
0 0.4796875 0.8375 0.009375 0.0109375
0 0.4703125 0.85625 0.0125 0.0125
0 0.44453125 0.74140625 0.0125 0.0125
0 0.6921875 0.8296875 0.0828125 0.090625
0 0.9390625 0.8859375 0.015625 0.01875
0 0.98984375 0.871875 0.0203125 0.03125
0 0.92890625 0.43125 0.140625 0.2109375
0 0.76875 0.35078125 0.009375 0.0109375
0 0.9125 0.10078125 0.0234375 0.025
0 0.9703125 0.04140625 0.059375 0.0828125
0 0.27421875 0.6625 0.0171875 0.01875
0 0.0203125 0.39140625 0.0109375 0.0125
0 0.17890625 0.428125 0.009375 0.0109375
0 0.23359375 0.22578125 0.009375 0.0109375
0 0.615625 0.40625 0.009375 0.0109375
0 0.5765625 0.65078125 0.0109375 0.0125