0 0.546875 0.9515625 0.0171875 0.0203125
0 0.59453125 0.9359375 0.03125 0.0328125
0 0.37578125 0.92890625 0.01875 0.021875
0 0.43125 0.93515625 0.1265625 0.1296875
0 0.3546875 0.73984375 0.021875 0.0234375
0 0.46484375 0.79375 0.01875 0.0203125
0 0.5765625 0.86796875 0.0140625 0.015625
0 0.4984375 0.8265625 0.078125 0.084375
0 0.98359375 0.96328125 0.0109375 0.0125
0 0.9359375 0.95859375 0.109375 0.0828125
0 0.9578125 0.85234375 0.0171875 0.01875
0 0.9515625 0.81328125 0.0171875 0.01875
0 0.934375 0.85234375 0.025 0.028125
0 0.9171875 0.84296875 0.0328125 0.0359375
0 0.790625 0.40703125 0.009375 0.0109375
0 0.33125 0.3875 0.0109375 0.0125
0 0.3140625 0.340625 0.021875 0.025
0 0.24296875 0.21328125 0.0171875 0.01875
0 0.19375 0.31875 0.0125 0.0140625
0 0.16171875 0.19140625 0.0171875 0.01875
0 0.115625 0.35078125 0.0125 0.015625
0 0.5203125 0.1625 0.009375 0.0109375
0 0.5296875 0.14375 0.0125 0.0125
0 0.55546875 0.25859375 0.0125 0.0125
0 0.3078125 0.1703125 0.0828125 0.090625
0 0.0609375 0.1140625 0.015625 0.01875
0 0.01015625 0.128125 0.0203125 0.03125
0 0.07109375 0.56875 0.140625 0.2109375
0 0.23125 0.64921875 0.009375 0.0109375
0 0.0875 0.89921875 0.0234375 0.025
0 0.0296875 0.95859375 0.059375 0.0828125
0 0.72578125 0.3375 0.0171875 0.01875
0 0.9796875 0.60859375 0.0109375 0.0125
0 0.82109375 0.571875 0.009375 0.0109375
0 0.76640625 0.77421875 0.009375 0.0109375
0 0.384375 0.59375 0.009375 0.0109375
0 0.4234375 0.34921875 0.0109375 0.0125