0 0.02265625 0.42578125 0.0171875 0.015625
0 0.19609375 0.2953125 0.01875 0.01875
0 0.27109375 0.38984375 0.0109375 0.0109375
0 0.42421875 0.4171875 0.0140625 0.0140625
0 0.45 0.434375 0.015625 0.0140625
0 0.29140625 0.61875 0.01875 0.01875
0 0.04609375 0.29609375 0.03125 0.03125
0 0.04140625 0.153125 0.0109375 0.009375
0 0.2671875 0.1109375 0.015625 0.015625
0 0.1734375 0.2203125 0.0125 0.0125
0 0.328125 0.24609375 0.0109375 0.0109375
0 0.4265625 0.1671875 0.0625 0.0625
0 0.45078125 0.07421875 0.015625 0.015625
0 0.61171875 0.2203125 0.0109375 0.0109375
0 0.2953125 0.10625 0.009375 0.009375
0 0.72578125 0.03984375 0.01875 0.01875
0 0.68828125 0.0953125 0.084375 0.0828125
0 0.7203125 0.14921875 0.021875 0.021875
0 0.68046875 0.4 0.01875 0.01875
0 0.6546875 0.4390625 0.034375 0.034375
0 0.659375 0.5125 0.0359375 0.034375
0 0.54140625 0.58515625 0.065625 0.0640625
0 0.7796875 0.440625 0.03125 0.03125
0 0.85859375 0.4546875 0.1640625 0.1609375
0 0.834375 0.61875 0.03125 0.03125
0 0.834375 0.95234375 0.125 0.09375
0 0.6984375 0.73828125 0.01875 0.01875
0 0.73125 0.76640625 0.0109375 0.0109375
0 0.653125 0.8375 0.0171875 0.015625
0 0.6265625 0.8390625 0.021875 0.0203125
0 0.67890625 0.9046875 0.015625 0.015625
0 0.75546875 0.80625 0.2984375 0.29375
0 0.92890625 0.64921875 0.009375 0.009375
0 0.46640625 0.6484375 0.0125 0.0125
0 0.40546875 0.65390625 0.034375 0.0328125
0 0.40703125 0.78125 0.015625 0.015625
0 0.309375 0.6421875 0.0125 0.0125
0 0.29453125 0.6453125 0.01875 0.01875
0 0.246875 0.603125 0.0859375 0.084375
0 0.1953125 0.6359375 0.0171875 0.0171875
0 0.1359375 0.6171875 0.0609375 0.059375
0 0.1671875 0.74296875 0.0140625 0.0125
0 0.03828125 0.68125 0.071875 0.0703125
0 0.10546875 0.9015625 0.08125 0.0796875
0 0.20234375 0.91875 0.015625 0.015625
0 0.3765625 0.9171875 0.0125 0.0125
0 0.23828125 0.9078125 0.0109375 0.009375
0 0.215625 0.5109375 0.009375 0.009375
0 0.97421875 0.321875 0.009375 0.009375
0 0.084375 0.43203125 0.0109375 0.009375
0 0.203125 0.81875 0.0125 0.0109375
0 0.3328125 0.81171875 0.0109375 0.009375
0 0.390625 0.88359375 0.0109375 0.0109375
0 0.390625 0.490625 0.015625 0.015625
0 0.525 0.87890625 0.0109375 0.0109375
0 0.3140625 0.9125 0.0125 0.0125
0 0.3484375 0.9859375 0.0125 0.0125
0 0.378125 0.9796875 0.015625 0.015625
0 0.07734375 0.9859375 0.0109375 0.00625