0 0.72890625 0.7546875 0.00703125 0.0078125
0 0.3546875 0.9484375 0.00625 0.00625
0 0.79765625 0.5703125 0.00703125 0.00625
0 0.7984375 0.671875 0.00625 0.00625
0 0.49609375 0.959375 0.00625 0.00625
0 0.2671875 0.425 0.00625 0.0328125
0 0.6953125 0.36796875 0.00625 0.00625
0 0.07109375 0.653125 0.1421875 0.3640625
0 0.159375 0.98125 0.00859375 0.009375
0 0.64765625 0.0046875 0.01875 0.00703125
0 0.45625 0.50703125 0.00625 0.00625
0 0.9234375 0.471875 0.0078125 0.00703125
0 0.01640625 0.96171875 0.00625 0.00625
0 0.16953125 0.8546875 0.00703125 0.00703125
0 0.93984375 0.19453125 0.00703125 0.0046875
0 0.675 0.99609375 0.00625 0.00625
0 0.60625 0.31484375 0.00703125 0.00703125
0 0.640625 0.72265625 0.00625 0.00625
0 0.73125 0.7125 0.00625 0.00625
0 0.87578125 0.478125 0.00625 0.00703125
0 0.36171875 0.34296875 0.00703125 0.00625
0 0.80234375 0.309375 0.00703125 0.00703125
0 0.69296875 0.0765625 0.00859375 0.00859375
0 0.45 0.54140625 0.00703125 0.00703125
0 0.4046875 0.40546875 0.0078125 0.0078125
0 0.840625 0.07265625 0.0078125 0.00703125
0 0.2453125 0.99765625 0.0078125 0.0046875
0 0.71328125 0.8875 0.00703125 0.00703125
0 0.11640625 0.13984375 0.0078125 0.0078125
0 0.89765625 0.359375 0.00703125 0.00625
0 0.08203125 0.42265625 0.00625 0.00625
0 0.99296875 0.4203125 0.0078125 0.0078125
0 0.73828125 0.87109375 0.00625 0.00625
0 0.94296875 0.15390625 0.00703125 0.00703125
0 0.78984375 0.43671875 0.00703125 0.00703125
0 0.46171875 0.10703125 0.00703125 0.00703125
0 0.54375 0.70546875 0.0078125 0.00703125
0 0.30234375 0.675 0.00703125 0.00703125
0 0.56796875 0.503125 0.00703125 0.00703125
0 0.41328125 0.51640625 0.00703125 0.00703125
0 0.52578125 0.3 0.00703125 0.00625
0 0.77265625 0.06171875 0.00703125 0.00625
0 0.78671875 0.91953125 0.00703125 0.00703125
0 0.346875 0.91484375 0.00703125 0.00625
0 0.30390625 0.8328125 0.0078125 0.00703125
0 0.5828125 0.15234375 0.00625 0.00625
0 0.6625 0.63359375 0.0078125 0.0078125
0 0.98359375 0.2984375 0.0140625 0.01484375
0 0.36796875 0.51015625 0.00703125 0.00703125
0 0.70078125 0.1 0.00703125 0.00703125
0 0.85078125 0.61015625 0.00703125 0.00703125
0 0.43984375 0.940625 0.00703125 0.00703125
0 0.521875 0.43125 0.0078125 0.0078125
0 0.459375 0.38359375 0.00625 0.00703125
0 0.98125 0.29921875 0.0375 0.26875
0 0.6453125 0.60625 0.0078125 0.00859375
0 0.67890625 0.6671875 0.00859375 0.00859375
0 0.1671875 0.6828125 0.00703125 0.00703125
0 0.4015625 0.5328125 0.0078125 0.00703125
0 0.32109375 0.20625 0.00625 0.00625
0 0.3390625 0.60390625 0.00703125 0.00703125
0 0.1859375 0.7078125 0.0109375 0.0109375
0 0.90390625 0.34453125 0.00703125 0.00625
0 0.79609375 0.36328125 0.00703125 0.00625
0 0.8921875 0.0328125 0.00625 0.00625
0 0.57109375 0.43671875 0.00703125 0.00703125
0 0.9078125 0.7203125 0.00703125 0.00703125
0 0.83046875 0.71015625 0.00703125 0.00703125
0 0.74765625 0.23203125 0.00859375 0.00859375
0 0.559375 0.54375 0.00859375 0.0078125
0 0.996875 0.78671875 0.00625 0.01484375
0 0.92890625 0.1515625 0.0078125 0.00703125
0 0.26953125 0.97734375 0.0078125 0.00703125
0 0.996875 0.0359375 0.00625 0.015625
0 0.4921875 0.4703125 0.0078125 0.00703125
0 0.70625 0.26640625 0.0078125 0.0078125
0 0.7859375 0.6234375 0.00703125 0.00703125
0 0.8796875 0.19375 0.0078125 0.00703125
0 0.9640625 0.3 0.00859375 0.009375
0 0.99765625 0.98203125 0.0046875 0.0109375
0 0.3578125 0.55625 0.00859375 0.00859375
0 0.33671875 0.98984375 0.0078125 0.00859375
0 0.27109375 0.45625 0.00859375 0.00859375
0 0.11796875 0.884375 0.0078125 0.0078125
0 0.840625 0.3609375 0.0078125 0.00703125
0 0.1921875 0.146875 0.00859375 0.00859375
0 0.359375 0.26875 0.00625 0.00625
0 0.32421875 0.64921875 0.0078125 0.0078125
0 0.5578125 0.5171875 0.0078125 0.0078125
0 0.475 0.9 0.0078125 0.00703125
0 0.73125 0.1984375 0.00703125 0.00625
0 0.49765625 0.77265625 0.00703125 0.00625
0 0.36015625 0.1640625 0.00703125 0.00625
0 0.5515625 0.8453125 0.00703125 0.00703125
0 0.6765625 0.48828125 0.0078125 0.0078125
0 0.84296875 0.21953125 0.00859375 0.00859375
0 0.51015625 0.8078125 0.00703125 0.00703125
0 0.459375 0.5515625 0.0078125 0.00703125
0 0.8640625 0.56328125 0.0078125 0.0078125
0 0.1828125 0.13125 0.00859375 0.00859375
0 0.221875 0.97890625 0.00703125 0.00703125
0 0.2015625 0.64296875 0.00703125 0.00703125
0 0.946875 0.42890625 0.00703125 0.00703125
0 0.69609375 0.26484375 0.00703125 0.0078125
0 0.69765625 0.03828125 0.00859375 0.00859375
0 0.81640625 0.3328125 0.0078125 0.00703125
0 0.1 0.00390625 0.01171875 0.0078125
0 0.97890625 0.75703125 0.00703125 0.00703125
0 0.6125 0.8109375 0.00703125 0.00703125
0 0.39375 0.27265625 0.00703125 0.00703125
0 0.96171875 0.51875 0.0078125 0.0078125
0 0.69765625 0.35390625 0.00703125 0.00703125
0 0.153125 0.36875 0.00859375 0.00859375
0 0.68046875 0.259375 0.0078125 0.00703125
0 0.93359375 0.7546875 0.0078125 0.0078125
0 0.18515625 0.64609375 0.00859375 0.00859375
0 0.4890625 0.65 0.009375 0.009375
0 0.77109375 0.29765625 0.00859375 0.0078125
0 0.7703125 0.553125 0.01640625 0.01640625
0 0.621875 0.7984375 0.00703125 0.0078125
0 0.1125 0.24296875 0.0078125 0.0078125
0 0.66953125 0.2375 0.00859375 0.00859375
0 0.29609375 0.62265625 0.00859375 0.00859375
0 0.4203125 0.35703125 0.00703125 0.00703125
0 0.29609375 0.503125 0.009375 0.00859375
0 0.72421875 0.7828125 0.00703125 0.00703125
0 0.11171875 0.15078125 0.00859375 0.00859375
0 0.94375 0.278125 0.0078125 0.0078125
0 0.921875 0.03671875 0.009375 0.00859375
0 0.65 0.403125 0.0109375 0.009375
0 0.5640625 0.7453125 0.00703125 0.00703125
0 0.31328125 0.96640625 0.00859375 0.00859375
0 0.68359375 0.75078125 0.0078125 0.0078125
0 0.1125 0.46171875 0.0078125 0.0078125
0 0.41796875 0.27421875 0.0078125 0.0078125
0 0.58984375 0.2453125 0.0078125 0.0078125
0 0.48046875 0.64140625 0.01171875 0.0109375
0 0.425 0.4859375 0.0078125 0.0078125
0 0.578125 0.2484375 0.0078125 0.0078125
0 0.2671875 0.9375 0.0078125 0.0078125
0 0.72578125 0.81328125 0.0078125 0.00703125
0 0.74453125 0.1046875 0.14375 0.1328125
0 0.25703125 0.91015625 0.0109375 0.009375
0 0.1109375 0.87578125 0.009375 0.009375
0 0.3265625 0.57109375 0.0109375 0.009375
0 0.353125 0.32109375 0.00703125 0.00703125
0 0.5375 0.39140625 0.00703125 0.00703125
0 0.44921875 0.89453125 0.01171875 0.01171875
0 0.24140625 0.93359375 0.00859375 0.0078125
0 0.7609375 0.06328125 0.0078125 0.0078125
0 0.1734375 0.07109375 0.009375 0.00859375
0 0.2828125 0.9328125 0.009375 0.00859375
0 0.90625 0.44140625 0.01171875 0.01171875
0 0.5265625 0.97578125 0.0078125 0.0078125
0 0.98125 0.17109375 0.0078125 0.0078125
0 0.471875 0.4984375 0.009375 0.009375
0 0.5171875 0.025 0.00859375 0.00859375
0 0.8140625 0.803125 0.00703125 0.00703125
0 0.478125 0.2953125 0.0078125 0.00703125
0 0.565625 0.31640625 0.00703125 0.00625
0 0.48359375 0.61875 0.01640625 0.015625
0 0.48515625 0.79921875 0.009375 0.00859375
0 0.05234375 0.9734375 0.00859375 0.00859375
0 0.721875 0.76015625 0.0109375 0.0109375
0 0.52109375 0.9421875 0.0109375 0.009375
0 0.48515625 0.69375 0.0125 0.0125
0 0.55390625 0.225 0.009375 0.00859375
0 0.71796875 0.93125 0.00859375 0.0078125
0 0.565625 0.8421875 0.00859375 0.0078125
0 0.8140625 0.915625 0.0078125 0.0078125
0 0.0828125 0.0203125 0.1125 0.040625
0 0.47734375 0.76328125 0.01171875 0.0109375
0 0.690625 0.16875 0.0078125 0.0078125
0 0.06640625 0.33359375 0.009375 0.00859375
0 0.06484375 0.815625 0.0109375 0.009375
0 0.9203125 0.1359375 0.0078125 0.00703125
0 0.0296875 0.2171875 0.009375 0.0109375
0 0.5765625 0.19375 0.0125 0.0125
0 0.53984375 0.2625 0.01171875 0.0109375
0 0.6890625 0.9390625 0.0109375 0.0109375
0 0.51171875 0.7140625 0.009375 0.009375
0 0.6 0.61640625 0.01640625 0.015625
0 0.80625 0.159375 0.009375 0.009375
0 0.32890625 0.9390625 0.0078125 0.0078125
0 0.59140625 0.3625 0.04765625 0.05078125
0 0.5328125 0.1234375 0.00703125 0.00703125
0 0.909375 0.07734375 0.01171875 0.0109375
0 0.825 0.6859375 0.015625 0.01484375
0 0.6421875 0.7390625 0.01171875 0.01171875
0 0.69453125 0.76875 0.0140625 0.0125
0 0.8578125 0.62890625 0.01484375 0.0140625
0 0.2359375 0.753125 0.03125 0.0453125
0 0.95859375 0.9515625 0.03984375 0.0375
0 0.13046875 0.10546875 0.02421875 0.0234375
0 0.14609375 0.64375 0.01640625 0.015625
0 0.67265625 0.6125 0.21796875 0.20390625
0 0.0671875 0.13203125 0.025 0.02421875
0 0.23125 0.88515625 0.0171875 0.01640625
0 0.0203125 0.09296875 0.0234375 0.021875
0 0.39921875 0.83203125 0.0359375 0.0328125
0 0.09375 0.73125 0.0375 0.03203125
0 0.4109375 0.87109375 0.02734375 0.025
0 0.83671875 0.7234375 0.01875 0.0171875
0 0.6390625 0.7984375 0.01953125 0.01953125