0 0.02265625 0.09765625 0.0234375 0.02265625
0 0.02890625 0.21796875 0.01171875 0.0109375
0 0.07109375 0.1375 0.02734375 0.0265625
0 0.1328125 0.109375 0.025 0.02421875
0 0.19453125 0.0578125 0.1859375 0.115625
0 0.5796875 0.196875 0.0140625 0.0140625
0 0.74921875 0.10625 0.1453125 0.1390625
0 0.8 0.15 0.0109375 0.0109375
0 0.91328125 0.07890625 0.01171875 0.01171875
0 0.90703125 0.44296875 0.0109375 0.009375
0 0.86171875 0.63125 0.0140625 0.0140625
0 0.82890625 0.68828125 0.01640625 0.015625
0 0.83984375 0.72578125 0.01875 0.0171875
0 0.696875 0.77265625 0.0140625 0.0125
0 0.6453125 0.7421875 0.0125 0.0125
0 0.603125 0.61953125 0.01640625 0.015625
0 0.4875 0.62265625 0.0171875 0.01640625
0 0.4734375 0.634375 0.0109375 0.0109375
0 0.4875 0.696875 0.0140625 0.0125
0 0.48125 0.76640625 0.01171875 0.01171875
0 0.6421875 0.8015625 0.0203125 0.01953125
0 0.68125 0.93125 0.01171875 0.0109375
0 0.440625 0.88671875 0.01171875 0.0109375
0 0.40234375 0.83671875 0.0359375 0.034375
0 0.41484375 0.875 0.0265625 0.02421875
0 0.96015625 0.95625 0.0390625 0.0375
0 0.77421875 0.55625 0.015625 0.01484375
0 0.67578125 0.61640625 0.2109375 0.2
0 0.24765625 0.53125 0.015625 0.01484375
0 0.2453125 0.5578125 0.01484375 0.0140625
0 0.25625 0.428125 0.0390625 0.0375
0 0.21953125 0.2703125 0.01953125 0.01875
0 0.15 0.64765625 0.01640625 0.015625
0 0.096875 0.73515625 0.034375 0.03203125
0 0.18828125 0.51875 0.0109375 0.009375
0 0.23125 0.7546875 0.046875 0.04375
0 0.23515625 0.88984375 0.0171875 0.01640625
0 0.153125 0.70234375 0.0828125 0.078125
0 0.98515625 0.3 0.0140625 0.0140625
0 0.4625 0.4890625 0.0109375 0.0109375
0 0.20546875 0.70546875 0.01171875 0.0109375