0 0.97734375 0.42578125 0.0171875 0.01640625
0 0.80390625 0.2953125 0.01953125 0.01953125
0 0.72890625 0.38984375 0.0109375 0.0109375
0 0.57578125 0.4171875 0.0140625 0.0140625
0 0.55 0.434375 0.01484375 0.0140625
0 0.70859375 0.61875 0.01875 0.01875
0 0.95390625 0.29609375 0.03125 0.03046875
0 0.95859375 0.153125 0.0109375 0.009375
0 0.7328125 0.1109375 0.015625 0.01484375
0 0.8265625 0.2203125 0.0125 0.0125
0 0.671875 0.24609375 0.0109375 0.0109375
0 0.5734375 0.1671875 0.0625 0.06171875
0 0.54921875 0.07421875 0.015625 0.01484375
0 0.38828125 0.2203125 0.0109375 0.0109375
0 0.7046875 0.10625 0.009375 0.009375
0 0.27421875 0.03984375 0.01953125 0.01953125
0 0.31171875 0.0953125 0.084375 0.0828125
0 0.2796875 0.14921875 0.02265625 0.02265625
0 0.31953125 0.4 0.01875 0.01875
0 0.3453125 0.4390625 0.034375 0.034375
0 0.340625 0.5125 0.0359375 0.03515625
0 0.45859375 0.58515625 0.065625 0.0640625
0 0.2203125 0.440625 0.03125 0.03046875
0 0.14140625 0.4546875 0.1640625 0.1609375
0 0.165625 0.61875 0.03046875 0.03046875
0 0.165625 0.95234375 0.12578125 0.09453125
0 0.3015625 0.73828125 0.01953125 0.01953125
0 0.26875 0.76640625 0.0109375 0.0109375
0 0.346875 0.8375 0.0171875 0.01640625
0 0.3734375 0.8390625 0.021875 0.0203125
0 0.32109375 0.9046875 0.01640625 0.01640625
0 0.24453125 0.80625 0.2984375 0.29296875
0 0.07109375 0.64921875 0.009375 0.009375
0 0.53359375 0.6484375 0.01171875 0.01171875
0 0.59453125 0.65390625 0.034375 0.0328125
0 0.59296875 0.78125 0.01640625 0.01640625
0 0.690625 0.6421875 0.01171875 0.01171875
0 0.70546875 0.6453125 0.01875 0.01875
0 0.753125 0.603125 0.0859375 0.08515625
0 0.8046875 0.6359375 0.0171875 0.0171875
0 0.8640625 0.6171875 0.0609375 0.059375
0 0.8328125 0.74296875 0.0140625 0.0125
0 0.96171875 0.68125 0.071875 0.0703125
0 0.89453125 0.9015625 0.08203125 0.0796875
0 0.79765625 0.91875 0.015625 0.015625
0 0.6234375 0.9171875 0.01171875 0.01171875
0 0.76171875 0.9078125 0.0109375 0.009375
0 0.784375 0.5109375 0.009375 0.009375
0 0.02578125 0.321875 0.009375 0.009375
0 0.915625 0.43203125 0.0109375 0.009375
0 0.796875 0.81875 0.01171875 0.0109375
0 0.6671875 0.81171875 0.0109375 0.009375
0 0.609375 0.88359375 0.0109375 0.0109375
0 0.609375 0.490625 0.01640625 0.01640625
0 0.475 0.87890625 0.0109375 0.0109375
0 0.6859375 0.9125 0.01171875 0.01171875
0 0.6515625 0.9859375 0.0125 0.0125
0 0.621875 0.9796875 0.01640625 0.01640625
0 0.92265625 0.9859375 0.0109375 0.00625