0 0.7546875 0.27109375 0.0078125 0.00625
0 0.9484375 0.6453125 0.00625 0.00625
0 0.5703125 0.20234375 0.00625 0.00625
0 0.671875 0.2015625 0.00625 0.00625
0 0.959375 0.50390625 0.00625 0.00625
0 0.425 0.7328125 0.0328125 0.00625
0 0.36796875 0.3046875 0.00625 0.00625
0 0.653125 0.92890625 0.3640625 0.1421875
0 0.98125 0.840625 0.009375 0.009375
0 0.0046875 0.35234375 0.00625 0.01875
0 0.50703125 0.54375 0.00625 0.00625
0 0.471875 0.0765625 0.00625 0.0078125
0 0.96171875 0.98359375 0.00625 0.00625
0 0.8546875 0.83046875 0.00625 0.00625
0 0.19453125 0.06015625 0.0046875 0.00625
0 0.99609375 0.325 0.00625 0.00625
0 0.31484375 0.39375 0.00625 0.00625
0 0.72265625 0.359375 0.00625 0.00625
0 0.7125 0.26875 0.00625 0.00625
0 0.478125 0.12421875 0.00625 0.00625
0 0.34296875 0.63828125 0.00625 0.00625
0 0.309375 0.19765625 0.00625 0.00625
0 0.0765625 0.30703125 0.009375 0.009375
0 0.54140625 0.55 0.00625 0.00625
0 0.40546875 0.5953125 0.0078125 0.0078125
0 0.07265625 0.159375 0.00625 0.0078125
0 0.99765625 0.7546875 0.0046875 0.0078125
0 0.8875 0.28671875 0.00625 0.00625
0 0.13984375 0.88359375 0.0078125 0.0078125
0 0.359375 0.10234375 0.00625 0.00625
0 0.42265625 0.91796875 0.00625 0.00625
0 0.4203125 0.00703125 0.0078125 0.0078125
0 0.87109375 0.26171875 0.00625 0.00625
0 0.15390625 0.05703125 0.00625 0.00625
0 0.43671875 0.21015625 0.00625 0.00625
0 0.10703125 0.53828125 0.00625 0.00625
0 0.70546875 0.45625 0.00625 0.0078125
0 0.675 0.69765625 0.00625 0.00625
0 0.503125 0.43203125 0.00625 0.00625
0 0.51640625 0.58671875 0.00625 0.00625
0 0.3 0.47421875 0.00625 0.00625
0 0.06171875 0.22734375 0.00625 0.00625
0 0.91953125 0.21328125 0.00625 0.00625
0 0.91484375 0.653125 0.00625 0.00625
0 0.8328125 0.69609375 0.00625 0.0078125
0 0.15234375 0.4171875 0.00625 0.00625
0 0.63359375 0.3375 0.0078125 0.0078125
0 0.2984375 0.01640625 0.015625 0.0140625
0 0.51015625 0.63203125 0.00625 0.00625
0 0.1 0.29921875 0.00625 0.00625
0 0.61015625 0.14921875 0.00625 0.00625
0 0.940625 0.56015625 0.00625 0.00625
0 0.43125 0.478125 0.0078125 0.0078125
0 0.38359375 0.540625 0.00625 0.00625
0 0.29921875 0.01875 0.26875 0.0375
0 0.60625 0.3546875 0.009375 0.0078125
0 0.6671875 0.32109375 0.009375 0.009375
0 0.6828125 0.8328125 0.00625 0.0078125
0 0.5328125 0.5984375 0.00625 0.0078125
0 0.20625 0.67890625 0.00625 0.00625
0 0.60390625 0.6609375 0.00625 0.00625
0 0.7078125 0.8140625 0.0109375 0.0109375
0 0.34453125 0.09609375 0.00625 0.00625
0 0.36328125 0.20390625 0.00625 0.00625
0 0.0328125 0.1078125 0.00625 0.00625
0 0.43671875 0.42890625 0.00625 0.00625
0 0.7203125 0.0921875 0.00625 0.00625
0 0.71015625 0.16953125 0.00625 0.00625
0 0.23203125 0.25234375 0.009375 0.009375
0 0.54375 0.440625 0.0078125 0.009375
0 0.78671875 0.003125 0.015625 0.00625
0 0.1515625 0.07109375 0.00625 0.0078125
0 0.97734375 0.73046875 0.00625 0.0078125
0 0.0359375 0.003125 0.015625 0.00625
0 0.4703125 0.5078125 0.00625 0.0078125
0 0.26640625 0.29375 0.0078125 0.0078125
0 0.6234375 0.2140625 0.00625 0.00625
0 0.19375 0.1203125 0.00625 0.0078125
0 0.3 0.0359375 0.009375 0.009375
0 0.98203125 0.00234375 0.0109375 0.0046875
0 0.55625 0.6421875 0.009375 0.009375
0 0.98984375 0.66328125 0.009375 0.0078125
0 0.45625 0.72890625 0.009375 0.009375
0 0.884375 0.88203125 0.0078125 0.0078125
0 0.3609375 0.159375 0.00625 0.0078125
0 0.146875 0.8078125 0.009375 0.009375
0 0.26875 0.640625 0.00625 0.00625
0 0.64921875 0.67578125 0.0078125 0.0078125
0 0.5171875 0.4421875 0.0078125 0.0078125
0 0.9 0.525 0.00625 0.0078125
0 0.1984375 0.26875 0.00625 0.00625
0 0.77265625 0.50234375 0.00625 0.00625
0 0.1640625 0.63984375 0.00625 0.00625
0 0.8453125 0.4484375 0.00625 0.00625
0 0.48828125 0.3234375 0.0078125 0.0078125
0 0.21953125 0.15703125 0.009375 0.009375
0 0.8078125 0.48984375 0.00625 0.00625
0 0.5515625 0.540625 0.00625 0.0078125
0 0.56328125 0.1359375 0.0078125 0.0078125
0 0.13125 0.8171875 0.009375 0.009375
0 0.97890625 0.778125 0.00625 0.00625
0 0.64296875 0.7984375 0.00625 0.00625
0 0.42890625 0.053125 0.00625 0.00625
0 0.26484375 0.30390625 0.0078125 0.00625
0 0.03828125 0.30234375 0.009375 0.009375
0 0.3328125 0.18359375 0.00625 0.0078125
0 0.00390625 0.9 0.0078125 0.0109375
0 0.75703125 0.02109375 0.00625 0.00625
0 0.8109375 0.3875 0.00625 0.00625
0 0.27265625 0.60625 0.00625 0.00625
0 0.51875 0.03828125 0.0078125 0.0078125
0 0.35390625 0.30234375 0.00625 0.00625
0 0.36875 0.846875 0.009375 0.009375
0 0.259375 0.31953125 0.00625 0.0078125
0 0.7546875 0.06640625 0.0078125 0.0078125
0 0.64609375 0.81484375 0.009375 0.009375
0 0.65 0.5109375 0.009375 0.009375
0 0.29765625 0.22890625 0.0078125 0.009375
0 0.553125 0.2296875 0.015625 0.015625
0 0.7984375 0.378125 0.0078125 0.00625
0 0.24296875 0.8875 0.0078125 0.0078125
0 0.2375 0.33046875 0.009375 0.009375
0 0.62265625 0.70390625 0.009375 0.009375
0 0.35703125 0.5796875 0.00625 0.00625
0 0.503125 0.70390625 0.009375 0.009375
0 0.7828125 0.27578125 0.00625 0.00625
0 0.15078125 0.88828125 0.009375 0.009375
0 0.278125 0.05625 0.0078125 0.0078125
0 0.03671875 0.078125 0.009375 0.009375
0 0.403125 0.35 0.009375 0.0109375
0 0.7453125 0.4359375 0.00625 0.00625
0 0.96640625 0.68671875 0.009375 0.009375
0 0.75078125 0.31640625 0.0078125 0.0078125
0 0.46171875 0.8875 0.0078125 0.0078125
0 0.27421875 0.58203125 0.0078125 0.0078125
0 0.2453125 0.41015625 0.0078125 0.0078125
0 0.64140625 0.51953125 0.0109375 0.0125
0 0.4859375 0.575 0.0078125 0.0078125
0 0.2484375 0.421875 0.0078125 0.0078125
0 0.9375 0.7328125 0.0078125 0.0078125
0 0.81328125 0.27421875 0.00625 0.0078125
0 0.1046875 0.25546875 0.1328125 0.14375
0 0.91015625 0.74296875 0.009375 0.0109375
0 0.87578125 0.8890625 0.009375 0.009375
0 0.57109375 0.6734375 0.009375 0.0109375
0 0.32109375 0.646875 0.00625 0.00625
0 0.39140625 0.4625 0.00625 0.00625
0 0.89453125 0.55078125 0.0125 0.0125
0 0.93359375 0.75859375 0.0078125 0.009375
0 0.06328125 0.2390625 0.0078125 0.0078125
0 0.07109375 0.8265625 0.009375 0.009375
0 0.9328125 0.7171875 0.009375 0.009375
0 0.44140625 0.09375 0.0125 0.0125
0 0.97578125 0.4734375 0.0078125 0.0078125
0 0.17109375 0.01875 0.0078125 0.0078125
0 0.4984375 0.528125 0.009375 0.009375
0 0.025 0.4828125 0.009375 0.009375
0 0.803125 0.1859375 0.00625 0.00625
0 0.2953125 0.521875 0.00625 0.0078125
0 0.31640625 0.434375 0.00625 0.00625
0 0.61875 0.51640625 0.015625 0.015625
0 0.79921875 0.51484375 0.009375 0.009375
0 0.9734375 0.94765625 0.009375 0.0078125
0 0.76015625 0.278125 0.0109375 0.0109375
0 0.9421875 0.47890625 0.009375 0.0109375
0 0.69375 0.51484375 0.0125 0.0125
0 0.225 0.44609375 0.009375 0.009375
0 0.93125 0.28203125 0.0078125 0.009375
0 0.8421875 0.434375 0.0078125 0.009375
0 0.915625 0.1859375 0.0078125 0.0078125
0 0.0203125 0.9171875 0.040625 0.1125
0 0.76328125 0.52265625 0.0109375 0.0125
0 0.16875 0.309375 0.0078125 0.0078125
0 0.33359375 0.93359375 0.009375 0.009375
0 0.815625 0.93515625 0.009375 0.0109375
0 0.1359375 0.0796875 0.00625 0.0078125
0 0.2171875 0.9703125 0.0109375 0.009375
0 0.19375 0.4234375 0.0125 0.0125
0 0.2625 0.46015625 0.0109375 0.0125
0 0.9390625 0.3109375 0.0109375 0.0109375
0 0.7140625 0.48828125 0.009375 0.009375
0 0.61640625 0.4 0.015625 0.015625
0 0.159375 0.19375 0.009375 0.009375
0 0.9390625 0.67109375 0.0078125 0.0078125
0 0.3625 0.40859375 0.05 0.046875
0 0.1234375 0.4671875 0.00625 0.00625
0 0.07734375 0.090625 0.0109375 0.0125
0 0.6859375 0.175 0.015625 0.015625
0 0.7390625 0.3578125 0.0125 0.0125
0 0.76875 0.30546875 0.0125 0.0140625
0 0.62890625 0.1421875 0.0140625 0.015625
0 0.753125 0.7640625 0.0453125 0.03125
0 0.9515625 0.04140625 0.0375 0.040625
0 0.10546875 0.86953125 0.0234375 0.025
0 0.64375 0.85390625 0.015625 0.015625
0 0.6125 0.32734375 0.203125 0.21875
0 0.13203125 0.9328125 0.025 0.025
0 0.88515625 0.76875 0.015625 0.0171875
0 0.09296875 0.9796875 0.021875 0.0234375
0 0.83203125 0.60078125 0.0328125 0.0359375
0 0.73125 0.90625 0.03125 0.0375
0 0.87109375 0.5890625 0.025 0.028125
0 0.7234375 0.16328125 0.0171875 0.01875
0 0.7984375 0.3609375 0.01875 0.01875