0 0.96328125 0.48828125 0.0203125 0.0203125
0 0.85234375 0.3171875 0.01171875 0.01171875
0 0.940625 0.0359375 0.01171875 0.01171875
0 0.6421875 0.309375 0.02265625 0.02265625
0 0.765625 0.1828125 0.0125 0.0125
0 0.65 0.39453125 0.08515625 0.08515625
0 0.41484375 0.475 0.0140625 0.0140625
0 0.2765625 0.0046875 0.0125 0.009375
0 0.2046875 0.11875 0.01171875 0.01171875
0 0.053125 0.365625 0.03125 0.03125
0 0.3421875 0.940625 0.01484375 0.01484375
0 0.2796875 0.94921875 0.028125 0.028125
0 0.915625 0.88828125 0.0171875 0.0171875
0 0.82578125 0.8828125 0.01171875 0.01171875
0 0.75 0.8625 0.01484375 0.01484375
0 0.5859375 0.87734375 0.0125 0.0125
0 0.6234375 0.92265625 0.0265625 0.0265625
0 0.92890625 0.41328125 0.009375 0.009375
0 0.38203125 0.5453125 0.009375 0.009375
0 0.40859375 0.7171875 0.0109375 0.0109375
0 0.63828125 0.746875 0.01171875 0.01171875
0 0.6625 0.7671875 0.06328125 0.06328125