0 0.56953125 0.89296875 0.084375 0.08203125
0 0.5734375 0.25625 0.0265625 0.0265625
0 0.1046875 0.88828125 0.0265625 0.0265625
0 0.55625 0.125 0.0265625 0.0265625
0 0.68125 0.078125 0.0265625 0.0265625
0 0.7921875 0.4578125 0.0359375 0.0359375
0 0.92578125 0.52890625 0.04296875 0.04296875
0 0.77734375 0.2640625 0.0578125 0.0578125
0 0.7953125 0.3015625 0.05546875 0.05546875
0 0.821875 0.36328125 0.053125 0.053125
0 0.85234375 0.4171875 0.06953125 0.0671875
0 0.9484375 0.37890625 0.03359375 0.03359375
0 0.98046875 0.53359375 0.03125 0.02890625