0 0.43046875 0.10703125 0.084375 0.08125
0 0.4265625 0.74375 0.0265625 0.0265625
0 0.8953125 0.11171875 0.0265625 0.0265625
0 0.44375 0.875 0.0265625 0.0265625
0 0.31875 0.921875 0.0265625 0.0265625
0 0.2078125 0.5421875 0.0359375 0.0359375
0 0.07421875 0.47109375 0.04375 0.04375
0 0.22265625 0.7359375 0.0578125 0.0578125
0 0.2046875 0.6984375 0.05625 0.05625
0 0.178125 0.63671875 0.053125 0.053125
0 0.14765625 0.5828125 0.0703125 0.0671875
0 0.0515625 0.62109375 0.034375 0.034375
0 0.01953125 0.46640625 0.03125 0.028125