0 0.19140625 0.603125 0.0078125 0.0078125
0 0.525 0.82578125 0.034375 0.05
0 0.509375 0.6078125 0.009375 0.009375
0 0.26640625 0.59296875 0.0078125 0.00625
0 0.23359375 0.590625 0.00625 0.00625
0 0.38203125 0.05078125 0.0078125 0.0078125
0 0.8140625 0.01484375 0.00625 0.00625
0 0.94921875 0.89765625 0.00625 0.00625
0 0.29140625 0.5578125 0.0109375 0.0125
0 0.06171875 0.56171875 0.053125 0.0609375
0 0.08125 0.74765625 0.00625 0.00625
0 0.63671875 0.9515625 0.0296875 0.03125
0 0.58828125 0.1234375 0.00625 0.00625
0 0.3109375 0.08046875 0.009375 0.009375
0 0.49453125 0.72109375 0.009375 0.009375
0 0.50546875 0.5828125 0.0109375 0.0125
0 0.821875 0.9125 0.00625 0.0078125
0 0.57890625 0.06328125 0.0109375 0.009375
0 0.4109375 0.7125 0.00625 0.00625
0 0.0421875 0.16015625 0.00625 0.0078125
0 0.08046875 0.1390625 0.015625 0.015625
0 0.0859375 0.2 0.00625 0.00625
0 0.278125 0.565625 0.00625 0.00625
0 0.1890625 0.6140625 0.01875 0.0203125
0 0.996875 0.72734375 0.00625 0.0125
0 0.38359375 0.15 0.00625 0.0078125
0 0.46796875 0.1453125 0.009375 0.009375
0 0.07734375 0.19375 0.0078125 0.0078125
0 0.63359375 0.0734375 0.009375 0.0078125
0 0.14375 0.959375 0.00625 0.0078125
0 0.8921875 0.346875 0.0078125 0.009375
0 0.115625 0.2828125 0.009375 0.0109375
0 0.68671875 0.15234375 0.0140625 0.0140625
0 0.52109375 0.60859375 0.0125 0.0125
0 0.0921875 0.0828125 0.009375 0.009375
0 0.12421875 0.4171875 0.0109375 0.0109375
0 0.6921875 0.3625 0.021875 0.0234375
0 0.07890625 0.378125 0.025 0.025
0 0.76328125 0.45078125 0.009375 0.009375
0 0.203125 0.521875 0.0078125 0.009375
0 0.24453125 0.6859375 0.00625 0.00625
0 0.13984375 0.2515625 0.0125 0.0125
0 0.51640625 0.04140625 0.025 0.0265625
0 0.0796875 0.709375 0.0125 0.0125
0 0.78984375 0.57734375 0.0078125 0.009375
0 0.75546875 0.40703125 0.009375 0.009375
0 0.121875 0.178125 0.009375 0.0109375
0 0.053125 0.1390625 0.009375 0.009375
0 0.44453125 0.6109375 0.009375 0.0109375
0 0.0609375 0.6625 0.015625 0.015625
0 0.8734375 0.78828125 0.0125 0.0125
0 0.525 0.5890625 0.015625 0.015625
0 0.271875 0.58125 0.0125 0.0125
0 0.9703125 0.0640625 0.0125 0.0125
0 0.24375 0.765625 0.0328125 0.0328125
0 0.81875 0.2390625 0.015625 0.015625
0 0.05390625 0.7234375 0.025 0.025
0 0.60703125 0.35625 0.0890625 0.084375