0 0.56953125 0.10703125 0.084375 0.08203125
0 0.5734375 0.74375 0.0265625 0.0265625
0 0.1046875 0.11171875 0.0265625 0.0265625
0 0.55625 0.875 0.0265625 0.0265625
0 0.68125 0.921875 0.0265625 0.0265625
0 0.7921875 0.5421875 0.0359375 0.0359375
0 0.92578125 0.47109375 0.04296875 0.04296875
0 0.77734375 0.7359375 0.0578125 0.0578125
0 0.7953125 0.6984375 0.05546875 0.05546875
0 0.821875 0.63671875 0.053125 0.053125
0 0.85234375 0.5828125 0.06953125 0.0671875
0 0.9484375 0.62109375 0.03359375 0.03359375
0 0.98046875 0.46640625 0.03125 0.02890625