0 0.396875 0.80859375 0.0078125 0.0078125
0 0.17421875 0.475 0.05 0.034375
0 0.3921875 0.490625 0.009375 0.009375
0 0.40703125 0.73359375 0.00625 0.0078125
0 0.409375 0.76640625 0.00625 0.00625
0 0.94921875 0.61796875 0.0078125 0.0078125
0 0.98515625 0.1859375 0.00625 0.00625
0 0.10234375 0.05078125 0.00625 0.00625
0 0.4421875 0.70859375 0.0125 0.0109375
0 0.43828125 0.93828125 0.0609375 0.053125
0 0.25234375 0.91875 0.00625 0.00625
0 0.0484375 0.36328125 0.03125 0.0296875
0 0.8765625 0.41171875 0.00625 0.00625
0 0.91953125 0.6890625 0.009375 0.009375
0 0.27890625 0.50546875 0.009375 0.009375
0 0.4171875 0.49453125 0.0125 0.0109375
0 0.0875 0.178125 0.0078125 0.00625
0 0.93671875 0.42109375 0.009375 0.0109375
0 0.2875 0.5890625 0.00625 0.00625
0 0.83984375 0.9578125 0.0078125 0.00625
0 0.8609375 0.91953125 0.015625 0.015625
0 0.8 0.9140625 0.00625 0.00625
0 0.434375 0.721875 0.00625 0.00625
0 0.3859375 0.8109375 0.0203125 0.01875
0 0.27265625 0.003125 0.0125 0.00625
0 0.85 0.61640625 0.0078125 0.00625
0 0.8546875 0.53203125 0.009375 0.009375
0 0.80625 0.92265625 0.0078125 0.0078125
0 0.9265625 0.36640625 0.0078125 0.009375
0 0.040625 0.85625 0.0078125 0.00625
0 0.653125 0.1078125 0.009375 0.0078125
0 0.7171875 0.884375 0.0109375 0.009375
0 0.84765625 0.31328125 0.0140625 0.0140625
0 0.39140625 0.47890625 0.0125 0.0125
0 0.9171875 0.9078125 0.009375 0.009375
0 0.5828125 0.87578125 0.0109375 0.0109375
0 0.6375 0.3078125 0.0234375 0.021875
0 0.621875 0.92109375 0.025 0.025
0 0.54921875 0.23671875 0.009375 0.009375
0 0.478125 0.796875 0.009375 0.0078125
0 0.3140625 0.75546875 0.00625 0.00625
0 0.7484375 0.86015625 0.0125 0.0125
0 0.95859375 0.48359375 0.0265625 0.025
0 0.290625 0.9203125 0.0125 0.0125
0 0.42265625 0.21015625 0.009375 0.0078125
0 0.59296875 0.24453125 0.009375 0.009375
0 0.821875 0.878125 0.0109375 0.009375
0 0.8609375 0.946875 0.009375 0.009375
0 0.3890625 0.55546875 0.0109375 0.009375
0 0.3375 0.9390625 0.015625 0.015625
0 0.21171875 0.1265625 0.0125 0.0125
0 0.4109375 0.475 0.015625 0.015625
0 0.41875 0.728125 0.0125 0.0125
0 0.9359375 0.0296875 0.0125 0.0125
0 0.234375 0.75625 0.0328125 0.0328125
0 0.7609375 0.18125 0.015625 0.015625
0 0.2765625 0.94609375 0.025 0.025
0 0.64375 0.39296875 0.084375 0.0890625