0 0.30703125 0.8875 0.009375 0.009375
0 0.78359375 0.31953125 0.009375 0.009375
0 0.90703125 0.684375 0.009375 0.009375
0 0.72421875 0.04609375 0.00625 0.00625
0 0.92109375 0.92890625 0.0078125 0.0078125
0 0.80703125 0.43984375 0.00625 0.00625
0 0.08828125 0.971875 0.00625 0.0078125
0 0.4609375 0.86640625 0.0140625 0.0140625
0 0.38359375 0.31328125 0.00625 0.00625
0 0.58125 0.11640625 0.00625 0.00625
0 0.66953125 0.8171875 0.009375 0.009375
0 0.2203125 0.2921875 0.00625 0.0078125
0 0.40625 0.0265625 0.00625 0.00625
0 0.690625 0.50703125 0.075 0.0671875
0 0.0703125 0.5609375 0.0125 0.0109375
0 0.76796875 0.03203125 0.071875 0.0625
0 0.2328125 0.959375 0.0125 0.0125
0 0.52734375 0.83671875 0.009375 0.009375
0 0.534375 0.9828125 0.00625 0.00625
0 0.134375 0.74765625 0.00625 0.00625
0 0.64609375 0.0953125 0.0125 0.0125
0 0.98359375 0.9609375 0.00625 0.0078125
0 0.25859375 0.95546875 0.0078125 0.00625
0 0.759375 0.92265625 0.00625 0.00625
0 0.025 0.28046875 0.009375 0.0078125
0 0.5890625 0.3390625 0.0078125 0.0078125
0 0.92421875 0.94375 0.00625 0.00625
0 0.71953125 0.2984375 0.00625 0.00625
0 0.9765625 0.190625 0.0078125 0.00625
0 0.05234375 0.796875 0.009375 0.0078125
0 0.5234375 0.83671875 0.0125 0.009375
0 0.121875 0.484375 0.009375 0.0078125
0 0.4640625 0.91328125 0.00625 0.0078125
0 0.321875 0.88125 0.0078125 0.0078125
0 0.61484375 0.25078125 0.015625 0.015625
0 0.940625 0.69296875 0.0078125 0.00625
0 0.6375 0.715625 0.0078125 0.009375
0 0.83359375 0.88125 0.00625 0.00625
0 0.66875 0.73828125 0.00625 0.00625
0 0.9015625 0.06015625 0.0078125 0.00625
0 0.73984375 0.5890625 0.0109375 0.0109375
0 0.034375 0.26484375 0.0078125 0.0078125
0 0.696875 0.35546875 0.0109375 0.009375
0 0.35703125 0.70390625 0.2921875 0.328125
0 0.00859375 0.5265625 0.009375 0.0078125
0 0.5640625 0.1265625 0.09375 0.0953125
0 0.66328125 0.1671875 0.009375 0.0078125
0 0.2921875 0.0171875 0.009375 0.009375
0 0.7734375 0.9125 0.0078125 0.0078125
0 0.8796875 0.0375 0.00625 0.00625
0 0.78359375 0.3421875 0.009375 0.009375
0 0.0671875 0.815625 0.009375 0.0078125
0 0.1 0.9109375 0.0109375 0.009375
0 0.73125 0.2921875 0.009375 0.0078125
0 0.69453125 0.75625 0.0078125 0.0078125
0 0.91875 0.240625 0.009375 0.009375
0 0.0078125 0.19296875 0.009375 0.0109375
0 0.4421875 0.94921875 0.0078125 0.0078125
0 0.61015625 0.2296875 0.0109375 0.009375
0 0.0140625 0.81796875 0.0109375 0.0109375
0 0.82734375 0.10625 0.0171875 0.0171875
0 0.0375 0.75703125 0.009375 0.0078125
0 0.5875 0.7203125 0.009375 0.009375
0 0.76796875 0.4375 0.009375 0.0078125
0 0.65859375 0.7953125 0.00625 0.00625
0 0.68046875 0.78359375 0.00625 0.00625
0 0.05 0.59296875 0.009375 0.009375
0 0.0734375 0.63984375 0.009375 0.009375
0 0.9078125 0.93359375 0.0078125 0.0078125
0 0.7875 0.43046875 0.009375 0.009375
0 0.63515625 0.18671875 0.0125 0.0125
0 0.86875 0.55703125 0.009375 0.009375
0 0.5796875 0.89453125 0.0078125 0.0078125
0 0.5875 0.6546875 0.009375 0.009375
0 0.59375 0.57734375 0.0078125 0.0078125
0 0.54140625 0.821875 0.0125 0.0125
0 0.9421875 0.2484375 0.0171875 0.015625
0 0.83671875 0.13671875 0.0125 0.0125
0 0.28828125 0.73515625 0.0140625 0.0125
0 0.53203125 0.2 0.05 0.046875
0 0.490625 0.3765625 0.0359375 0.034375
0 0.0765625 0.02734375 0.0125 0.0125
0 0.78671875 0.9296875 0.0109375 0.009375
0 0.3171875 0.9265625 0.015625 0.015625
0 0.4765625 0.9234375 0.0125 0.0109375
0 0.85078125 0.1609375 0.128125 0.11875
0 0.02734375 0.4671875 0.015625 0.015625
0 0.75390625 0.5640625 0.0140625 0.0140625
0 0.06953125 0.90546875 0.04375 0.0390625
0 0.70703125 0.57734375 0.015625 0.015625
0 0.0953125 0.56171875 0.06875 0.065625
0 0.83671875 0.67890625 0.0296875 0.0296875
0 0.79765625 0.6109375 0.0625 0.059375
0 0.475 0.028125 0.05 0.046875
0 0.5796875 0.93828125 0.0171875 0.015625
0 0.84296875 0.8984375 0.015625 0.0171875
0 0.33671875 0.9046875 0.03125 0.0296875