0 0.69296875 0.8875 0.00859375 0.00859375
0 0.21640625 0.31953125 0.00859375 0.00859375
0 0.09296875 0.684375 0.00859375 0.009375
0 0.27578125 0.04609375 0.00703125 0.00703125
0 0.07890625 0.92890625 0.0078125 0.0078125
0 0.19296875 0.43984375 0.00703125 0.00703125
0 0.91171875 0.971875 0.00703125 0.0078125
0 0.5390625 0.86640625 0.0140625 0.0140625
0 0.61640625 0.31328125 0.00625 0.00703125
0 0.41875 0.11640625 0.00703125 0.00625
0 0.33046875 0.8171875 0.00859375 0.00859375
0 0.7796875 0.2921875 0.00703125 0.0078125
0 0.59375 0.0265625 0.00625 0.00703125
0 0.309375 0.50703125 0.07421875 0.0671875
0 0.9296875 0.5609375 0.01171875 0.0109375
0 0.23203125 0.03203125 0.07109375 0.0625
0 0.7671875 0.959375 0.0125 0.01171875
0 0.47265625 0.83671875 0.009375 0.00859375
0 0.465625 0.9828125 0.00625 0.00625
0 0.865625 0.74765625 0.00703125 0.00703125
0 0.35390625 0.0953125 0.0125 0.0125
0 0.01640625 0.9609375 0.00703125 0.0078125
0 0.74140625 0.95546875 0.0078125 0.00703125
0 0.240625 0.92265625 0.00703125 0.00625
0 0.975 0.28046875 0.00859375 0.0078125
0 0.4109375 0.3390625 0.0078125 0.0078125
0 0.07578125 0.94375 0.00703125 0.00625
0 0.28046875 0.2984375 0.00703125 0.00703125
0 0.0234375 0.190625 0.0078125 0.00703125
0 0.94765625 0.796875 0.00859375 0.0078125
0 0.4765625 0.83671875 0.01171875 0.009375
0 0.878125 0.484375 0.00859375 0.0078125
0 0.5359375 0.91328125 0.00703125 0.0078125
0 0.678125 0.88125 0.0078125 0.0078125
0 0.38515625 0.25078125 0.01484375 0.015625
0 0.059375 0.69296875 0.0078125 0.00703125
0 0.3625 0.715625 0.0078125 0.00859375
0 0.16640625 0.88125 0.00703125 0.00625
0 0.33125 0.73828125 0.00625 0.00625
0 0.0984375 0.06015625 0.0078125 0.00703125
0 0.26015625 0.5890625 0.0109375 0.0109375
0 0.965625 0.26484375 0.0078125 0.0078125
0 0.303125 0.35546875 0.0109375 0.009375
0 0.64296875 0.70390625 0.2921875 0.32734375
0 0.99140625 0.5265625 0.00859375 0.0078125
0 0.4359375 0.1265625 0.09453125 0.0953125
0 0.33671875 0.1671875 0.00859375 0.0078125
0 0.7078125 0.0171875 0.00859375 0.00859375
0 0.2265625 0.9125 0.0078125 0.0078125
0 0.1203125 0.0375 0.00703125 0.00703125
0 0.21640625 0.3421875 0.00859375 0.00859375
0 0.9328125 0.815625 0.00859375 0.0078125
0 0.9 0.9109375 0.0109375 0.009375
0 0.26875 0.2921875 0.00859375 0.0078125
0 0.30546875 0.75625 0.0078125 0.0078125
0 0.08125 0.240625 0.009375 0.009375
0 0.9921875 0.19296875 0.009375 0.0109375
0 0.5578125 0.94921875 0.0078125 0.0078125
0 0.38984375 0.2296875 0.0109375 0.009375
0 0.9859375 0.81796875 0.0109375 0.0109375
0 0.17265625 0.10625 0.0171875 0.0171875
0 0.9625 0.75703125 0.00859375 0.0078125
0 0.4125 0.7203125 0.00859375 0.00859375
0 0.23203125 0.4375 0.00859375 0.0078125
0 0.34140625 0.7953125 0.00703125 0.00703125
0 0.31953125 0.78359375 0.00703125 0.00703125
0 0.95 0.59296875 0.009375 0.009375
0 0.9265625 0.63984375 0.009375 0.00859375
0 0.0921875 0.93359375 0.0078125 0.0078125
0 0.2125 0.43046875 0.00859375 0.00859375
0 0.36484375 0.18671875 0.0125 0.01171875
0 0.13125 0.55703125 0.00859375 0.00859375
0 0.4203125 0.89453125 0.0078125 0.0078125
0 0.4125 0.6546875 0.009375 0.00859375
0 0.40625 0.57734375 0.0078125 0.0078125
0 0.45859375 0.821875 0.0125 0.01171875
0 0.0578125 0.2484375 0.0171875 0.01640625
0 0.16328125 0.13671875 0.01171875 0.01171875
0 0.71171875 0.73515625 0.0140625 0.0125
0 0.46796875 0.2 0.05078125 0.046875
0 0.509375 0.3765625 0.0359375 0.03515625
0 0.9234375 0.02734375 0.01171875 0.01171875
0 0.21328125 0.9296875 0.0109375 0.009375
0 0.6828125 0.9265625 0.01484375 0.01484375
0 0.5234375 0.9234375 0.01171875 0.0109375
0 0.14921875 0.1609375 0.128125 0.11875
0 0.97265625 0.4671875 0.015625 0.01484375
0 0.24609375 0.5640625 0.0140625 0.0140625
0 0.93046875 0.90546875 0.04296875 0.0390625
0 0.29296875 0.57734375 0.015625 0.015625
0 0.9046875 0.56171875 0.06875 0.065625
0 0.16328125 0.67890625 0.0296875 0.0296875
0 0.20234375 0.6109375 0.0625 0.05859375
0 0.525 0.028125 0.05 0.04609375
0 0.4203125 0.93828125 0.0171875 0.01640625
0 0.15703125 0.8984375 0.01640625 0.0171875
0 0.66328125 0.9046875 0.03046875 0.0296875