0 0.08984375 0.68125 0.10625 0.096875
0 0.4 0.4796875 0.04375 0.0375
0 0.31640625 0.49296875 0.5171875 0.48125
0 0.5296875 0.2703125 0.865625 0.540625
0 0.68984375 0.5328125 0.0359375 0.034375
0 0.43125 0.790625 0.0453125 0.040625
0 0.4 0.8109375 0.0375 0.0359375
0 0.4125 0.86171875 0.0484375 0.04375
0 0.796875 0.515625 0.0265625 0.0265625
0 0.96640625 0.77890625 0.0484375 0.04375
0 0.9640625 0.72578125 0.025 0.034375
0 0.74375 0.8453125 0.0375 0.0359375
0 0.475 0.81484375 0.028125 0.0265625
0 0.3328125 0.8921875 0.0375 0.0359375
0 0.33203125 0.85546875 0.03125 0.028125
0 0.015625 0.9671875 0.03125 0.0453125