0 0.4703125 0.02421875 0.0140625 0.0140625
0 0.3765625 0.4859375 0.034375 0.034375
0 0.0125 0.084375 0.0109375 0.0109375
0 0.028125 0.475 0.046875 0.046875
0 0.2 0.53046875 0.0484375 0.0484375
0 0.56171875 0.09296875 0.0640625 0.0640625
0 0.6984375 0.37109375 0.328125 0.3296875
0 0.12578125 0.56640625 0.096875 0.0984375
0 0.2484375 0.6125 0.015625 0.015625
0 0.1625 0.84921875 0.125 0.1265625
0 0.2484375 0.93984375 0.01875 0.01875
0 0.5765625 0.70390625 0.0140625 0.0140625
0 0.56328125 0.75 0.0140625 0.0140625
0 0.61015625 0.79375 0.0625 0.0625
0 0.67578125 0.834375 0.028125 0.028125
0 0.896875 0.83828125 0.015625 0.015625
0 0.93828125 0.57734375 0.0171875 0.0171875
0 0.91328125 0.48359375 0.0109375 0.0109375
0 0.90390625 0.33203125 0.03125 0.03125
0 0.9140625 0.509375 0.171875 0.25625
0 0.89921875 0.1078125 0.009375 0.0109375
0 0.9046875 0.0640625 0.040625 0.040625
0 0.228125 0.928125 0.0109375 0.0109375
0 0.134375 0.83515625 0.0125 0.0125
0 0.17265625 0.6453125 0.0125 0.0125
0 0.21953125 0.61875 0.009375 0.009375
0 0.9171875 0.7953125 0.009375 0.009375
0 0.80859375 0.5515625 0.0125 0.0125
0 0.7328125 0.2859375 0.0125 0.0140625
0 0.925 0.31484375 0.015625 0.015625