0 0.97578125 0.4703125 0.0140625 0.0140625
0 0.5140625 0.3765625 0.034375 0.034375
0 0.915625 0.0125 0.0109375 0.0109375
0 0.525 0.028125 0.046875 0.04609375
0 0.46953125 0.2 0.0484375 0.0484375
0 0.90703125 0.56171875 0.0640625 0.0640625
0 0.62890625 0.6984375 0.3296875 0.32734375
0 0.43359375 0.12578125 0.0984375 0.09765625
0 0.3875 0.2484375 0.01484375 0.01484375
0 0.15078125 0.1625 0.12578125 0.12578125
0 0.06015625 0.2484375 0.01953125 0.01953125
0 0.29609375 0.5765625 0.0140625 0.0140625
0 0.25 0.56328125 0.0140625 0.0140625
0 0.20625 0.61015625 0.06171875 0.06171875
0 0.165625 0.67578125 0.028125 0.028125
0 0.16171875 0.896875 0.01640625 0.01640625
0 0.42265625 0.93828125 0.0171875 0.0171875
0 0.51640625 0.91328125 0.0109375 0.0109375
0 0.66796875 0.90390625 0.03125 0.03046875
0 0.490625 0.9140625 0.25625 0.171875
0 0.8921875 0.89921875 0.0109375 0.009375
0 0.9359375 0.9046875 0.040625 0.040625
0 0.071875 0.228125 0.0109375 0.0109375
0 0.16484375 0.134375 0.01171875 0.01171875
0 0.3546875 0.17265625 0.01171875 0.01171875
0 0.38125 0.21953125 0.009375 0.009375
0 0.2046875 0.9171875 0.009375 0.009375
0 0.4484375 0.80859375 0.01171875 0.01171875
0 0.7140625 0.7328125 0.0140625 0.0125
0 0.68515625 0.925 0.01484375 0.01484375