0 0.77421875 0.75625 0.02890625 0.0265625
0 0.7234375 0.87734375 0.03359375 0.03125
0 0.63125 0.93125 0.03828125 0.03359375
0 0.5984375 0.84375 0.053125 0.0484375
0 0.48046875 0.9265625 0.03828125 0.03359375
0 0.36171875 0.7484375 0.03125 0.02890625
0 0.43359375 0.571875 0.16796875 0.1515625
0 0.50703125 0.2390625 0.02890625 0.0265625
0 0.36875 0.20546875 0.0265625 0.02421875
0 0.26953125 0.9015625 0.03828125 0.0359375
0 0.19921875 0.640625 0.0484375 0.04296875
0 0.1875 0.96171875 0.040625 0.02421875
0 0.915625 0.7359375 0.16796875 0.21640625
0 0.20546875 0.67421875 0.040625 0.0359375
0 0.015625 0.53984375 0.03125 0.05078125
0 0.5296875 0.08515625 0.03125 0.0265625
0 0.7546875 0.9828125 0.05546875 0.03359375
0 0.5 0.9546875 0.03125 0.02890625
0 0.69921875 0.84375 0.040625 0.0359375
0 0.303125 0.77421875 0.03359375 0.03125
0 0.49375 0.88125 0.0265625 0.02421875
0 0.5265625 0.8921875 0.04296875 0.03828125
0 0.14296875 0.78515625 0.0359375 0.03125
0 0.21171875 0.8125 0.0265625 0.02421875
0 0.578125 0.75859375 0.02890625 0.0265625
0 0.3375 0.62890625 0.0359375 0.03125
0 0.33515625 0.5890625 0.0453125 0.040625