0 0.83671875 0.1609375 0.03125 0.03125
0 0.5796875 0.0359375 0.034375 0.034375
0 0.11796875 0.37265625 0.046875 0.046875
0 0.40546875 0.68125 0.0609375 0.0609375
0 0.340625 0.83125 0.175 0.1765625
0 0.27265625 0.61640625 0.028125 0.028125
0 0.2171875 0.68046875 0.0140625 0.0140625
0 0.15 0.66875 0.0203125 0.0203125
0 0.0984375 0.721875 0.015625 0.015625
0 0.10703125 0.55 0.015625 0.015625
0 0.52578125 0.9328125 0.0125 0.0125
0 0.78515625 0.68984375 0.015625 0.015625
0 0.4578125 0.79609375 0.053125 0.053125
0 0.8625 0.95625 0.0171875 0.0171875
0 0.90078125 0.9515625 0.0609375 0.0609375
0 0.8828125 0.5828125 0.0125 0.0125
0 0.87421875 0.5140625 0.015625 0.015625
0 0.9953125 0.134375 0.009375 0.0140625
0 0.1375 0.17265625 0.0109375 0.0109375
0 0.3484375 0.19921875 0.0109375 0.0109375
0 0.525 0.075 0.015625 0.0171875
0 0.45234375 0.41328125 0.0140625 0.0140625
0 0.746875 0.9046875 0.0125 0.0125
0 0.67890625 0.884375 0.009375 0.009375
0 0.9109375 0.0234375 0.009375 0.009375
0 0.04375 0.08046875 0.015625 0.015625