0 0.3390625 0.275 0.00625 0.00625
0 0.9859375 0.38515625 0.0109375 0.0109375
0 0.85078125 0.35546875 0.0171875 0.0140625
0 0.92578125 0.41875 0.0140625 0.0140625
0 0.94375 0.7359375 0.00625 0.00625
0 0.39140625 0.9515625 0.00625 0.0078125
0 0.6765625 0.7375 0.0109375 0.0109375
0 0.17734375 0.7734375 0.009375 0.0078125
0 0.2703125 0.30546875 0.0078125 0.0078125
0 0.01171875 0.0671875 0.021875 0.015625
0 0.0390625 0.03359375 0.078125 0.0546875
0 0.79375 0.934375 0.00625 0.00625
0 0.42265625 0.0953125 0.0109375 0.0109375
0 0.86875 0.99375 0.015625 0.0125
0 0.5265625 0.31953125 0.00625 0.0078125
0 0.334375 0.31953125 0.009375 0.0078125
0 0.83125 0.46484375 0.0125 0.0125
0 0.74609375 0.7390625 0.009375 0.009375
0 0.85859375 0.9546875 0.0109375 0.0109375
0 0.28125 0.02890625 0.009375 0.009375
0 0.5375 0.415625 0.00625 0.00625
0 0.775 0.05625 0.0078125 0.0078125
0 0.6 0.0625 0.0125 0.0125
0 0.27265625 0.00390625 0.0078125 0.0078125
0 0.428125 0.49140625 0.0078125 0.0078125
0 0.61796875 0.1671875 0.00625 0.00625
0 0.84140625 0.83671875 0.034375 0.03125
0 0.35859375 0.75390625 0.009375 0.009375
0 0.82890625 0.96015625 0.0171875 0.0171875
0 0.234375 0.746875 0.0140625 0.0140625
0 0.59140625 0.75703125 0.0109375 0.0109375
0 0.29453125 0.0640625 0.00625 0.00625
0 0.32578125 0.725 0.009375 0.009375
0 0.96875 0.92109375 0.009375 0.009375
0 0.4609375 0.00625 0.0125 0.0125
0 0.8015625 0.47578125 0.015625 0.015625
0 0.31328125 0.0578125 0.0078125 0.0078125
0 0.3 0.2125 0.00625 0.0078125
0 0.98203125 0.30546875 0.009375 0.0078125
0 0.32109375 0.40703125 0.059375 0.05625
0 0.57109375 0.5640625 0.015625 0.015625
0 0.1109375 0.79453125 0.00625 0.00625
0 0.53046875 0.62734375 0.009375 0.009375
0 0.60859375 0.4171875 0.009375 0.009375
0 0.00390625 0.36328125 0.0078125 0.0078125
0 0.5015625 0.09765625 0.015625 0.015625
0 0.921875 0.0421875 0.015625 0.015625
0 0.1078125 0.68984375 0.009375 0.009375
0 0.5734375 0.4625 0.0078125 0.0078125
0 0.021875 0.1203125 0.0078125 0.009375
0 0.45234375 0.15625 0.009375 0.0125
0 0.7921875 0.36015625 0.0125 0.009375
0 0.49375 0.19921875 0.0078125 0.0078125
0 0.21796875 0.04921875 0.009375 0.009375
0 0.8609375 0.46484375 0.0078125 0.0078125
0 0.4875 0.2875 0.009375 0.009375
0 0.3578125 0.0578125 0.0140625 0.015625
0 0.42578125 0.1765625 0.009375 0.009375
0 0.421875 0.88359375 0.0125 0.0109375
0 0.096875 0.7484375 0.0125 0.0125
0 0.63828125 0.7640625 0.0109375 0.009375
0 0.3125 0.7859375 0.0171875 0.015625
0 0.07265625 0.5265625 0.015625 0.0125
0 0.92734375 0.525 0.015625 0.015625
0 0.5890625 0.45390625 0.0125 0.0125
0 0.38671875 0.27265625 0.03125 0.028125
0 0.4546875 0.10859375 0.015625 0.015625
0 0.32265625 0.2203125 0.0125 0.0125
0 0.9671875 0.57890625 0.034375 0.03125
0 0.04609375 0.8640625 0.015625 0.015625
0 0.33359375 0.14921875 0.0203125 0.021875
0 0.28046875 0.09921875 0.01875 0.01875
0 0.63125 0.12109375 0.0484375 0.04375
0 0.48984375 0.875 0.01875 0.0171875
0 0.04921875 0.90234375 0.0625 0.0609375