0 0.16328125 0.8390625 0.03125 0.03125
0 0.4203125 0.9640625 0.034375 0.034375
0 0.88203125 0.62734375 0.046875 0.046875
0 0.59453125 0.31875 0.0609375 0.0609375
0 0.659375 0.16875 0.175 0.1765625
0 0.72734375 0.38359375 0.028125 0.028125
0 0.7828125 0.31953125 0.0140625 0.0140625
0 0.85 0.33125 0.0203125 0.0203125
0 0.9015625 0.278125 0.015625 0.015625
0 0.89296875 0.45 0.015625 0.015625
0 0.47421875 0.0671875 0.0125 0.0125
0 0.21484375 0.31015625 0.015625 0.015625
0 0.5421875 0.20390625 0.053125 0.053125
0 0.1375 0.04375 0.0171875 0.0171875
0 0.09921875 0.0484375 0.0609375 0.0609375
0 0.1171875 0.4171875 0.0125 0.0125
0 0.12578125 0.4859375 0.015625 0.015625
0 0.0046875 0.865625 0.009375 0.0140625
0 0.8625 0.82734375 0.0109375 0.0109375
0 0.6515625 0.80078125 0.0109375 0.0109375
0 0.475 0.925 0.015625 0.0171875
0 0.54765625 0.58671875 0.0140625 0.0140625
0 0.253125 0.0953125 0.0125 0.0125
0 0.32109375 0.115625 0.009375 0.009375
0 0.0890625 0.9765625 0.009375 0.009375
0 0.95625 0.91953125 0.015625 0.0171875