0 0.6609375 0.275 0.00703125 0.00703125
0 0.0140625 0.38515625 0.0109375 0.0109375
0 0.14921875 0.35546875 0.0171875 0.0140625
0 0.07421875 0.41875 0.0140625 0.0140625
0 0.05625 0.7359375 0.00703125 0.00703125
0 0.60859375 0.9515625 0.00703125 0.0078125
0 0.3234375 0.7375 0.0109375 0.0109375
0 0.82265625 0.7734375 0.00859375 0.0078125
0 0.7296875 0.30546875 0.0078125 0.0078125
0 0.98828125 0.0671875 0.021875 0.015625
0 0.9609375 0.03359375 0.078125 0.0546875
0 0.20625 0.934375 0.00703125 0.00703125
0 0.57734375 0.0953125 0.0109375 0.0109375
0 0.13125 0.99375 0.01484375 0.01171875
0 0.4734375 0.31953125 0.00703125 0.0078125
0 0.665625 0.31953125 0.00859375 0.0078125
0 0.16875 0.46484375 0.0125 0.01171875
0 0.25390625 0.7390625 0.009375 0.009375
0 0.14140625 0.9546875 0.0109375 0.0109375
0 0.71875 0.02890625 0.009375 0.00859375
0 0.4625 0.415625 0.00703125 0.00703125
0 0.225 0.05625 0.0078125 0.0078125
0 0.4 0.0625 0.0125 0.01171875
0 0.72734375 0.00390625 0.0078125 0.0078125
0 0.571875 0.49140625 0.0078125 0.0078125
0 0.38203125 0.1671875 0.00703125 0.00703125
0 0.15859375 0.83671875 0.034375 0.03203125
0 0.64140625 0.75390625 0.009375 0.009375
0 0.17109375 0.96015625 0.0171875 0.0171875
0 0.765625 0.746875 0.0140625 0.0140625
0 0.40859375 0.75703125 0.0109375 0.0109375
0 0.70546875 0.0640625 0.00703125 0.00703125
0 0.67421875 0.725 0.00859375 0.00859375
0 0.03125 0.92109375 0.009375 0.00859375
0 0.5390625 0.00625 0.01171875 0.0125
0 0.1984375 0.47578125 0.01640625 0.015625
0 0.68671875 0.0578125 0.0078125 0.0078125
0 0.7 0.2125 0.00703125 0.0078125
0 0.01796875 0.30546875 0.00859375 0.0078125
0 0.67890625 0.40703125 0.059375 0.05546875
0 0.42890625 0.5640625 0.015625 0.015625
0 0.8890625 0.79453125 0.00703125 0.00703125
0 0.46953125 0.62734375 0.00859375 0.00859375
0 0.39140625 0.4171875 0.00859375 0.00859375
0 0.99609375 0.36328125 0.0078125 0.0078125
0 0.4984375 0.09765625 0.01484375 0.015625
0 0.078125 0.0421875 0.015625 0.01484375
0 0.8921875 0.68984375 0.009375 0.00859375
0 0.4265625 0.4625 0.0078125 0.0078125
0 0.978125 0.1203125 0.0078125 0.00859375
0 0.54765625 0.15625 0.009375 0.01171875
0 0.2078125 0.36015625 0.01171875 0.009375
0 0.50625 0.19921875 0.0078125 0.0078125
0 0.78203125 0.04921875 0.00859375 0.00859375
0 0.1390625 0.46484375 0.0078125 0.0078125
0 0.5125 0.2875 0.009375 0.00859375
0 0.6421875 0.0578125 0.0140625 0.01484375
0 0.57421875 0.1765625 0.009375 0.009375
0 0.578125 0.88359375 0.01171875 0.0109375
0 0.903125 0.7484375 0.0125 0.01171875
0 0.36171875 0.7640625 0.0109375 0.009375
0 0.6875 0.7859375 0.0171875 0.01640625
0 0.92734375 0.5265625 0.01484375 0.0125
0 0.07265625 0.525 0.01484375 0.015625
0 0.4109375 0.45390625 0.0125 0.01171875
0 0.61328125 0.27265625 0.03125 0.028125
0 0.5453125 0.10859375 0.01484375 0.015625
0 0.67734375 0.2203125 0.0125 0.0125
0 0.0328125 0.57890625 0.034375 0.03203125
0 0.95390625 0.8640625 0.01640625 0.01640625
0 0.66640625 0.14921875 0.0203125 0.021875
0 0.71953125 0.09921875 0.01953125 0.01875
0 0.36875 0.12109375 0.0484375 0.04296875
0 0.51015625 0.875 0.01875 0.0171875
0 0.95078125 0.90234375 0.06171875 0.0609375