0 0.59609375 0.9890625 0.03359375 0.021875
0 0.21640625 0.04296875 0.1203125 0.0859375
0 0.57578125 0.44609375 0.02890625 0.02890625
0 0.61640625 0.640625 0.0359375 0.03359375
0 0.84140625 0.66484375 0.0484375 0.0453125
0 0.78828125 0.5828125 0.084375 0.08203125
0 0.80546875 0.25390625 0.03359375 0.03359375
0 0.865625 0.82421875 0.0265625 0.0265625
0 0.33515625 0.44921875 0.0265625 0.0265625
0 0.44453125 0.41015625 0.02890625 0.0265625
0 0.62265625 0.546875 0.0453125 0.04296875
0 0.0578125 0.240625 0.02421875 0.02421875