0 0.4328125 0.72734375 0.00625 0.00625
0 0.91171875 0.603125 0.00625 0.00625
0 0.0359375 0.37421875 0.0109375 0.009375
0 0.8328125 0.25078125 0.00625 0.00625
0 0.571875 0.3875 0.0078125 0.00625
0 0.9390625 0.43671875 0.0125 0.0125
0 0.4734375 0.5515625 0.0078125 0.009375
0 0.55546875 0.309375 0.0078125 0.0078125
0 0.87578125 0.38046875 0.009375 0.009375
0 0.3359375 0.68046875 0.0484375 0.0578125
0 0.55234375 0.5171875 0.015625 0.015625
0 0.94921875 0.6109375 0.009375 0.009375
0 0.903125 0.1984375 0.0078125 0.0078125
0 0.33984375 0.1640625 0.00625 0.00625
0 0.015625 0.41875 0.0078125 0.0078125
0 0.52109375 0.22578125 0.00625 0.00625
0 0.26640625 0.2 0.00625 0.00625
0 0.0671875 0.88984375 0.0078125 0.00625
0 0.76484375 0.35078125 0.0203125 0.01875
0 0.8671875 0.63359375 0.0078125 0.0078125
0 0.87265625 0.709375 0.009375 0.009375
0 0.52109375 0.740625 0.00625 0.00625
0 0.83515625 0.04375 0.00625 0.00625
0 0.3265625 0.8453125 0.0078125 0.00625
0 0.0765625 0.5546875 0.00625 0.0078125
0 0.803125 0.946875 0.009375 0.009375
0 0.1265625 0.05859375 0.225 0.115625
0 0.4515625 0.52578125 0.0515625 0.078125
0 0.8 0.64921875 0.009375 0.009375
0 0.9328125 0.8890625 0.0125 0.0125
0 0.81484375 0.44453125 0.009375 0.009375
0 0.79375 0.5421875 0.009375 0.0078125
0 0.51953125 0.5578125 0.0078125 0.00625
0 0.9390625 0.15546875 0.0078125 0.0078125
0 0.965625 0.61875 0.0109375 0.0109375
0 0.44375 0.7453125 0.0078125 0.00625
0 0.790625 0.865625 0.00625 0.00625
0 0.015625 0.96328125 0.009375 0.0109375
0 0.58671875 0.55 0.0140625 0.0125
0 0.2046875 0.103125 0.009375 0.009375
0 0.30390625 0.5078125 0.009375 0.009375
0 0.3484375 0.24375 0.0078125 0.00625
0 0.74296875 0.36015625 0.0078125 0.0078125
0 0.64140625 0.40078125 0.009375 0.009375
0 0.8171875 0.24375 0.0078125 0.0078125
0 0.79375 0.06640625 0.009375 0.0078125
0 0.91875 0.58515625 0.009375 0.009375
0 0.32734375 0.525 0.0078125 0.0078125
0 0.1921875 0.915625 0.025 0.025
0 0.225 0.209375 0.0125 0.0125
0 0.7765625 0.38359375 0.0125 0.0125
0 0.978125 0.9078125 0.0078125 0.0078125
0 0.88671875 0.66015625 0.009375 0.009375
0 0.25 0.609375 0.0375 0.034375
0 0.1859375 0.97734375 0.009375 0.009375
0 0.8171875 0.815625 0.0109375 0.009375
0 0.68046875 0.64375 0.0109375 0.009375
0 0.99453125 0.29140625 0.0109375 0.015625
0 0.2140625 0.640625 0.015625 0.0171875
0 0.46484375 0.48203125 0.009375 0.009375
0 0.4421875 0.7015625 0.015625 0.015625
0 0.19375 0.5875 0.025 0.025
0 0.3875 0.0671875 0.0125 0.0125
0 0.2171875 0.80546875 0.021875 0.021875
0 0.6921875 0.17890625 0.228125 0.21875
0 0.48046875 0.771875 0.01875 0.021875
0 0.54375 0.759375 0.03125 0.0296875
0 0.42109375 0.696875 0.01875 0.01875
0 0.8140625 0.2078125 0.03125 0.0296875