0 0.53984375 0.309375 0.9203125 0.61875
0 0.99375 0.4546875 0.0125 0.01875
0 0.49921875 0.878125 0.015625 0.015625
0 0.46953125 0.79375 0.0203125 0.021875
0 0.425 0.7375 0.0125 0.0125
0 0.4078125 0.7484375 0.0125 0.0125
0 0.38203125 0.78984375 0.021875 0.0234375
0 0.284375 0.925 0.0109375 0.0109375
0 0.24375 0.94375 0.01875 0.01875
0 0.1515625 0.8875 0.025 0.025
0 0.0765625 0.86875 0.01875 0.01875
0 0.071875 0.771875 0.0234375 0.0234375
0 0.13203125 0.8703125 0.03125 0.03125
0 0.6828125 0.80078125 0.0125 0.0125
0 0.7234375 0.6625 0.025 0.025
0 0.9484375 0.42109375 0.0203125 0.021875
0 0.69609375 0.36953125 0.01875 0.01875
0 0.49140625 0.3421875 0.021875 0.0234375
0 0.26484375 0.5796875 0.046875 0.046875
0 0.3421875 0.4171875 0.015625 0.015625
0 0.3921875 0.446875 0.128125 0.128125
0 0.46015625 0.4265625 0.0234375 0.025
0 0.21953125 0.28203125 0.009375 0.009375
0 0.40078125 0.06875 0.01875 0.01875
0 0.959375 0.3421875 0.0125 0.0125
0 0.81796875 0.1328125 0.025 0.025
0 0.76484375 0.03203125 0.028125 0.028125
0 0.6515625 0.01796875 0.015625 0.015625
0 0.27265625 0.0171875 0.025 0.025
0 0.10625 0.0109375 0.015625 0.015625
0 0.15078125 0.40390625 0.0109375 0.0109375
0 0.0828125 0.5015625 0.0109375 0.0109375
0 0.02734375 0.67109375 0.0109375 0.0109375
0 0.8484375 0.8640625 0.0109375 0.0109375
0 0.834375 0.9109375 0.0125 0.0125
0 0.83671875 0.99375 0.015625 0.0125
0 0.553125 0.95234375 0.0109375 0.0109375
0 0.6828125 0.81953125 0.0109375 0.0109375
0 0.4640625 0.60234375 0.0109375 0.0109375
0 0.53359375 0.48515625 0.009375 0.0109375
0 0.46015625 0.0359375 0.009375 0.009375
0 0.7796875 0.11953125 0.0125 0.0125
0 0.134375 0.275 0.0640625 0.065625
0 0.40703125 0.315625 0.0125 0.0125
0 0.32421875 0.4484375 0.009375 0.009375
0 0.2984375 0.47265625 0.0125 0.0125
0 0.22265625 0.41796875 0.0203125 0.0203125
0 0.19765625 0.41484375 0.0328125 0.0328125
0 0.1640625 0.55703125 0.015625 0.015625
0 0.10390625 0.56875 0.01875 0.01875
0 0.0328125 0.55390625 0.040625 0.0421875
0 0.09453125 0.60234375 0.028125 0.0265625
0 0.13125 0.72578125 0.009375 0.009375
0 0.08515625 0.8109375 0.0171875 0.01875
0 0.15 0.753125 0.0125 0.0125
0 0.053125 0.5453125 0.0359375 0.0359375
0 0.0984375 0.4171875 0.0171875 0.0171875
0 0.1265625 0.4515625 0.03125 0.03125
0 0.15859375 0.446875 0.0328125 0.034375
0 0.19140625 0.58671875 0.0125 0.0125
0 0.5515625 0.709375 0.0109375 0.0125
0 0.16171875 0.034375 0.0109375 0.0125
0 0.18828125 0.44609375 0.015625 0.015625
0 0.1375 0.55546875 0.0203125 0.0203125
0 0.40390625 0.78046875 0.015625 0.015625
0 0.42265625 0.77421875 0.0171875 0.0171875
0 0.9390625 0.7703125 0.01875 0.01875