0 0.471875 0.096875 0.03125 0.025
0 0.1765625 0.1734375 0.00625 0.00625
0 0.47578125 0.2859375 0.015625 0.015625
0 0.4078125 0.65546875 0.015625 0.015625
0 0.6390625 0.7484375 0.0171875 0.015625
0 0.42109375 0.2265625 0.0140625 0.0140625
0 0.15234375 0.97578125 0.0125 0.0125
0 0.678125 0.7390625 0.00625 0.00625
0 0.11875 0.2140625 0.015625 0.0125
0 0.90234375 0.66875 0.00625 0.00625
0 0.12421875 0.35 0.0125 0.0125
0 0.471875 0.6609375 0.009375 0.0109375
0 0.50625 0.2375 0.0109375 0.0109375
0 0.02578125 0.15 0.009375 0.009375
0 0.478125 0.671875 0.015625 0.0140625
0 0.2203125 0.3234375 0.00625 0.00625
0 0.21328125 0.3328125 0.00625 0.0078125
0 0.57421875 0.328125 0.0125 0.0125
0 0.2 0.3609375 0.00625 0.00625
0 0.9765625 0.871875 0.00625 0.00625
0 0.54609375 0.5890625 0.0109375 0.0125
0 0.9875 0.8125 0.0078125 0.0078125
0 0.9671875 0.6609375 0.00625 0.00625
0 0.1984375 0.453125 0.009375 0.009375
0 0.48984375 0.2875 0.00625 0.0078125
0 0.2515625 0.24921875 0.0109375 0.0109375
0 0.9546875 0.5046875 0.00625 0.00625
0 0.6140625 0.471875 0.015625 0.015625
0 0.190625 0.55234375 0.01875 0.015625
0 0.509375 0.17421875 0.009375 0.009375
0 0.09609375 0.453125 0.015625 0.0171875
0 0.34296875 0.24140625 0.0109375 0.0125
0 0.5828125 0.37578125 0.0171875 0.015625
0 0.5328125 0.0046875 0.0109375 0.00625
0 0.46328125 0.55078125 0.00625 0.00625
0 0.5171875 0.1390625 0.00625 0.0078125
0 0.371875 0.59296875 0.009375 0.009375
0 0.90625 0.11015625 0.0140625 0.015625
0 0.49765625 0.578125 0.01875 0.015625
0 0.2375 0.07109375 0.0046875 0.00625
0 0.86015625 0.04609375 0.0125 0.0125
0 0.040625 0.60859375 0.0078125 0.0078125
0 0.4578125 0.571875 0.025 0.0296875
0 0.1359375 0.44609375 0.0203125 0.0234375
0 0.55234375 0.10078125 0.00625 0.00625
0 0.25703125 0.87890625 0.0078125 0.0078125
0 0.9953125 0.29140625 0.0046875 0.00625
0 0.43984375 0.246875 0.00625 0.00625
0 0.090625 0.653125 0.0078125 0.0078125
0 0.496875 0.5921875 0.03125 0.0390625
0 0.275 0.31171875 0.0125 0.0125
0 0.971875 0.7625 0.00625 0.00625
0 0.44609375 0.6859375 0.0078125 0.009375
0 0.128125 0.4890625 0.009375 0.009375
0 0.47109375 0.528125 0.01875 0.015625
0 0.39609375 0.23359375 0.00625 0.00625
0 0.8375 0.1484375 0.0109375 0.0140625
0 0.49921875 0.1984375 0.0171875 0.01875
0 0.41875 0.6921875 0.009375 0.009375
0 0.278125 0.88359375 0.0078125 0.0078125
0 0.4296875 0.6296875 0.015625 0.015625
0 0.1453125 0.24765625 0.0265625 0.025
0 0.128125 0.21171875 0.009375 0.0078125
0 0.9359375 0.178125 0.0125 0.0125
0 0.87265625 0.14921875 0.00625 0.00625
0 0.99296875 0.94609375 0.00625 0.00625
0 0.0328125 0.66484375 0.00625 0.00625
0 0.90859375 0.9578125 0.00625 0.0078125
0 0.671875 0.48359375 0.046875 0.0515625
0 0.36796875 0.78203125 0.009375 0.009375
0 0.2953125 0.45 0.0078125 0.0078125
0 0.340625 0.565625 0.015625 0.015625
0 0.940625 0.81875 0.0140625 0.0125
0 0.521875 0.61015625 0.0125 0.0140625
0 0.9109375 0.7046875 0.00625 0.00625
0 0.140625 0.340625 0.0078125 0.009375
0 0.0421875 0.5828125 0.009375 0.009375
0 0.18046875 0.03984375 0.00625 0.00625
0 0.403125 0.73046875 0.00625 0.00625
0 0.12421875 0.4015625 0.01875 0.021875
0 0.0265625 0.53984375 0.009375 0.009375
0 0.44609375 0.86484375 0.0125 0.0125
0 0.26484375 0.321875 0.00625 0.00625
0 0.47734375 0.17890625 0.03125 0.03125
0 0.06484375 0.80625 0.009375 0.009375
0 0.028125 0.9484375 0.009375 0.009375
0 0.87421875 0.30703125 0.0078125 0.00625
0 0.4640625 0.73671875 0.00625 0.00625
0 0.54296875 0.00390625 0.0328125 0.0078125
0 0.04375 0.68515625 0.00625 0.00625
0 0.07421875 0.1875 0.009375 0.009375
0 0.2875 0.6734375 0.0046875 0.00625
0 0.1921875 0.4140625 0.015625 0.015625
0 0.5203125 0.38125 0.0125 0.0140625
0 0.4765625 0.64921875 0.009375 0.009375
0 0.18515625 0.44765625 0.015625 0.015625
0 0.534375 0.59765625 0.009375 0.009375
0 0.6921875 0.6984375 0.0078125 0.0078125
0 0.56953125 0.1109375 0.00625 0.00625
0 0.48203125 0.06171875 0.00625 0.00625
0 0.25625 0.540625 0.0078125 0.009375
0 0.21484375 0.36796875 0.0078125 0.0078125
0 0.30625 0.04296875 0.0078125 0.0078125
0 0.93671875 0.51171875 0.00625 0.0078125
0 0.13984375 0.62109375 0.0078125 0.0078125
0 0.46953125 0.690625 0.0078125 0.0078125
0 0.4890625 0.28828125 0.00625 0.00625
0 0.071875 0.91484375 0.00625 0.00625
0 0.90859375 0.64140625 0.009375 0.009375
0 0.940625 0.228125 0.01875 0.01875
0 0.2984375 0.08203125 0.00625 0.00625
0 0.6546875 0.221875 0.015625 0.015625
0 0.49375 0.65703125 0.021875 0.028125
0 0.0890625 0.4828125 0.0078125 0.0078125
0 0.7671875 0.96484375 0.025 0.0234375
0 0.2046875 0.44453125 0.0125 0.0125
0 0.3640625 0.884375 0.00625 0.00625
0 0.25390625 0.5234375 0.0125 0.0125
0 0.1046875 0.43125 0.0234375 0.0234375
0 0.19921875 0.396875 0.0140625 0.015625
0 0.7625 0.5015625 0.0109375 0.0125
0 0.9234375 0.9640625 0.00625 0.00625
0 0.88203125 0.221875 0.00625 0.0078125
0 0.2390625 0.3625 0.00625 0.0078125
0 0.05390625 0.37265625 0.00625 0.009375
0 0.10625 0.603125 0.00625 0.00625
0 0.11875 0.87578125 0.00625 0.00625
0 0.0140625 0.4984375 0.009375 0.0109375
0 0.53984375 0.70546875 0.009375 0.009375
0 0.4140625 0.1609375 0.0125 0.0125
0 0.440625 0.22578125 0.0125 0.0140625
0 0.00703125 0.20859375 0.0140625 0.015625
0 0.1078125 0.2015625 0.015625 0.015625
0 0.00625 0.821875 0.00625 0.00625
0 0.384375 0.6984375 0.00625 0.00625
0 0.22421875 0.58125 0.0203125 0.021875
0 0.0125 0.128125 0.00625 0.00625
0 0.14765625 0.3265625 0.009375 0.009375
0 0.19765625 0.50390625 0.009375 0.009375
0 0.39609375 0.65 0.009375 0.009375
0 0.15546875 0.22578125 0.0125 0.0109375
0 0.3609375 0.05625 0.0140625 0.015625
0 0.15 0.2453125 0.015625 0.015625
0 0.540625 0.3 0.009375 0.0109375
0 0.4015625 0.1671875 0.0125 0.0109375
0 0.025 0.7328125 0.00625 0.00625
0 0.9140625 0.903125 0.00625 0.00625
0 0.165625 0.20234375 0.009375 0.0109375
0 0.3640625 0.609375 0.009375 0.009375
0 0.4578125 0.51875 0.009375 0.009375
0 0.1078125 0.9875 0.01875 0.01875
0 0.40390625 0.36640625 0.00625 0.00625
0 0.1546875 0.18671875 0.025 0.025
0 0.70390625 0.69296875 0.009375 0.009375
0 0.3734375 0.61796875 0.009375 0.009375
0 0.95078125 0.08671875 0.0125 0.015625
0 0.5828125 0.59296875 0.0109375 0.0125
0 0.52421875 0.52421875 0.009375 0.0109375
0 0.35234375 0.21875 0.0125 0.0125
0 0.1578125 0.003125 0.009375 0.00625
0 0.72109375 0.909375 0.00625 0.00625
0 0.5734375 0.19453125 0.009375 0.009375
0 0.9890625 0.21484375 0.00625 0.0078125
0 0.2109375 0.72734375 0.0125 0.0125
0 0.7375 0.06171875 0.009375 0.009375
0 0.3625 0.671875 0.0078125 0.0078125
0 0.21875 0.38046875 0.0078125 0.009375
0 0.10078125 0.58203125 0.015625 0.0171875
0 0.4046875 0.12421875 0.0078125 0.0078125
0 0.915625 0.53984375 0.009375 0.009375
0 0.12578125 0.9484375 0.0109375 0.0125
0 0.4078125 0.6828125 0.0125 0.0125
0 0.2140625 0.8734375 0.009375 0.009375
0 0.99375 0.5421875 0.0125 0.01875
0 0.325 0.875 0.015625 0.015625
0 0.02421875 0.2578125 0.0109375 0.0125
0 0.43046875 0.35078125 0.0078125 0.0078125
0 0.5421875 0.6140625 0.0125 0.0125
0 0.43046875 0.7984375 0.00625 0.00625
0 0.91953125 0.7015625 0.0125 0.0125
0 0.54609375 0.909375 0.0078125 0.0078125
0 0.83828125 0.00625 0.015625 0.0125
0 0.27265625 0.5171875 0.0078125 0.009375
0 0.24921875 0.2671875 0.00625 0.00625
0 0.19375 0.6484375 0.0078125 0.0078125
0 0.93046875 0.575 0.0078125 0.0078125
0 0.4421875 0.41328125 0.009375 0.009375
0 0.8359375 0.0890625 0.0140625 0.0140625
0 0.42421875 0.4078125 0.009375 0.009375
0 0.1609375 0.50859375 0.009375 0.0109375
0 0.5609375 0.990625 0.0078125 0.009375
0 0.69609375 0.24765625 0.009375 0.009375
0 0.340625 0.14921875 0.0078125 0.009375
0 0.32109375 0.2265625 0.009375 0.009375
0 0.2734375 0.9796875 0.028125 0.0296875
0 0.6734375 0.19140625 0.0109375 0.0125
0 0.28828125 0.53828125 0.0125 0.0125
0 0.81484375 0.0875 0.0109375 0.0125
0 0.54765625 0.8859375 0.0078125 0.009375
0 0.725 0.675 0.0125 0.0125
0 0.83984375 0.1453125 0.009375 0.0125
0 0.18046875 0.28984375 0.0125 0.0125
0 0.68671875 0.19453125 0.0171875 0.01875
0 0.30390625 0.22734375 0.0078125 0.0078125
0 0.8328125 0.1546875 0.0078125 0.0078125
0 0.9125 0.3609375 0.0078125 0.009375
0 0.45390625 0.40703125 0.0109375 0.009375
0 0.10078125 0.48515625 0.00625 0.0078125
0 0.01875 0.33515625 0.009375 0.0125
0 0.81640625 0.8640625 0.025 0.0234375
0 0.4703125 0.2046875 0.021875 0.0203125
0 0.85390625 0.4703125 0.009375 0.009375
0 0.315625 0.5609375 0.0125 0.0109375
0 0.978125 0.4046875 0.0140625 0.0140625
0 0.4421875 0.2625 0.009375 0.009375
0 0.121875 0.284375 0.0140625 0.0140625
0 0.92265625 0.1265625 0.0078125 0.009375
0 0.134375 0.13125 0.028125 0.0390625
0 0.95 0.9515625 0.0078125 0.0078125
0 0.9625 0.421875 0.009375 0.009375
0 0.19921875 0.084375 0.38125 0.16875
0 0.07265625 0.50546875 0.0109375 0.0109375
0 0.65078125 0.73984375 0.009375 0.009375
0 0.3421875 0.278125 0.009375 0.009375
0 0.20859375 0.35234375 0.009375 0.009375
0 0.1421875 0.60390625 0.009375 0.0109375
0 0.27421875 0.0296875 0.009375 0.0109375
0 0.2765625 0.08203125 0.0109375 0.0125
0 0.34375 0.58046875 0.0140625 0.015625
0 0.7796875 0.878125 0.0125 0.0125
0 0.54375 0.0578125 0.0125 0.0125
0 0.4515625 0.97265625 0.009375 0.009375
0 0.11796875 0.190625 0.009375 0.009375
0 0.16484375 0.4421875 0.01875 0.015625
0 0.4078125 0.2484375 0.0140625 0.0125
0 0.9484375 0.66640625 0.0125 0.0125
0 0.4265625 0.2609375 0.015625 0.015625
0 0.5015625 0.11875 0.015625 0.015625
0 0.653125 0.978125 0.015625 0.015625
0 0.403125 0.21875 0.015625 0.015625
0 0.2453125 0.05390625 0.015625 0.015625
0 0.153125 0.1109375 0.021875 0.025
0 0.72578125 0.334375 0.025 0.025
0 0.075 0.22578125 0.0203125 0.0203125
0 0.38359375 0.2078125 0.021875 0.021875
0 0.0796875 0.128125 0.01875 0.01875
0 0.403125 0.92890625 0.015625 0.0171875
0 0.9484375 0.57734375 0.021875 0.0234375
0 0.08671875 0.18828125 0.01875 0.0203125
0 0.50859375 0.684375 0.9828125 0.63125