0 0.690625 0.46015625 0.61875 0.9203125
0 0.5453125 0.00625 0.01875 0.0125
0 0.121875 0.50078125 0.015625 0.015625
0 0.20625 0.53046875 0.021875 0.0203125
0 0.2625 0.575 0.0125 0.0125
0 0.2515625 0.5921875 0.0125 0.0125
0 0.21015625 0.61796875 0.0234375 0.02265625
0 0.075 0.715625 0.0109375 0.0109375
0 0.05625 0.75625 0.01875 0.01875
0 0.1125 0.8484375 0.025 0.025
0 0.13125 0.9234375 0.01953125 0.01953125
0 0.228125 0.928125 0.0234375 0.0234375
0 0.1296875 0.86796875 0.03046875 0.03046875
0 0.19921875 0.3171875 0.0125 0.0125
0 0.3375 0.2765625 0.025 0.025
0 0.57890625 0.0515625 0.021875 0.0203125
0 0.63046875 0.30390625 0.01953125 0.01953125
0 0.6578125 0.50859375 0.0234375 0.02265625
0 0.4203125 0.73515625 0.04765625 0.046875
0 0.5828125 0.6578125 0.015625 0.01484375
0 0.553125 0.6078125 0.12890625 0.128125
0 0.5734375 0.53984375 0.02421875 0.0234375
0 0.71796875 0.78046875 0.009375 0.009375
0 0.93125 0.59921875 0.01875 0.01875
0 0.6578125 0.040625 0.01171875 0.01171875
0 0.8671875 0.18203125 0.025 0.025
0 0.96796875 0.23515625 0.028125 0.02734375
0 0.98203125 0.3484375 0.015625 0.015625
0 0.9828125 0.72734375 0.02421875 0.02421875
0 0.9890625 0.89375 0.01640625 0.01640625
0 0.59609375 0.84921875 0.0109375 0.0109375
0 0.4984375 0.9171875 0.0109375 0.0109375
0 0.32890625 0.97265625 0.0109375 0.0109375
0 0.1359375 0.1515625 0.0109375 0.0109375
0 0.0890625 0.165625 0.01171875 0.01171875
0 0.00625 0.16328125 0.0125 0.015625
0 0.04765625 0.446875 0.0109375 0.0109375
0 0.18046875 0.3171875 0.0109375 0.0109375
0 0.39765625 0.5359375 0.0109375 0.0109375
0 0.51484375 0.46640625 0.0109375 0.009375
0 0.9640625 0.53984375 0.009375 0.009375
0 0.88046875 0.2203125 0.0125 0.0125
0 0.725 0.865625 0.065625 0.0640625
0 0.684375 0.59296875 0.01171875 0.01171875
0 0.5515625 0.67578125 0.009375 0.009375
0 0.52734375 0.7015625 0.01171875 0.01171875
0 0.58203125 0.77734375 0.0203125 0.0203125
0 0.58515625 0.80234375 0.0328125 0.0328125
0 0.44296875 0.8359375 0.01640625 0.01640625
0 0.43125 0.89609375 0.01953125 0.01875
0 0.44609375 0.9671875 0.0421875 0.040625
0 0.39765625 0.90546875 0.02734375 0.02734375
0 0.27421875 0.86875 0.009375 0.009375
0 0.1890625 0.91484375 0.01875 0.0171875
0 0.246875 0.85 0.0125 0.0125
0 0.4546875 0.946875 0.0359375 0.0359375
0 0.5828125 0.9015625 0.0171875 0.0171875
0 0.5484375 0.8734375 0.03046875 0.03046875
0 0.553125 0.84140625 0.034375 0.0328125
0 0.41328125 0.80859375 0.0125 0.0125
0 0.290625 0.4484375 0.01171875 0.0109375
0 0.965625 0.83828125 0.01171875 0.0109375
0 0.55390625 0.81171875 0.015625 0.01484375
0 0.44453125 0.8625 0.0203125 0.0203125
0 0.21953125 0.59609375 0.01484375 0.01484375
0 0.22578125 0.57734375 0.0171875 0.0171875
0 0.2296875 0.0609375 0.01875 0.01875