0 0.096875 0.528125 0.025 0.03046875
0 0.1734375 0.8234375 0.00703125 0.00625
0 0.2859375 0.52421875 0.015625 0.015625
0 0.65546875 0.5921875 0.01484375 0.015625
0 0.7484375 0.3609375 0.01640625 0.0171875
0 0.2265625 0.57890625 0.0140625 0.0140625
0 0.97578125 0.84765625 0.0125 0.01171875
0 0.7390625 0.321875 0.00703125 0.00625
0 0.2140625 0.88125 0.0125 0.01484375
0 0.66875 0.09765625 0.00625 0.00625
0 0.35 0.87578125 0.01171875 0.01171875
0 0.6609375 0.528125 0.0109375 0.00859375
0 0.2375 0.49375 0.0109375 0.0109375
0 0.15 0.97421875 0.00859375 0.00859375
0 0.671875 0.521875 0.0140625 0.015625
0 0.3234375 0.7796875 0.00703125 0.00625
0 0.3328125 0.78671875 0.0078125 0.00703125
0 0.328125 0.42578125 0.01171875 0.01171875
0 0.3609375 0.8 0.00625 0.00703125
0 0.871875 0.0234375 0.00625 0.00625
0 0.5890625 0.45390625 0.0125 0.0109375
0 0.8125 0.0125 0.0078125 0.0078125
0 0.6609375 0.0328125 0.00625 0.00625
0 0.453125 0.8015625 0.009375 0.00859375
0 0.2875 0.51015625 0.0078125 0.00703125
0 0.24921875 0.7484375 0.0109375 0.0109375
0 0.5046875 0.0453125 0.00703125 0.00703125
0 0.471875 0.3859375 0.01640625 0.01640625
0 0.55234375 0.809375 0.01640625 0.01953125
0 0.17421875 0.490625 0.00859375 0.009375
0 0.453125 0.90390625 0.0171875 0.01640625
0 0.24140625 0.65703125 0.0125 0.0109375
0 0.37578125 0.4171875 0.015625 0.0171875
0 0.0046875 0.4671875 0.00625 0.0109375
0 0.55078125 0.53671875 0.00625 0.00703125
0 0.1390625 0.4828125 0.0078125 0.00703125
0 0.59296875 0.628125 0.00859375 0.00859375
0 0.11015625 0.09375 0.01484375 0.0140625
0 0.578125 0.50234375 0.015625 0.01875
0 0.07109375 0.7625 0.00625 0.0046875
0 0.04609375 0.13984375 0.01171875 0.01171875
0 0.60859375 0.959375 0.0078125 0.0078125
0 0.571875 0.5421875 0.0296875 0.025
0 0.44609375 0.8640625 0.0234375 0.0203125
0 0.10078125 0.44765625 0.00703125 0.00703125
0 0.87890625 0.74296875 0.0078125 0.0078125
0 0.29140625 0.0046875 0.00703125 0.0046875
0 0.246875 0.56015625 0.00703125 0.00703125
0 0.653125 0.909375 0.0078125 0.0078125
0 0.5921875 0.503125 0.0390625 0.03125
0 0.31171875 0.725 0.0125 0.01171875
0 0.7625 0.028125 0.00703125 0.00625
0 0.6859375 0.55390625 0.009375 0.0078125
0 0.4890625 0.871875 0.009375 0.009375
0 0.528125 0.52890625 0.015625 0.01875
0 0.23359375 0.60390625 0.00703125 0.00703125
0 0.1484375 0.1625 0.0140625 0.0109375
0 0.1984375 0.50078125 0.01875 0.0171875
0 0.6921875 0.58125 0.00859375 0.009375
0 0.88359375 0.721875 0.0078125 0.0078125
0 0.6296875 0.5703125 0.01484375 0.015625
0 0.24765625 0.8546875 0.02421875 0.0265625
0 0.21171875 0.871875 0.0078125 0.00859375
0 0.178125 0.0640625 0.01171875 0.01171875
0 0.14921875 0.12734375 0.00703125 0.00703125
0 0.94609375 0.00703125 0.00625 0.00625
0 0.66484375 0.9671875 0.00703125 0.00703125
0 0.9578125 0.09140625 0.00703125 0.00703125
0 0.48359375 0.328125 0.0515625 0.046875
0 0.78203125 0.63203125 0.00859375 0.00859375
0 0.45 0.7046875 0.0078125 0.0078125
0 0.565625 0.659375 0.015625 0.015625
0 0.81875 0.059375 0.0125 0.0140625
0 0.61015625 0.478125 0.0140625 0.0125
0 0.7046875 0.0890625 0.00703125 0.00703125
0 0.340625 0.859375 0.00859375 0.0078125
0 0.5828125 0.9578125 0.00859375 0.00859375
0 0.03984375 0.81953125 0.00625 0.00703125
0 0.73046875 0.596875 0.00625 0.00625
0 0.4015625 0.87578125 0.02265625 0.01953125
0 0.53984375 0.9734375 0.009375 0.009375
0 0.86484375 0.55390625 0.0125 0.01171875
0 0.321875 0.73515625 0.00703125 0.00625
0 0.17890625 0.52265625 0.03203125 0.03125
0 0.80625 0.93515625 0.00859375 0.00859375
0 0.9484375 0.971875 0.009375 0.00859375
0 0.30703125 0.12578125 0.00703125 0.0078125
0 0.73671875 0.5359375 0.00703125 0.00703125
0 0.00390625 0.45703125 0.0078125 0.0328125
0 0.68515625 0.95625 0.00703125 0.00703125
0 0.1875 0.92578125 0.009375 0.009375
0 0.6734375 0.7125 0.00625 0.0046875
0 0.4140625 0.8078125 0.015625 0.01640625
0 0.38125 0.4796875 0.0140625 0.01171875
0 0.64921875 0.5234375 0.009375 0.009375
0 0.44765625 0.81484375 0.01640625 0.01484375
0 0.59765625 0.465625 0.009375 0.009375
0 0.6984375 0.3078125 0.0078125 0.0078125
0 0.1109375 0.43046875 0.00625 0.00625
0 0.06171875 0.51796875 0.00703125 0.00703125
0 0.540625 0.74375 0.00859375 0.0078125
0 0.36796875 0.78515625 0.0078125 0.0078125
0 0.04296875 0.69375 0.0078125 0.0078125
0 0.51171875 0.06328125 0.0078125 0.00703125
0 0.62109375 0.86015625 0.0078125 0.0078125
0 0.690625 0.53046875 0.0078125 0.0078125
0 0.28828125 0.5109375 0.00703125 0.00703125
0 0.91484375 0.928125 0.00703125 0.00703125
0 0.64140625 0.09140625 0.009375 0.00859375
0 0.228125 0.059375 0.01953125 0.01953125
0 0.08203125 0.7015625 0.00625 0.00703125
0 0.221875 0.3453125 0.01640625 0.015625
0 0.65703125 0.50625 0.02734375 0.02265625
0 0.4828125 0.9109375 0.0078125 0.0078125
0 0.96484375 0.2328125 0.0234375 0.025
0 0.44453125 0.7953125 0.01171875 0.01171875
0 0.884375 0.6359375 0.00625 0.00625
0 0.5234375 0.74609375 0.01171875 0.01171875
0 0.43125 0.8953125 0.0234375 0.0234375
0 0.396875 0.80078125 0.01484375 0.0140625
0 0.5015625 0.2375 0.01171875 0.0109375
0 0.9640625 0.0765625 0.00703125 0.00703125
0 0.221875 0.11796875 0.0078125 0.00703125
0 0.3625 0.7609375 0.0078125 0.00703125
0 0.37265625 0.94609375 0.00859375 0.00703125
0 0.603125 0.89375 0.00625 0.00625
0 0.87578125 0.88125 0.00703125 0.00625
0 0.4984375 0.9859375 0.0109375 0.009375
0 0.70546875 0.46015625 0.00859375 0.00859375
0 0.1609375 0.5859375 0.01171875 0.01171875
0 0.22578125 0.559375 0.0140625 0.0125
0 0.20859375 0.99296875 0.01640625 0.0140625
0 0.2015625 0.8921875 0.015625 0.01484375
0 0.821875 0.99375 0.00703125 0.00703125
0 0.6984375 0.615625 0.00625 0.00625
0 0.58125 0.77578125 0.021875 0.0203125
0 0.128125 0.9875 0.00703125 0.00625
0 0.3265625 0.85234375 0.00859375 0.00859375
0 0.50390625 0.80234375 0.009375 0.00859375
0 0.65 0.60390625 0.009375 0.00859375
0 0.22578125 0.84453125 0.0109375 0.01171875
0 0.05625 0.6390625 0.01484375 0.0140625
0 0.2453125 0.85 0.01484375 0.01484375
0 0.3 0.459375 0.0109375 0.009375
0 0.1671875 0.5984375 0.0109375 0.01171875
0 0.7328125 0.975 0.00703125 0.00703125
0 0.903125 0.0859375 0.00625 0.00625
0 0.20234375 0.834375 0.0109375 0.009375
0 0.609375 0.6359375 0.009375 0.00859375
0 0.51875 0.5421875 0.00859375 0.009375
0 0.9875 0.8921875 0.01953125 0.01875
0 0.36640625 0.59609375 0.00703125 0.00703125
0 0.18671875 0.8453125 0.02421875 0.02421875
0 0.69296875 0.29609375 0.00859375 0.00859375
0 0.61796875 0.6265625 0.00859375 0.00859375
0 0.08671875 0.04921875 0.01484375 0.0125
0 0.59296875 0.4171875 0.01171875 0.0109375
0 0.52421875 0.47578125 0.0109375 0.009375
0 0.21875 0.64765625 0.01171875 0.01171875
0 0.003125 0.8421875 0.00625 0.00859375
0 0.909375 0.27890625 0.00703125 0.00703125
0 0.19453125 0.4265625 0.009375 0.00859375
0 0.21484375 0.0109375 0.0078125 0.00703125
0 0.72734375 0.7890625 0.0125 0.01171875
0 0.06171875 0.2625 0.00859375 0.00859375
0 0.671875 0.6375 0.0078125 0.0078125
0 0.38046875 0.78125 0.00859375 0.0078125
0 0.58203125 0.89921875 0.0171875 0.01640625
0 0.12421875 0.5953125 0.0078125 0.0078125
0 0.53984375 0.084375 0.009375 0.00859375
0 0.9484375 0.87421875 0.01171875 0.0109375
0 0.6828125 0.5921875 0.0125 0.0125
0 0.8734375 0.7859375 0.00859375 0.00859375
0 0.5421875 0.00625 0.01953125 0.01171875
0 0.875 0.675 0.015625 0.01640625
0 0.2578125 0.97578125 0.01171875 0.0109375
0 0.35078125 0.56953125 0.0078125 0.0078125
0 0.6140625 0.4578125 0.0125 0.0125
0 0.7984375 0.56953125 0.00703125 0.00703125
0 0.7015625 0.08046875 0.0125 0.0125
0 0.909375 0.45390625 0.0078125 0.0078125
0 0.00625 0.16171875 0.0125 0.01484375
0 0.5171875 0.72734375 0.00859375 0.0078125
0 0.2671875 0.75078125 0.00703125 0.00703125
0 0.6484375 0.80625 0.0078125 0.0078125
0 0.575 0.06953125 0.0078125 0.0078125
0 0.41328125 0.5578125 0.009375 0.009375
0 0.0890625 0.1640625 0.0140625 0.0140625
0 0.4078125 0.57578125 0.009375 0.00859375
0 0.50859375 0.8390625 0.0109375 0.009375
0 0.990625 0.4390625 0.00859375 0.0078125
0 0.24765625 0.30390625 0.00859375 0.00859375
0 0.14921875 0.659375 0.00859375 0.0078125
0 0.2265625 0.67890625 0.009375 0.00859375
0 0.9796875 0.7265625 0.0296875 0.02734375
0 0.19140625 0.3265625 0.01171875 0.0109375
0 0.53828125 0.71171875 0.0125 0.0125
0 0.0875 0.18515625 0.01171875 0.0109375
0 0.8859375 0.45234375 0.00859375 0.0078125
0 0.675 0.275 0.01171875 0.01171875
0 0.1453125 0.16015625 0.01171875 0.009375
0 0.28984375 0.81953125 0.0125 0.01171875
0 0.19453125 0.31328125 0.01953125 0.0171875
0 0.22734375 0.69609375 0.0078125 0.0078125
0 0.1546875 0.1671875 0.0078125 0.0078125
0 0.3609375 0.0875 0.00859375 0.0078125
0 0.40703125 0.54609375 0.009375 0.0109375
0 0.48515625 0.89921875 0.0078125 0.00703125
0 0.33515625 0.98125 0.01171875 0.009375
0 0.8640625 0.18359375 0.0234375 0.025
0 0.2046875 0.5296875 0.0203125 0.021875
0 0.4703125 0.14609375 0.00859375 0.00859375
0 0.5609375 0.684375 0.0109375 0.01171875
0 0.4046875 0.021875 0.0140625 0.0140625
0 0.2625 0.5578125 0.009375 0.00859375
0 0.284375 0.878125 0.0140625 0.0140625
0 0.1265625 0.07734375 0.00859375 0.0078125
0 0.13125 0.865625 0.0390625 0.028125
0 0.9515625 0.05 0.0078125 0.0078125
0 0.421875 0.0375 0.009375 0.00859375
0 0.084375 0.80078125 0.16796875 0.38125
0 0.50546875 0.92734375 0.0109375 0.0109375
0 0.73984375 0.34921875 0.00859375 0.00859375
0 0.278125 0.6578125 0.009375 0.00859375
0 0.35234375 0.79140625 0.009375 0.00859375
0 0.60390625 0.8578125 0.0109375 0.009375
0 0.0296875 0.72578125 0.0109375 0.009375
0 0.08203125 0.7234375 0.01171875 0.0109375
0 0.58046875 0.65625 0.01484375 0.0140625
0 0.878125 0.2203125 0.0125 0.0125
0 0.0578125 0.45625 0.01171875 0.01171875
0 0.97265625 0.5484375 0.009375 0.009375
0 0.190625 0.88203125 0.009375 0.009375
0 0.4421875 0.83515625 0.01640625 0.01875
0 0.2484375 0.5921875 0.0125 0.0140625
0 0.66640625 0.0515625 0.0125 0.01171875
0 0.2609375 0.5734375 0.01484375 0.01484375
0 0.11875 0.4984375 0.01484375 0.01484375
0 0.978125 0.346875 0.01640625 0.01640625
0 0.21875 0.596875 0.015625 0.015625
0 0.05390625 0.7546875 0.01640625 0.01640625
0 0.1109375 0.846875 0.02421875 0.02265625
0 0.334375 0.27421875 0.02421875 0.02421875
0 0.22578125 0.925 0.0203125 0.0203125
0 0.2078125 0.61640625 0.021875 0.021875
0 0.128125 0.9203125 0.01875 0.01875
0 0.92890625 0.596875 0.0171875 0.01640625
0 0.57734375 0.0515625 0.0234375 0.02265625
0 0.18828125 0.91328125 0.0203125 0.01953125
0 0.684375 0.49140625 0.63125 0.9828125