0 0.459375 0.24921875 0.01171875 0.0109375
0 0.27265625 0.77421875 0.0078125 0.0078125
0 0.58515625 0.0375 0.009375 0.0109375
0 0.85859375 0.84375 0.00625 0.00625
0 0.975 0.38203125 0.00859375 0.00859375
0 0.86328125 0.209375 0.009375 0.009375
0 0.50078125 0.5125 0.00859375 0.0078125
0 0.296875 0.075 0.0078125 0.0078125
0 0.76328125 0.3921875 0.01484375 0.0125
0 0.74921875 0.33359375 0.02265625 0.02421875
0 0.83359375 0.4828125 0.00859375 0.00859375
0 0.69296875 0.43984375 0.00859375 0.00859375
0 0.6171875 0.38671875 0.0078125 0.0078125
0 0.73828125 0.19375 0.0078125 0.00703125
0 0.2265625 0.58203125 0.0078125 0.0078125
0 0.684375 0.3765625 0.0078125 0.00703125
0 0.6796875 0.19609375 0.01171875 0.0109375
0 0.740625 0.94609375 0.2046875 0.1078125
0 0.9921875 0.98125 0.0078125 0.00625
0 0.9015625 0.453125 0.0109375 0.01171875
0 0.8234375 0.40703125 0.009375 0.0109375
0 0.528125 0.6609375 0.00625 0.00625
0 0.99609375 0.6984375 0.0078125 0.0109375
0 0.525 0.534375 0.00859375 0.00859375
0 0.32109375 0.54296875 0.00859375 0.009375
0 0.63203125 0.60625 0.0109375 0.01171875
0 0.79921875 0.6515625 0.00703125 0.00703125
0 0.3671875 0.8265625 0.0078125 0.0078125
0 0.92109375 0.5671875 0.00703125 0.00703125
0 0.6484375 0.83671875 0.0078125 0.0078125
0 0.28046875 0.65 0.00625 0.0046875
0 0.1953125 0.94609375 0.00625 0.00625
0 0.83515625 0.3296875 0.00859375 0.0078125
0 0.07734375 0.03203125 0.00703125 0.00703125
0 0.8953125 0.8234375 0.0140625 0.0140625
0 0.896875 0.175 0.0140625 0.01171875
0 0.35 0.3296875 0.00703125 0.00625
0 0.05625 0.8234375 0.1125 0.1375
0 0.88359375 0.37890625 0.0078125 0.0078125
0 0.059375 0.3140625 0.00859375 0.00859375
0 0.3265625 0.68359375 0.00859375 0.009375
0 0.14765625 0.003125 0.00703125 0.00625
0 0.82890625 0.59921875 0.00625 0.00703125
0 0.215625 0.784375 0.00703125 0.00703125
0 0.83671875 0.65703125 0.00703125 0.00703125
0 0.1078125 0.778125 0.009375 0.0078125
0 0.41875 0.79453125 0.00625 0.00703125
0 0.99765625 0.246875 0.0046875 0.00703125
0 0.89765625 0.265625 0.00625 0.00625
0 0.78984375 0.2328125 0.0109375 0.009375
0 0.0953125 0.08203125 0.00703125 0.0078125
0 0.5234375 0.38359375 0.009375 0.00859375
0 0.815625 0.3203125 0.0125 0.01171875
0 0.92890625 0.7984375 0.00625 0.00625
0 0.075 0.984375 0.084375 0.03125
0 0.4375 0.0015625 0.009375 0.003125
0 0.8015625 0.72734375 0.00703125 0.00625
0 0.64296875 0.725 0.00703125 0.0078125
0 0.70390625 0.5765625 0.0078125 0.00703125
0 0.8515625 0.63671875 0.00625 0.0078125
0 0.86875 0.53046875 0.00703125 0.0078125
0 0.84140625 0.934375 0.03984375 0.0390625
0 0.784375 0.4046875 0.00859375 0.00859375
0 0.13203125 0.1046875 0.00703125 0.00625
0 0.925 0.36953125 0.01171875 0.0109375
0 0.89375 0.496875 0.0078125 0.00703125
0 0.33046875 0.65859375 0.00703125 0.00703125
0 0.7703125 0.165625 0.0140625 0.01171875
0 0.125 0.64765625 0.0078125 0.00703125
0 0.85234375 0.74921875 0.00703125 0.0078125
0 0.83515625 0.421875 0.0125 0.01171875
0 0.415625 0.34609375 0.00703125 0.00703125
0 0.89140625 0.78828125 0.00625 0.00703125
0 0.5609375 0.74375 0.01171875 0.01171875
0 0.85 0.15390625 0.0140625 0.0125
0 0.9984375 0.30625 0.003125 0.0109375
0 0.8640625 0.33515625 0.00859375 0.00859375
0 0.7921875 0.928125 0.021875 0.0234375
0 0.10546875 0.03828125 0.0078125 0.0078125
0 0.9953125 0.8140625 0.00625 0.00625
0 0.246875 0.3390625 0.0078125 0.00703125
0 0.559375 0.32890625 0.0109375 0.009375
0 0.86015625 0.38671875 0.01640625 0.015625
0 0.31640625 0.1953125 0.271875 0.171875
0 0.54609375 0.19140625 0.00859375 0.0078125
0 0.01875 0.11640625 0.0078125 0.0078125
0 0.95625 0.55390625 0.00625 0.00703125
0 0.4828125 0.0875 0.0140625 0.0140625
0 0.02265625 0.40234375 0.009375 0.009375
0 0.521875 0.4109375 0.0140625 0.0125
0 0.89140625 0.8390625 0.00625 0.00703125
0 0.56171875 0.62265625 0.00859375 0.00859375
0 0.45390625 0.72578125 0.015625 0.01484375
0 0.60234375 0.2125 0.01171875 0.009375
0 0.41484375 0.2984375 0.009375 0.009375
0 0.66328125 0.790625 0.00703125 0.00625
0 0.16796875 0.72890625 0.01171875 0.0125
0 0.9703125 0.82734375 0.0078125 0.0078125
0 0.6875 0.5609375 0.0078125 0.00703125
0 0.51171875 0.71171875 0.00625 0.00625
0 0.1890625 0.74609375 0.00625 0.00625
0 0.1390625 0.2671875 0.00859375 0.009375
0 0.86796875 0.44375 0.00703125 0.00703125
0 0.86015625 0.53515625 0.01484375 0.01171875
0 0.871875 0.24609375 0.01875 0.0171875
0 0.2015625 0.82109375 0.04375 0.0390625
0 0.67890625 0.60078125 0.0109375 0.009375
0 0.1203125 0.259375 0.00859375 0.00859375
0 0.1234375 0.0203125 0.00703125 0.00703125
0 0.44453125 0.73984375 0.01953125 0.01640625
0 0.6 0.2515625 0.0125 0.01171875
0 0.803125 0.33046875 0.00859375 0.00859375
0 0.78125 0.7890625 0.0078125 0.0078125
0 0.4046875 0.11953125 0.00859375 0.00859375
0 0.79609375 0.19453125 0.0125 0.01171875
0 0.18046875 0.65703125 0.00703125 0.00703125
0 0.9859375 0.56875 0.00625 0.0046875
0 0.9109375 0.97578125 0.00625 0.00625
0 0.89609375 0.85625 0.00703125 0.00703125
0 0.7921875 0.05234375 0.00703125 0.00703125
0 0.959375 0.78203125 0.00703125 0.00625
0 0.77421875 0.58359375 0.00703125 0.00703125
0 0.80546875 0.73828125 0.00625 0.00625
0 0.67265625 0.98046875 0.00703125 0.00625
0 0.74921875 0.1515625 0.015625 0.015625
0 0.68671875 0.8484375 0.00703125 0.00703125
0 0.5671875 0.2859375 0.0109375 0.009375
0 0.72265625 0.74609375 0.00625 0.00625
0 0.2328125 0.16953125 0.00703125 0.00703125
0 0.690625 0.721875 0.0078125 0.00703125
0 0.1671875 0.1125 0.00625 0.00625
0 0.01796875 0.6078125 0.00703125 0.00703125
0 0.215625 0.77265625 0.00703125 0.00703125
0 0.46171875 0.16796875 0.0078125 0.0078125
0 0.528125 0.7640625 0.009375 0.00859375
0 0.91640625 0.40625 0.0109375 0.009375
0 0.228125 0.15234375 0.0125 0.01171875
0 0.54609375 0.43046875 0.00859375 0.00859375
0 0.675 0.76640625 0.009375 0.009375
0 0.2078125 0.925 0.0078125 0.00703125
0 0.09140625 0.01640625 0.00859375 0.00859375
0 0.81796875 0.15078125 0.00859375 0.00859375
0 0.18828125 0.03125 0.0078125 0.0078125
0 0.5828125 0.61796875 0.009375 0.009375
0 0.8546875 0.51484375 0.0140625 0.0140625
0 0.7984375 0.3484375 0.00859375 0.00859375
0 0.83828125 0.49609375 0.00859375 0.0078125
0 0.02578125 0.31484375 0.0515625 0.09453125
0 0.71953125 0.775 0.00703125 0.00703125
0 0.7453125 0.04765625 0.0078125 0.0078125
0 0.89921875 0.58828125 0.00703125 0.00703125
0 0.484375 0.3875 0.0140625 0.0125
0 0.82109375 0.05 0.00859375 0.00859375
0 0.80546875 0.5984375 0.00859375 0.0078125
0 0.0140625 0.696875 0.00859375 0.0078125
0 0.7546875 0.83984375 0.00703125 0.0078125
0 0.8859375 0.5171875 0.0078125 0.0078125
0 0.7859375 0.1890625 0.0109375 0.0109375
0 0.1609375 0.9046875 0.00703125 0.0078125
0 0.596875 0.04375 0.0125 0.0109375
0 0.8484375 0.28125 0.02265625 0.0171875
0 0.915625 0.31875 0.0078125 0.0078125
0 0.6109375 0.42109375 0.02265625 0.02265625
0 0.81328125 0.53203125 0.00859375 0.0078125
0 0.840625 0.41015625 0.01484375 0.0140625
0 0.38984375 0.35078125 0.0078125 0.00703125
0 0.92265625 0.7375 0.00703125 0.00625
0 0.2140625 0.740625 0.0078125 0.00703125
0 0.7671875 0.6296875 0.0078125 0.00703125
0 0.5296875 0.159375 0.009375 0.00859375
0 0.79921875 0.13828125 0.00703125 0.00703125
0 0.33125 0.07421875 0.00859375 0.0078125
0 0.95078125 0.21328125 0.0125 0.0125
0 0.29609375 0.05546875 0.00703125 0.00625
0 0.8703125 0.78203125 0.00703125 0.00703125
0 0.7875 0.5890625 0.009375 0.00859375
0 0.8390625 0.646875 0.0078125 0.00703125
0 0.89765625 0.9859375 0.009375 0.009375
0 0.81953125 0.7453125 0.0078125 0.0078125
0 0.2375 0.34140625 0.0078125 0.00703125
0 0.8671875 0.17890625 0.009375 0.00859375
0 0.8421875 0.39296875 0.01875 0.01640625
0 0.54921875 0.5265625 0.00859375 0.0078125
0 0.30625 0.86640625 0.0078125 0.00703125
0 0.85078125 0.940625 0.01171875 0.0109375
0 0.2203125 0.98125 0.0078125 0.00859375
0 0.2546875 0.60234375 0.00859375 0.00859375
0 0.68828125 0.66875 0.021875 0.021875
0 0.2453125 0.73125 0.00859375 0.00859375
0 0.6859375 0.9875 0.0078125 0.00703125
0 0.978125 0.57421875 0.0078125 0.0078125
0 0.1515625 0.025 0.0078125 0.0078125
0 0.80859375 0.16484375 0.015625 0.01484375
0 0.81484375 0.72578125 0.00859375 0.009375
0 0.85390625 0.5 0.00859375 0.0078125
0 0.915625 0.603125 0.0078125 0.00703125
0 0.21875 0.71484375 0.0078125 0.0078125
0 0.78828125 0.53359375 0.0125 0.0125
0 0.90234375 0.5765625 0.0078125 0.00703125
0 0.91640625 0.2671875 0.00859375 0.0078125
0 0.121875 0.72734375 0.00703125 0.00703125
0 0.8953125 0.3953125 0.0125 0.01171875
0 0.30078125 0.228125 0.0078125 0.00703125
0 0.96953125 0.88984375 0.00859375 0.00703125
0 0.97578125 0.21015625 0.009375 0.00859375
0 0.759375 0.1125 0.01484375 0.01484375
0 0.278125 0.284375 0.009375 0.00859375
0 0.57421875 0.13984375 0.009375 0.00859375
0 0.9859375 0.63125 0.00859375 0.0078125
0 0.91875 0.82421875 0.0078125 0.0078125
0 0.5390625 0.17734375 0.009375 0.00859375
0 0.490625 0.425 0.00859375 0.00859375
0 0.3625 0.175 0.00859375 0.0078125
0 0.88984375 0.4109375 0.0109375 0.009375
0 0.50703125 0.09921875 0.03984375 0.0359375
0 0.84140625 0.5984375 0.00703125 0.00703125
0 0.5046875 0.29296875 0.009375 0.009375
0 0.3828125 0.64140625 0.01171875 0.0109375
0 0.875 0.83515625 0.0078125 0.0078125
0 0.79609375 0.75703125 0.0125 0.0125
0 0.5390625 0.85234375 0.01171875 0.01171875
0 0.84921875 0.73046875 0.00859375 0.0078125
0 0.0734375 0.13359375 0.009375 0.009375
0 0.2875 0.24296875 0.0140625 0.0125
0 0.83671875 0.153125 0.015625 0.01484375
0 0.02421875 0.5015625 0.009375 0.009375
0 0.46875 0.61015625 0.01171875 0.0109375
0 0.2625 0.08125 0.01484375 0.015625
0 0.0921875 0.475 0.0109375 0.0109375
0 0.3328125 0.9234375 0.009375 0.00859375
0 0.3265625 0.09609375 0.00859375 0.00859375
0 0.84375 0.375 0.01953125 0.01953125
0 0.0796875 0.096875 0.00859375 0.00859375
0 0.2890625 0.6359375 0.0140625 0.0125
0 0.67890625 0.7046875 0.009375 0.00859375
0 0.89609375 0.75390625 0.0109375 0.009375
0 0.090625 0.51171875 0.0078125 0.0078125
0 0.7046875 0.834375 0.0125 0.01171875
0 0.8515625 0.76953125 0.01171875 0.01171875
0 0.35234375 0.14921875 0.01171875 0.01171875
0 0.7109375 0.70078125 0.0375 0.0359375
0 0.55625 0.11953125 0.0125 0.0125
0 0.19921875 0.55546875 0.0140625 0.0125
0 0.42265625 0.1109375 0.0140625 0.0125
0 0.43515625 0.12890625 0.01484375 0.0140625
0 0.103125 0.096875 0.0140625 0.0140625
0 0.175 0.54765625 0.0140625 0.01484375
0 0.7796875 0.67734375 0.015625 0.01484375
0 0.21328125 0.80078125 0.0125 0.01171875
0 0.57109375 0.03828125 0.01640625 0.01640625
0 0.92578125 0.07734375 0.1484375 0.1546875
0 0.0140625 0.36328125 0.01484375 0.0140625
0 0.02265625 0.93515625 0.0390625 0.03984375
0 0.525 0.95078125 0.171875 0.0984375
0 0.5046875 0.590625 0.02734375 0.0265625
0 0.15546875 0.4625 0.015625 0.015625
0 0.08984375 0.26484375 0.09765625 0.09375
0 0.94375 0.92578125 0.05 0.046875
0 0.19453125 0.76640625 0.01640625 0.0171875
0 0.846875 0.18046875 0.02734375 0.025
0 0.2109375 0.6859375 0.025 0.02265625
0 0.06171875 0.46640625 0.01640625 0.01640625
0 0.03984375 0.753125 0.0328125 0.03046875
0 0.33125 0.47734375 0.225 0.2078125