0 0.95859375 0.42734375 0.015625 0.0171875
0 0.896875 0.4921875 0.040625 0.040625
0 0.884375 0.57578125 0.015625 0.015625
0 0.8671875 0.56328125 0.015625 0.015625
0 0.996875 0.56171875 0.00625 0.0109375
0 0.88359375 0.2375 0.015625 0.015625
0 0.52890625 0.934375 0.0171875 0.01875
0 0.5328125 0.84375 0.0171875 0.0171875
0 0.4421875 0.7984375 0.015625 0.015625
0 0.35859375 0.7078125 0.015625 0.015625
0 0.3109375 0.7875 0.025 0.0265625
0 0.23125 0.80234375 0.0171875 0.01875
0 0.2421875 0.9578125 0.03125 0.0328125
0 0.19609375 0.784375 0.0125 0.0140625
0 0.63359375 0.98359375 0.0140625 0.015625
0 0.9 0.89296875 0.0140625 0.015625
0 0.73046875 0.909375 0.096875 0.1
0 0.6796875 0.971875 0.109375 0.05625
0 0.9171875 0.7359375 0.015625 0.015625
0 0.7390625 0.69375 0.278125 0.2875
0 0.51875 0.66484375 0.2140625 0.221875
0 0.4046875 0.49140625 0.0296875 0.03125
0 0.575 0.38671875 0.021875 0.021875
0 0.7453125 0.396875 0.0125 0.0125
0 0.87734375 0.4390625 0.0125 0.0125
0 0.8171875 0.15 0.028125 0.028125
0 0.84609375 0.24921875 0.0125 0.0125
0 0.46171875 0.20859375 0.0125 0.0125
0 0.59453125 0.11640625 0.009375 0.009375
0 0.0734375 0.05390625 0.046875 0.0484375
0 0.0609375 0.15625 0.040625 0.0421875
0 0.2359375 0.2015625 0.0125 0.0125
0 0.31875 0.21796875 0.0140625 0.015625
0 0.32890625 0.30859375 0.01875 0.01875
0 0.29375 0.2875 0.0328125 0.034375
0 0.16171875 0.2921875 0.0140625 0.0140625
0 0.0515625 0.2515625 0.103125 0.1875
0 0.153125 0.46875 0.0109375 0.0109375
0 0.365625 0.6234375 0.009375 0.0109375
0 0.0453125 0.4703125 0.090625 0.18125
0 0.06171875 0.975 0.0375 0.040625
0 0.8453125 0.6453125 0.0125 0.0125
0 0.83359375 0.18984375 0.0125 0.0125
0 0.803125 0.20234375 0.0125 0.0125
0 0.8203125 0.2234375 0.0125 0.0125
0 0.715625 0.15078125 0.01875 0.0203125
0 0.6203125 0.15546875 0.01875 0.01875
0 0.60234375 0.15703125 0.0203125 0.021875
0 0.665625 0.2484375 0.0203125 0.0203125
0 0.70859375 0.21484375 0.009375 0.009375
0 0.58828125 0.159375 0.0140625 0.015625
0 0.721875 0.22578125 0.015625 0.015625
0 0.76640625 0.7234375 0.009375 0.009375
0 0.3609375 0.96796875 0.025 0.0265625
0 0.45078125 0.8234375 0.015625 0.015625
0 0.39765625 0.540625 0.0109375 0.0109375
0 0.40703125 0.33046875 0.0109375 0.0109375
0 0.25546875 0.11328125 0.0109375 0.0109375
0 0.2375 0.159375 0.0109375 0.0125
0 0.2828125 0.2203125 0.0171875 0.01875
0 0.496875 0.346875 0.0296875 0.03125
0 0.48359375 0.14375 0.015625 0.015625
0 0.05703125 0.14765625 0.0125 0.0125
0 0.690625 0.24921875 0.0125 0.0125
0 0.6796875 0.24921875 0.015625 0.015625