0 0.903125 0.471875 0.025 0.03125
0 0.8265625 0.1765625 0.00625 0.00625
0 0.7140625 0.47578125 0.015625 0.015625
0 0.34453125 0.4078125 0.015625 0.015625
0 0.2515625 0.6390625 0.015625 0.0171875
0 0.7734375 0.42109375 0.0140625 0.0140625
0 0.02421875 0.15234375 0.0125 0.0125
0 0.2609375 0.678125 0.00625 0.00625
0 0.7859375 0.11875 0.0125 0.015625
0 0.33125 0.90234375 0.00625 0.00625
0 0.65 0.12421875 0.0125 0.0125
0 0.3390625 0.471875 0.0109375 0.009375
0 0.7625 0.50625 0.0109375 0.0109375
0 0.85 0.02578125 0.009375 0.009375
0 0.328125 0.478125 0.0140625 0.015625
0 0.6765625 0.2203125 0.00625 0.00625
0 0.6671875 0.21328125 0.0078125 0.00625
0 0.671875 0.57421875 0.0125 0.0125
0 0.6390625 0.2 0.00625 0.00625
0 0.128125 0.9765625 0.00625 0.00625
0 0.4109375 0.54609375 0.0125 0.0109375
0 0.1875 0.9875 0.0078125 0.0078125
0 0.3390625 0.9671875 0.00625 0.00625
0 0.546875 0.1984375 0.009375 0.009375
0 0.7125 0.48984375 0.0078125 0.00625
0 0.75078125 0.2515625 0.0109375 0.0109375
0 0.4953125 0.9546875 0.00625 0.00625
0 0.528125 0.6140625 0.015625 0.015625
0 0.44765625 0.190625 0.015625 0.01875
0 0.82578125 0.509375 0.009375 0.009375
0 0.546875 0.09609375 0.0171875 0.015625
0 0.75859375 0.34296875 0.0125 0.0109375
0 0.62421875 0.5828125 0.015625 0.0171875
0 0.9953125 0.5328125 0.00625 0.0109375
0 0.44921875 0.46328125 0.00625 0.00625
0 0.8609375 0.5171875 0.0078125 0.0078125
0 0.40703125 0.371875 0.009375 0.009375
0 0.88984375 0.90625 0.015625 0.0140625
0 0.421875 0.49765625 0.015625 0.01875
0 0.92890625 0.2375 0.00625 0.0046875
0 0.95390625 0.86015625 0.0125 0.0125
0 0.39140625 0.040625 0.0078125 0.0078125
0 0.428125 0.4578125 0.0296875 0.025
0 0.55390625 0.1359375 0.0234375 0.0203125
0 0.89921875 0.55234375 0.00625 0.00625
0 0.12109375 0.25703125 0.0078125 0.0078125
0 0.70859375 0.9953125 0.00625 0.0046875
0 0.753125 0.43984375 0.00625 0.00625
0 0.346875 0.090625 0.0078125 0.0078125
0 0.4078125 0.496875 0.0390625 0.03125
0 0.68828125 0.275 0.0125 0.0125
0 0.2375 0.971875 0.00625 0.00625
0 0.3140625 0.44609375 0.009375 0.0078125
0 0.5109375 0.128125 0.009375 0.009375
0 0.471875 0.47109375 0.015625 0.01875
0 0.76640625 0.39609375 0.00625 0.00625
0 0.8515625 0.8375 0.0140625 0.0109375
0 0.8015625 0.49921875 0.01875 0.0171875
0 0.3078125 0.41875 0.009375 0.009375
0 0.11640625 0.278125 0.0078125 0.0078125
0 0.3703125 0.4296875 0.015625 0.015625
0 0.75234375 0.1453125 0.025 0.0265625
0 0.78828125 0.128125 0.0078125 0.009375
0 0.821875 0.9359375 0.0125 0.0125
0 0.85078125 0.87265625 0.00625 0.00625
0 0.05390625 0.99296875 0.00625 0.00625
0 0.33515625 0.0328125 0.00625 0.00625
0 0.0421875 0.90859375 0.00625 0.00625
0 0.51640625 0.671875 0.0515625 0.046875
0 0.21796875 0.36796875 0.009375 0.009375
0 0.55 0.2953125 0.0078125 0.0078125
0 0.434375 0.340625 0.015625 0.015625
0 0.18125 0.940625 0.0125 0.0140625
0 0.38984375 0.521875 0.0140625 0.0125
0 0.2953125 0.9109375 0.00625 0.00625
0 0.659375 0.140625 0.009375 0.0078125
0 0.4171875 0.0421875 0.009375 0.009375
0 0.96015625 0.18046875 0.00625 0.00625
0 0.26953125 0.403125 0.00625 0.00625
0 0.5984375 0.12421875 0.021875 0.01875
0 0.46015625 0.0265625 0.009375 0.009375
0 0.13515625 0.44609375 0.0125 0.0125
0 0.678125 0.26484375 0.00625 0.00625
0 0.82109375 0.47734375 0.03125 0.03125
0 0.19375 0.06484375 0.009375 0.009375
0 0.0515625 0.028125 0.009375 0.009375
0 0.69296875 0.87421875 0.00625 0.0078125
0 0.26328125 0.4640625 0.00625 0.00625
0 0.99609375 0.54296875 0.0078125 0.0328125
0 0.31484375 0.04375 0.00625 0.00625
0 0.8125 0.07421875 0.009375 0.009375
0 0.3265625 0.2875 0.00625 0.0046875
0 0.5859375 0.1921875 0.015625 0.015625
0 0.61875 0.5203125 0.0140625 0.0125
0 0.35078125 0.4765625 0.009375 0.009375
0 0.55234375 0.18515625 0.015625 0.015625
0 0.40234375 0.534375 0.009375 0.009375
0 0.3015625 0.6921875 0.0078125 0.0078125
0 0.8890625 0.56953125 0.00625 0.00625
0 0.93828125 0.48203125 0.00625 0.00625
0 0.459375 0.25625 0.009375 0.0078125
0 0.63203125 0.21484375 0.0078125 0.0078125
0 0.95703125 0.30625 0.0078125 0.0078125
0 0.48828125 0.93671875 0.0078125 0.00625
0 0.37890625 0.13984375 0.0078125 0.0078125
0 0.309375 0.46953125 0.0078125 0.0078125
0 0.71171875 0.4890625 0.00625 0.00625
0 0.08515625 0.071875 0.00625 0.00625
0 0.35859375 0.90859375 0.009375 0.009375
0 0.771875 0.940625 0.01875 0.01875
0 0.91796875 0.2984375 0.00625 0.00625
0 0.778125 0.6546875 0.015625 0.015625
0 0.34296875 0.49375 0.028125 0.021875
0 0.5171875 0.0890625 0.0078125 0.0078125
0 0.03515625 0.7671875 0.0234375 0.025
0 0.55546875 0.2046875 0.0125 0.0125
0 0.115625 0.3640625 0.00625 0.00625
0 0.4765625 0.25390625 0.0125 0.0125
0 0.56875 0.1046875 0.0234375 0.0234375
0 0.603125 0.19921875 0.015625 0.0140625
0 0.4984375 0.7625 0.0125 0.0109375
0 0.0359375 0.9234375 0.00625 0.00625
0 0.778125 0.88203125 0.0078125 0.00625
0 0.6375 0.2390625 0.0078125 0.00625
0 0.62734375 0.05390625 0.009375 0.00625
0 0.396875 0.10625 0.00625 0.00625
0 0.12421875 0.11875 0.00625 0.00625
0 0.5015625 0.0140625 0.0109375 0.009375
0 0.29453125 0.53984375 0.009375 0.009375
0 0.8390625 0.4140625 0.0125 0.0125
0 0.77421875 0.440625 0.0140625 0.0125
0 0.79140625 0.00703125 0.015625 0.0140625
0 0.7984375 0.1078125 0.015625 0.015625
0 0.178125 0.00625 0.00625 0.00625
0 0.3015625 0.384375 0.00625 0.00625
0 0.41875 0.22421875 0.021875 0.0203125
0 0.871875 0.0125 0.00625 0.00625
0 0.6734375 0.14765625 0.009375 0.009375
0 0.49609375 0.19765625 0.009375 0.009375
0 0.35 0.39609375 0.009375 0.009375
0 0.77421875 0.15546875 0.0109375 0.0125
0 0.94375 0.3609375 0.015625 0.0140625
0 0.7546875 0.15 0.015625 0.015625
0 0.7 0.540625 0.0109375 0.009375
0 0.8328125 0.4015625 0.0109375 0.0125
0 0.2671875 0.025 0.00625 0.00625
0 0.096875 0.9140625 0.00625 0.00625
0 0.79765625 0.165625 0.0109375 0.009375
0 0.390625 0.3640625 0.009375 0.009375
0 0.48125 0.4578125 0.009375 0.009375
0 0.0125 0.1078125 0.0203125 0.01875
0 0.63359375 0.40390625 0.00625 0.00625
0 0.81328125 0.1546875 0.025 0.025
0 0.30703125 0.70390625 0.009375 0.009375
0 0.38203125 0.3734375 0.009375 0.009375
0 0.91328125 0.95078125 0.015625 0.0125
0 0.40703125 0.5828125 0.0125 0.0109375
0 0.47578125 0.52421875 0.0109375 0.009375
0 0.78125 0.35234375 0.0125 0.0125
0 0.996875 0.1578125 0.00625 0.009375
0 0.090625 0.72109375 0.00625 0.00625
0 0.80546875 0.5734375 0.009375 0.009375
0 0.78515625 0.9890625 0.0078125 0.00625
0 0.27265625 0.2109375 0.0125 0.0125
0 0.93828125 0.7375 0.009375 0.009375
0 0.328125 0.3625 0.0078125 0.0078125
0 0.61953125 0.21875 0.009375 0.0078125
0 0.41796875 0.10078125 0.0171875 0.015625
0 0.87578125 0.4046875 0.0078125 0.0078125
0 0.46015625 0.915625 0.009375 0.009375
0 0.0515625 0.12578125 0.0125 0.0109375
0 0.3171875 0.4078125 0.0125 0.0125
0 0.1265625 0.2140625 0.009375 0.009375
0 0.4578125 0.99375 0.01875 0.0125
0 0.125 0.325 0.015625 0.015625
0 0.7421875 0.02421875 0.0125 0.0109375
0 0.64921875 0.43046875 0.0078125 0.0078125
0 0.3859375 0.5421875 0.0125 0.0125
0 0.2015625 0.43046875 0.00625 0.00625
0 0.2984375 0.91953125 0.0125 0.0125
0 0.090625 0.54609375 0.0078125 0.0078125
0 0.99375 0.83828125 0.0125 0.015625
0 0.4828125 0.27265625 0.009375 0.0078125
0 0.7328125 0.24921875 0.00625 0.00625
0 0.3515625 0.19375 0.0078125 0.0078125
0 0.425 0.93046875 0.0078125 0.0078125
0 0.58671875 0.4421875 0.009375 0.009375
0 0.9109375 0.8359375 0.0140625 0.0140625
0 0.5921875 0.42421875 0.009375 0.009375
0 0.49140625 0.1609375 0.0109375 0.009375
0 0.009375 0.5609375 0.009375 0.0078125
0 0.75234375 0.69609375 0.009375 0.009375
0 0.85078125 0.340625 0.009375 0.0078125
0 0.7734375 0.32109375 0.009375 0.009375
0 0.0203125 0.2734375 0.0296875 0.028125
0 0.80859375 0.6734375 0.0125 0.0109375
0 0.46171875 0.28828125 0.0125 0.0125
0 0.9125 0.81484375 0.0125 0.0109375
0 0.1140625 0.54765625 0.009375 0.0078125
0 0.325 0.725 0.0125 0.0125
0 0.8546875 0.83984375 0.0125 0.009375
0 0.71015625 0.18046875 0.0125 0.0125
0 0.80546875 0.68671875 0.01875 0.0171875
0 0.77265625 0.30390625 0.0078125 0.0078125
0 0.8453125 0.8328125 0.0078125 0.0078125
0 0.6390625 0.9125 0.009375 0.0078125
0 0.59296875 0.45390625 0.009375 0.0109375
0 0.51484375 0.10078125 0.0078125 0.00625
0 0.66484375 0.01875 0.0125 0.009375
0 0.1359375 0.81640625 0.0234375 0.025
0 0.7953125 0.4703125 0.0203125 0.021875
0 0.5296875 0.85390625 0.009375 0.009375
0 0.4390625 0.315625 0.0109375 0.0125
0 0.5953125 0.978125 0.0140625 0.0140625
0 0.7375 0.4421875 0.009375 0.009375
0 0.715625 0.121875 0.0140625 0.0140625
0 0.8734375 0.92265625 0.009375 0.0078125
0 0.86875 0.134375 0.0390625 0.028125
0 0.0484375 0.95 0.0078125 0.0078125
0 0.578125 0.9625 0.009375 0.009375
0 0.915625 0.19921875 0.16875 0.38125
0 0.49453125 0.07265625 0.0109375 0.0109375
0 0.26015625 0.65078125 0.009375 0.009375
0 0.721875 0.3421875 0.009375 0.009375
0 0.64765625 0.20859375 0.009375 0.009375
0 0.39609375 0.1421875 0.0109375 0.009375
0 0.9703125 0.27421875 0.0109375 0.009375
0 0.91796875 0.2765625 0.0125 0.0109375
0 0.41953125 0.34375 0.015625 0.0140625
0 0.121875 0.7796875 0.0125 0.0125
0 0.9421875 0.54375 0.0125 0.0125
0 0.02734375 0.4515625 0.009375 0.009375
0 0.809375 0.11796875 0.009375 0.009375
0 0.5578125 0.16484375 0.015625 0.01875
0 0.7515625 0.4078125 0.0125 0.0140625
0 0.33359375 0.9484375 0.0125 0.0125
0 0.7390625 0.4265625 0.015625 0.015625
0 0.88125 0.5015625 0.015625 0.015625
0 0.021875 0.653125 0.0171875 0.015625
0 0.78125 0.403125 0.015625 0.015625
0 0.94609375 0.2453125 0.015625 0.015625
0 0.8890625 0.153125 0.025 0.021875
0 0.665625 0.72578125 0.025 0.025
0 0.77421875 0.075 0.0203125 0.0203125
0 0.7921875 0.38359375 0.021875 0.021875
0 0.871875 0.0796875 0.01875 0.01875
0 0.07109375 0.403125 0.0171875 0.015625
0 0.42265625 0.9484375 0.0234375 0.021875
0 0.81171875 0.08671875 0.0203125 0.01875
0 0.315625 0.50859375 0.63125 0.9828125