0 0.5671875 0.27265625 0.00625 0.00625
0 0.08828125 0.396875 0.00625 0.00625
0 0.9640625 0.62578125 0.0109375 0.009375
0 0.1671875 0.74921875 0.00625 0.00625
0 0.428125 0.6125 0.0078125 0.00625
0 0.0609375 0.56328125 0.0125 0.0125
0 0.5265625 0.4484375 0.0078125 0.009375
0 0.44453125 0.690625 0.0078125 0.0078125
0 0.12421875 0.61953125 0.009375 0.009375
0 0.6640625 0.31953125 0.0484375 0.0578125
0 0.44765625 0.4828125 0.015625 0.015625
0 0.05078125 0.3890625 0.009375 0.009375
0 0.096875 0.8015625 0.0078125 0.0078125
0 0.66015625 0.8359375 0.00625 0.00625
0 0.984375 0.58125 0.0078125 0.0078125
0 0.47890625 0.77421875 0.00625 0.00625
0 0.73359375 0.8 0.00625 0.00625
0 0.9328125 0.11015625 0.0078125 0.00625
0 0.23515625 0.64921875 0.0203125 0.01875
0 0.1328125 0.36640625 0.0078125 0.0078125
0 0.12734375 0.290625 0.009375 0.009375
0 0.47890625 0.259375 0.00625 0.00625
0 0.16484375 0.95625 0.0078125 0.00625
0 0.6734375 0.1546875 0.0078125 0.00625
0 0.9234375 0.4453125 0.00625 0.0078125
0 0.196875 0.053125 0.009375 0.009375
0 0.8734375 0.94140625 0.225 0.115625
0 0.5484375 0.47421875 0.0515625 0.078125
0 0.2 0.35078125 0.009375 0.009375
0 0.0671875 0.1109375 0.0125 0.0125
0 0.18515625 0.55546875 0.009375 0.009375
0 0.20625 0.4578125 0.009375 0.0078125
0 0.48046875 0.4421875 0.0078125 0.00625
0 0.0609375 0.84453125 0.0078125 0.0078125
0 0.034375 0.38125 0.0109375 0.0109375
0 0.55625 0.2546875 0.0078125 0.00625
0 0.209375 0.134375 0.00625 0.00625
0 0.984375 0.03671875 0.009375 0.0109375
0 0.41328125 0.45 0.0140625 0.0125
0 0.7953125 0.896875 0.009375 0.009375
0 0.69609375 0.4921875 0.009375 0.009375
0 0.6515625 0.75625 0.0078125 0.00625
0 0.25703125 0.63984375 0.0078125 0.0078125
0 0.35859375 0.59921875 0.009375 0.009375
0 0.1828125 0.75625 0.0078125 0.0078125
0 0.20625 0.93359375 0.009375 0.0078125
0 0.08125 0.41484375 0.009375 0.009375
0 0.67265625 0.475 0.0078125 0.0078125
0 0.8078125 0.084375 0.025 0.025
0 0.775 0.790625 0.0125 0.0125
0 0.2234375 0.61640625 0.0125 0.0125
0 0.021875 0.0921875 0.0078125 0.0078125
0 0.11328125 0.33984375 0.009375 0.009375
0 0.75 0.390625 0.0375 0.034375
0 0.8140625 0.02265625 0.009375 0.009375
0 0.1828125 0.184375 0.0109375 0.009375
0 0.31953125 0.35625 0.0109375 0.009375
0 0.00546875 0.70859375 0.0109375 0.015625
0 0.7859375 0.359375 0.015625 0.0171875
0 0.53515625 0.51796875 0.009375 0.009375
0 0.5578125 0.2984375 0.015625 0.015625
0 0.80625 0.4125 0.025 0.025
0 0.6125 0.9328125 0.0125 0.0125
0 0.7828125 0.19453125 0.021875 0.021875
0 0.3078125 0.82109375 0.228125 0.21875
0 0.51953125 0.228125 0.01875 0.021875
0 0.45625 0.240625 0.03125 0.0296875
0 0.57890625 0.303125 0.01875 0.01875
0 0.1859375 0.7921875 0.03125 0.0296875