0 0.4328125 0.27265625 0.00703125 0.00703125
0 0.91171875 0.396875 0.00703125 0.00703125
0 0.0359375 0.62578125 0.0109375 0.009375
0 0.8328125 0.74921875 0.00703125 0.00625
0 0.571875 0.6125 0.0078125 0.00703125
0 0.9390625 0.56328125 0.0125 0.01171875
0 0.4734375 0.4484375 0.0078125 0.00859375
0 0.55546875 0.690625 0.0078125 0.0078125
0 0.87578125 0.61953125 0.00859375 0.00859375
0 0.3359375 0.31953125 0.0484375 0.0578125
0 0.55234375 0.4828125 0.01484375 0.015625
0 0.94921875 0.3890625 0.009375 0.009375
0 0.903125 0.8015625 0.0078125 0.0078125
0 0.33984375 0.8359375 0.00625 0.00625
0 0.015625 0.58125 0.0078125 0.0078125
0 0.52109375 0.77421875 0.00703125 0.00703125
0 0.26640625 0.8 0.00703125 0.00703125
0 0.0671875 0.11015625 0.0078125 0.00703125
0 0.76484375 0.64921875 0.0203125 0.01875
0 0.8671875 0.36640625 0.0078125 0.0078125
0 0.87265625 0.290625 0.00859375 0.00859375
0 0.52109375 0.259375 0.00703125 0.00703125
0 0.83515625 0.95625 0.00703125 0.00703125
0 0.3265625 0.1546875 0.0078125 0.00703125
0 0.0765625 0.4453125 0.00703125 0.0078125
0 0.803125 0.053125 0.00859375 0.00859375
0 0.1265625 0.94140625 0.225 0.115625
0 0.4515625 0.47421875 0.0515625 0.07734375
0 0.8 0.35078125 0.00859375 0.00859375
0 0.9328125 0.1109375 0.01171875 0.0125
0 0.81484375 0.55546875 0.00859375 0.00859375
0 0.79375 0.4578125 0.00859375 0.0078125
0 0.51953125 0.4421875 0.0078125 0.00703125
0 0.9390625 0.84453125 0.0078125 0.0078125
0 0.965625 0.38125 0.0109375 0.0109375
0 0.44375 0.2546875 0.0078125 0.00703125
0 0.790625 0.134375 0.00703125 0.00703125
0 0.015625 0.03671875 0.009375 0.0109375
0 0.58671875 0.45 0.0140625 0.0125
0 0.2046875 0.896875 0.00859375 0.00859375
0 0.30390625 0.4921875 0.009375 0.009375
0 0.3484375 0.75625 0.0078125 0.00703125
0 0.74296875 0.63984375 0.0078125 0.0078125
0 0.64140625 0.59921875 0.009375 0.00859375
0 0.8171875 0.75625 0.0078125 0.0078125
0 0.79375 0.93359375 0.00859375 0.0078125
0 0.91875 0.41484375 0.009375 0.00859375
0 0.32734375 0.475 0.0078125 0.0078125
0 0.1921875 0.084375 0.025 0.02421875
0 0.225 0.790625 0.01171875 0.01171875
0 0.7765625 0.61640625 0.01171875 0.01171875
0 0.978125 0.0921875 0.0078125 0.0078125
0 0.88671875 0.33984375 0.009375 0.009375
0 0.25 0.390625 0.0375 0.03515625
0 0.1859375 0.02265625 0.009375 0.00859375
0 0.8171875 0.184375 0.0109375 0.009375
0 0.68046875 0.35625 0.0109375 0.009375
0 0.99453125 0.70859375 0.0109375 0.01484375
0 0.2140625 0.359375 0.01640625 0.0171875
0 0.46484375 0.51796875 0.009375 0.00859375
0 0.4421875 0.2984375 0.015625 0.015625
0 0.19375 0.4125 0.025 0.025
0 0.3875 0.9328125 0.0125 0.0125
0 0.2171875 0.19453125 0.021875 0.02265625
0 0.6921875 0.82109375 0.228125 0.21796875
0 0.48046875 0.228125 0.01953125 0.021875
0 0.54375 0.240625 0.03046875 0.0296875
0 0.42109375 0.303125 0.01953125 0.01953125
0 0.8140625 0.7921875 0.03125 0.0296875