0 0.04140625 0.57265625 0.015625 0.0171875
0 0.103125 0.5078125 0.040625 0.040625
0 0.115625 0.42421875 0.015625 0.015625
0 0.1328125 0.43671875 0.015625 0.015625
0 0.003125 0.43828125 0.00625 0.0109375
0 0.11640625 0.7625 0.015625 0.015625
0 0.47109375 0.065625 0.0171875 0.01875
0 0.4671875 0.15625 0.0171875 0.0171875
0 0.5578125 0.2015625 0.015625 0.015625
0 0.64140625 0.2921875 0.015625 0.015625
0 0.6890625 0.2125 0.025 0.0265625
0 0.76875 0.19765625 0.0171875 0.01875
0 0.7578125 0.0421875 0.03125 0.03125
0 0.80390625 0.215625 0.0125 0.0140625
0 0.36640625 0.01640625 0.0140625 0.015625
0 0.1 0.10703125 0.0140625 0.015625
0 0.26953125 0.090625 0.096875 0.1
0 0.3203125 0.028125 0.109375 0.05625
0 0.0828125 0.2640625 0.015625 0.015625
0 0.2609375 0.30625 0.278125 0.2875
0 0.48125 0.33515625 0.2140625 0.221875
0 0.5953125 0.50859375 0.0296875 0.03125
0 0.425 0.61328125 0.021875 0.021875
0 0.2546875 0.603125 0.0125 0.0125
0 0.12265625 0.5609375 0.0125 0.0125
0 0.1828125 0.85 0.028125 0.028125
0 0.15390625 0.75078125 0.0125 0.0125
0 0.53828125 0.79140625 0.0125 0.0125
0 0.40546875 0.88359375 0.009375 0.009375
0 0.9265625 0.94609375 0.046875 0.0484375
0 0.9390625 0.84375 0.040625 0.0421875
0 0.7640625 0.7984375 0.0125 0.0125
0 0.68125 0.78203125 0.0140625 0.015625
0 0.67109375 0.69140625 0.01875 0.01875
0 0.70625 0.7125 0.0328125 0.034375
0 0.83828125 0.7078125 0.0140625 0.0140625
0 0.9484375 0.7484375 0.103125 0.1859375
0 0.846875 0.53125 0.0109375 0.0109375
0 0.634375 0.3765625 0.009375 0.0109375
0 0.9546875 0.5296875 0.090625 0.18125
0 0.93828125 0.025 0.0375 0.040625
0 0.1546875 0.3546875 0.0125 0.0125
0 0.16640625 0.81015625 0.0125 0.0125
0 0.196875 0.79765625 0.0125 0.0109375
0 0.1796875 0.7765625 0.0125 0.0125
0 0.284375 0.84921875 0.01875 0.0203125
0 0.3796875 0.84453125 0.01875 0.01875
0 0.39765625 0.84296875 0.0203125 0.021875
0 0.334375 0.7515625 0.0203125 0.0203125
0 0.29140625 0.78515625 0.009375 0.009375
0 0.41171875 0.840625 0.0140625 0.015625
0 0.278125 0.77421875 0.015625 0.015625
0 0.23359375 0.2765625 0.009375 0.009375
0 0.6390625 0.03203125 0.025 0.0265625
0 0.54921875 0.1765625 0.015625 0.015625
0 0.60234375 0.459375 0.0109375 0.0109375
0 0.59296875 0.66953125 0.0109375 0.0109375
0 0.74453125 0.88671875 0.0109375 0.0109375
0 0.7625 0.840625 0.0109375 0.0125
0 0.7171875 0.7796875 0.0171875 0.01875
0 0.503125 0.653125 0.0296875 0.03125
0 0.51640625 0.85625 0.015625 0.015625
0 0.94296875 0.85234375 0.0125 0.0125
0 0.309375 0.75078125 0.0125 0.0125
0 0.3203125 0.75078125 0.015625 0.015625