0 0.75078125 0.459375 0.0109375 0.0125
0 0.22578125 0.27265625 0.0078125 0.0078125
0 0.9625 0.58515625 0.0109375 0.009375
0 0.15625 0.85859375 0.00625 0.00625
0 0.61796875 0.975 0.009375 0.0078125
0 0.790625 0.86328125 0.009375 0.009375
0 0.4875 0.50078125 0.0078125 0.009375
0 0.925 0.296875 0.0078125 0.0078125
0 0.6078125 0.76328125 0.0125 0.015625
0 0.66640625 0.74921875 0.025 0.021875
0 0.5171875 0.83359375 0.009375 0.009375
0 0.56015625 0.69296875 0.009375 0.009375
0 0.61328125 0.6171875 0.0078125 0.0078125
0 0.80625 0.73828125 0.00625 0.0078125
0 0.41796875 0.2265625 0.0078125 0.0078125
0 0.6234375 0.684375 0.00625 0.0078125
0 0.80390625 0.6796875 0.0109375 0.0125
0 0.05390625 0.740625 0.1078125 0.2046875
0 0.01875 0.9921875 0.00625 0.0078125
0 0.546875 0.9015625 0.0125 0.0109375
0 0.59296875 0.8234375 0.0109375 0.009375
0 0.3390625 0.528125 0.00625 0.00625
0 0.3015625 0.99609375 0.0109375 0.0078125
0 0.465625 0.525 0.009375 0.009375
0 0.45703125 0.32109375 0.009375 0.009375
0 0.39375 0.63203125 0.0125 0.0109375
0 0.3484375 0.79921875 0.00625 0.00625
0 0.1734375 0.3671875 0.0078125 0.0078125
0 0.4328125 0.92109375 0.00625 0.00625
0 0.16328125 0.6484375 0.0078125 0.0078125
0 0.35 0.28046875 0.0046875 0.00625
0 0.05390625 0.1953125 0.00625 0.00625
0 0.6703125 0.83515625 0.0078125 0.009375
0 0.96796875 0.07734375 0.00625 0.00625
0 0.1765625 0.8953125 0.0140625 0.0140625
0 0.825 0.896875 0.0125 0.0140625
0 0.6703125 0.35 0.00625 0.00625
0 0.1765625 0.05625 0.1375 0.1125
0 0.62109375 0.88359375 0.0078125 0.0078125
0 0.6859375 0.059375 0.009375 0.009375
0 0.31640625 0.3265625 0.009375 0.009375
0 0.996875 0.14765625 0.00625 0.00625
0 0.40078125 0.82890625 0.00625 0.00625
0 0.215625 0.215625 0.00625 0.00625
0 0.34296875 0.83671875 0.00625 0.00625
0 0.221875 0.1078125 0.0078125 0.009375
0 0.20546875 0.41875 0.00625 0.00625
0 0.753125 0.99765625 0.00625 0.0046875
0 0.734375 0.89765625 0.00625 0.00625
0 0.7671875 0.78984375 0.009375 0.0109375
0 0.91796875 0.0953125 0.0078125 0.00625
0 0.61640625 0.5234375 0.009375 0.009375
0 0.6796875 0.815625 0.0125 0.0125
0 0.2015625 0.92890625 0.00625 0.00625
0 0.015625 0.075 0.03125 0.084375
0 0.9984375 0.4375 0.003125 0.009375
0 0.27265625 0.8015625 0.00625 0.0078125
0 0.275 0.64296875 0.0078125 0.00625
0 0.4234375 0.70390625 0.00625 0.0078125
0 0.36328125 0.8515625 0.0078125 0.00625
0 0.46953125 0.86875 0.0078125 0.00625
0 0.065625 0.84140625 0.0390625 0.040625
0 0.5953125 0.784375 0.009375 0.009375
0 0.8953125 0.13203125 0.00625 0.00625
0 0.63046875 0.925 0.0109375 0.0125
0 0.503125 0.89375 0.00625 0.0078125
0 0.34140625 0.33046875 0.00625 0.00625
0 0.834375 0.7703125 0.0125 0.0140625
0 0.35234375 0.125 0.00625 0.0078125
0 0.25078125 0.85234375 0.0078125 0.00625
0 0.578125 0.83515625 0.0125 0.0125
0 0.65390625 0.415625 0.00625 0.00625
0 0.21171875 0.89140625 0.00625 0.00625
0 0.25625 0.5609375 0.0125 0.0125
0 0.84609375 0.85 0.0125 0.0140625
0 0.69375 0.9984375 0.0109375 0.003125
0 0.66484375 0.8640625 0.009375 0.009375
0 0.071875 0.7921875 0.0234375 0.021875
0 0.96171875 0.10546875 0.0078125 0.0078125
0 0.1859375 0.9953125 0.00625 0.00625
0 0.6609375 0.246875 0.00625 0.0078125
0 0.67109375 0.559375 0.009375 0.0109375
0 0.61328125 0.86015625 0.015625 0.015625
0 0.8046875 0.31640625 0.171875 0.271875
0 0.80859375 0.54609375 0.0078125 0.009375
0 0.88359375 0.01875 0.0078125 0.0078125
0 0.44609375 0.95625 0.00625 0.00625
0 0.9125 0.4828125 0.0140625 0.0140625
0 0.59765625 0.02265625 0.009375 0.009375
0 0.5890625 0.521875 0.0125 0.0140625
0 0.1609375 0.89140625 0.00625 0.00625
0 0.37734375 0.56171875 0.009375 0.009375
0 0.27421875 0.45390625 0.015625 0.015625
0 0.7875 0.60234375 0.009375 0.0125
0 0.7015625 0.41484375 0.009375 0.009375
0 0.209375 0.66328125 0.00625 0.00625
0 0.27109375 0.16796875 0.0125 0.0125
0 0.17265625 0.9703125 0.0078125 0.0078125
0 0.4390625 0.6875 0.00625 0.0078125
0 0.28828125 0.51171875 0.00625 0.00625
0 0.25390625 0.1890625 0.00625 0.00625
0 0.7328125 0.1390625 0.009375 0.009375
0 0.55625 0.86796875 0.00625 0.00625
0 0.46484375 0.86015625 0.0125 0.015625
0 0.75390625 0.871875 0.0171875 0.01875
0 0.17890625 0.2015625 0.0390625 0.04375
0 0.39921875 0.67890625 0.009375 0.0109375
0 0.740625 0.1203125 0.009375 0.009375
0 0.9796875 0.1234375 0.00625 0.00625
0 0.26015625 0.44453125 0.015625 0.01875
0 0.7484375 0.6 0.0125 0.0125
0 0.66953125 0.803125 0.009375 0.009375
0 0.2109375 0.78125 0.0078125 0.0078125
0 0.88046875 0.4046875 0.009375 0.009375
0 0.80546875 0.79609375 0.0125 0.0125
0 0.34296875 0.18046875 0.00625 0.00625
0 0.43125 0.9859375 0.0046875 0.00625
0 0.02421875 0.9109375 0.00625 0.00625
0 0.14375 0.89609375 0.00625 0.00625
0 0.94765625 0.7921875 0.00625 0.00625
0 0.21796875 0.959375 0.00625 0.00625
0 0.41640625 0.77421875 0.00625 0.00625
0 0.26171875 0.80546875 0.00625 0.00625
0 0.01953125 0.67265625 0.00625 0.00625
0 0.8484375 0.74921875 0.015625 0.015625
0 0.1515625 0.68671875 0.00625 0.00625
0 0.7140625 0.5671875 0.009375 0.0109375
0 0.25390625 0.72265625 0.00625 0.00625
0 0.83046875 0.2328125 0.00625 0.00625
0 0.278125 0.690625 0.00625 0.0078125
0 0.8875 0.1671875 0.00625 0.00625
0 0.3921875 0.01796875 0.00625 0.00625
0 0.22734375 0.215625 0.00625 0.00625
0 0.83203125 0.46171875 0.0078125 0.0078125
0 0.2359375 0.528125 0.009375 0.009375
0 0.59375 0.91640625 0.009375 0.0109375
0 0.84765625 0.228125 0.0125 0.0125
0 0.56953125 0.54609375 0.009375 0.009375
0 0.23359375 0.675 0.009375 0.009375
0 0.075 0.2078125 0.00625 0.0078125
0 0.98359375 0.09140625 0.009375 0.009375
0 0.84921875 0.81796875 0.009375 0.009375
0 0.96875 0.18828125 0.0078125 0.0078125
0 0.38203125 0.5828125 0.009375 0.009375
0 0.48515625 0.8546875 0.0140625 0.0140625
0 0.6515625 0.7984375 0.009375 0.009375
0 0.50390625 0.83828125 0.0078125 0.009375
0 0.68515625 0.02578125 0.09375 0.0515625
0 0.225 0.71953125 0.00625 0.00625
0 0.95234375 0.7453125 0.0078125 0.0078125
0 0.41171875 0.89921875 0.00625 0.0078125
0 0.6125 0.484375 0.0125 0.0140625
0 0.95 0.82109375 0.009375 0.009375
0 0.4015625 0.80546875 0.0078125 0.009375
0 0.303125 0.0140625 0.0078125 0.009375
0 0.16015625 0.7546875 0.0078125 0.00625
0 0.4828125 0.8859375 0.0078125 0.0078125
0 0.8109375 0.7859375 0.0109375 0.0109375
0 0.0953125 0.1609375 0.0078125 0.00625
0 0.95625 0.596875 0.0109375 0.0125
0 0.71875 0.8484375 0.0171875 0.021875
0 0.68125 0.915625 0.0078125 0.0078125
0 0.57890625 0.6109375 0.021875 0.021875
0 0.46796875 0.81328125 0.0078125 0.009375
0 0.58984375 0.840625 0.0140625 0.015625
0 0.64921875 0.38984375 0.00625 0.0078125
0 0.2625 0.92265625 0.00625 0.00625
0 0.259375 0.2140625 0.00625 0.0078125
0 0.3703125 0.7671875 0.00625 0.0078125
0 0.840625 0.5296875 0.009375 0.009375
0 0.86171875 0.79921875 0.00625 0.0078125
0 0.92578125 0.33125 0.0078125 0.009375
0 0.78671875 0.95078125 0.0125 0.0125
0 0.94453125 0.29609375 0.00625 0.00625
0 0.21796875 0.8703125 0.00625 0.00625
0 0.4109375 0.7875 0.009375 0.009375
0 0.353125 0.8390625 0.00625 0.0078125
0 0.0140625 0.89765625 0.009375 0.009375
0 0.2546875 0.81953125 0.0078125 0.0078125
0 0.65859375 0.2375 0.00625 0.0078125
0 0.82109375 0.8671875 0.009375 0.009375
0 0.60703125 0.8421875 0.015625 0.01875
0 0.4734375 0.54921875 0.0078125 0.009375
0 0.13359375 0.30625 0.00625 0.0078125
0 0.059375 0.85078125 0.0109375 0.0125
0 0.01875 0.2203125 0.009375 0.0078125
0 0.39765625 0.2546875 0.009375 0.009375
0 0.33125 0.68828125 0.021875 0.021875
0 0.26875 0.2453125 0.009375 0.009375
0 0.0125 0.6859375 0.00625 0.0078125
0 0.42578125 0.978125 0.0078125 0.0078125
0 0.975 0.1515625 0.0078125 0.0078125
0 0.83515625 0.80859375 0.015625 0.015625
0 0.27421875 0.81484375 0.009375 0.009375
0 0.5 0.85390625 0.0078125 0.009375
0 0.396875 0.915625 0.00625 0.0078125
0 0.28515625 0.21875 0.0078125 0.0078125
0 0.46640625 0.78828125 0.0125 0.0125
0 0.4234375 0.90234375 0.00625 0.0078125
0 0.7328125 0.91640625 0.0078125 0.009375
0 0.27265625 0.121875 0.00625 0.00625
0 0.6046875 0.8953125 0.0125 0.0125
0 0.771875 0.30078125 0.00625 0.0078125
0 0.11015625 0.96953125 0.00625 0.009375
0 0.78984375 0.97578125 0.009375 0.009375
0 0.8875 0.759375 0.015625 0.015625
0 0.715625 0.278125 0.009375 0.009375
0 0.86015625 0.57421875 0.009375 0.009375
0 0.36875 0.9859375 0.0078125 0.009375
0 0.17578125 0.91875 0.0078125 0.0078125
0 0.82265625 0.5390625 0.009375 0.009375
0 0.575 0.490625 0.009375 0.009375
0 0.825 0.3625 0.0078125 0.009375
0 0.5890625 0.88984375 0.009375 0.0109375
0 0.90078125 0.50703125 0.0359375 0.040625
0 0.4015625 0.84140625 0.00625 0.00625
0 0.70703125 0.5046875 0.009375 0.009375
0 0.35859375 0.3828125 0.0109375 0.0125
0 0.16484375 0.875 0.0078125 0.0078125
0 0.24296875 0.79609375 0.0125 0.0125
0 0.14765625 0.5390625 0.0125 0.0125
0 0.26953125 0.84921875 0.0078125 0.009375
0 0.86640625 0.0734375 0.009375 0.009375
0 0.75703125 0.2875 0.0125 0.0140625
0 0.846875 0.83671875 0.015625 0.015625
0 0.4984375 0.02421875 0.009375 0.009375
0 0.38984375 0.46875 0.0109375 0.0125
0 0.91875 0.2625 0.015625 0.015625
0 0.525 0.0921875 0.0109375 0.0109375
0 0.0765625 0.3328125 0.009375 0.009375
0 0.90390625 0.3265625 0.009375 0.009375
0 0.625 0.84375 0.01875 0.01875
0 0.903125 0.0796875 0.009375 0.009375
0 0.3640625 0.2890625 0.0125 0.0140625
0 0.2953125 0.67890625 0.009375 0.009375
0 0.24609375 0.89609375 0.009375 0.0109375
0 0.48828125 0.090625 0.0078125 0.0078125
0 0.165625 0.7046875 0.0125 0.0125
0 0.23046875 0.8515625 0.0125 0.0125
0 0.85078125 0.35234375 0.0125 0.0125
0 0.29921875 0.7109375 0.0359375 0.0375
0 0.88046875 0.55625 0.0125 0.0125
0 0.44453125 0.19921875 0.0125 0.0140625
0 0.8890625 0.42265625 0.0125 0.0140625
0 0.87109375 0.43515625 0.0140625 0.015625
0 0.903125 0.103125 0.0140625 0.0140625
0 0.45234375 0.175 0.015625 0.0140625
0 0.32265625 0.7796875 0.015625 0.015625
0 0.19921875 0.21328125 0.0125 0.0125
0 0.96171875 0.57109375 0.015625 0.015625
0 0.92265625 0.92578125 0.1546875 0.1484375
0 0.63671875 0.0140625 0.0140625 0.015625
0 0.06484375 0.02265625 0.040625 0.0390625
0 0.04921875 0.525 0.0984375 0.171875
0 0.409375 0.5046875 0.0265625 0.028125
0 0.5375 0.15546875 0.015625 0.015625
0 0.73515625 0.08984375 0.09375 0.096875
0 0.07421875 0.94375 0.046875 0.05
0 0.23359375 0.19453125 0.0171875 0.015625
0 0.81953125 0.846875 0.025 0.028125
0 0.3140625 0.2109375 0.021875 0.025
0 0.53359375 0.06171875 0.015625 0.015625
0 0.246875 0.03984375 0.03125 0.0328125
0 0.52265625 0.33125 0.2078125 0.225