0 0.9875 0.7015625 0.0078125 0.0140625
0 0.8171875 0.79296875 0.03046875 0.03046875
0 0.69453125 0.821875 0.21484375 0.21484375
0 0.38984375 0.934375 0.0140625 0.0140625
0 0.42265625 0.303125 0.01953125 0.01953125
0 0.44609375 0.2984375 0.0140625 0.0140625
0 0.4828125 0.22734375 0.021875 0.021875
0 0.54609375 0.2390625 0.03125 0.03125
0 0.2171875 0.35859375 0.015625 0.015625
0 0.19609375 0.41328125 0.0234375 0.0234375
0 0.253125 0.390625 0.0375 0.0375
0 0.2171875 0.19375 0.0203125 0.0203125
0 0.1921875 0.08515625 0.02421875 0.02421875
0 0.115625 0.93828125 0.23125 0.1234375
0 0.21640625 0.78046875 0.01171875 0.01171875
0 0.00703125 0.0234375 0.0109375 0.0109375
0 0.17734375 0.0125 0.009375 0.009375
0 0.878125 0.3296875 0.009375 0.009375
0 0.80703125 0.17265625 0.0109375 0.0109375
0 0.67109375 0.34375 0.0109375 0.0109375
0 0.76640625 0.603125 0.01171875 0.01171875
0 0.65 0.9296875 0.01953125 0.01953125