0 0.815625 0.0921875 0.0125 0.0125
0 0.715625 0.19453125 0.0546875 0.0546875
0 0.84609375 0.403125 0.0265625 0.0265625
0 0.928125 0.4578125 0.0109375 0.0109375
0 0.76484375 0.40390625 0.01875 0.01875
0 0.60234375 0.321875 0.040625 0.040625
0 0.83984375 0.67421875 0.078125 0.078125
0 0.9875 0.7328125 0.015625 0.015625
0 0.78203125 0.67890625 0.0109375 0.0109375
0 0.68359375 0.35859375 0.0125 0.0125
0 0.7203125 0.3171875 0.0125 0.0125
0 0.7796875 0.44375 0.009375 0.009375
0 0.66953125 0.4953125 0.015625 0.015625
0 0.646875 0.55703125 0.0140625 0.0140625
0 0.58046875 0.56796875 0.009375 0.009375
0 0.49765625 0.77265625 0.01875 0.01875
0 0.36640625 0.74765625 0.1046875 0.103125
0 0.2578125 0.7921875 0.0328125 0.0328125
0 0.31328125 0.6671875 0.015625 0.015625
0 0.3640625 0.665625 0.0140625 0.0140625
0 0.25234375 0.5859375 0.015625 0.015625
0 0.278125 0.50625 0.0109375 0.0109375
0 0.18203125 0.5125 0.015625 0.015625
0 0.1140625 0.50078125 0.040625 0.040625
0 0.04765625 0.77109375 0.040625 0.040625
0 0.6015625 0.52421875 0.26875 0.2671875
0 0.46953125 0.3625 0.009375 0.009375
0 0.07890625 0.35 0.0109375 0.0109375
0 0.89140625 0.68671875 0.0171875 0.0171875
0 0.3765625 0.3109375 0.028125 0.028125
0 0.24296875 0.28984375 0.015625 0.015625
0 0.25703125 0.23828125 0.028125 0.028125
0 0.17578125 0.259375 0.009375 0.009375
0 0.040625 0.29453125 0.03125 0.03125
0 0.3640625 0.99609375 0.0140625 0.0078125
0 0.40390625 0.9515625 0.0125 0.0125
0 0.4609375 0.91171875 0.0203125 0.0203125
0 0.8625 0.9421875 0.0125 0.0125
0 0.8765625 0.8640625 0.0125 0.0125
0 0.4796875 0.140625 0.0125 0.0125
0 0.64765625 0.4359375 0.009375 0.009375
0 0.72578125 0.5203125 0.0265625 0.0265625
0 0.2953125 0.8625 0.0125 0.0125
0 0.97734375 0.953125 0.0453125 0.046875