0 0.16796875 0.12265625 0.04375 0.04375
0 0.1546875 0.40859375 0.05625 0.053125
0 0.015625 0.5015625 0.03125 0.05
0 0.25 0.7390625 0.5 0.521875
0 0.3890625 0.040625 0.04375 0.04375
0 0.8328125 0.5140625 0.03125 0.03125
0 0.9640625 0.9 0.03125 0.03125
0 0.6890625 0.884375 0.028125 0.028125
0 0.7328125 0.265625 0.05 0.05
0 0.47265625 0.25859375 0.025 0.025
0 0.2875 0.34140625 0.034375 0.034375
0 0.05859375 0.015625 0.05 0.03125
0 0.06484375 0.37109375 0.0578125 0.0578125
0 0.35546875 0.17421875 0.0453125 0.0453125
0 0.60078125 0.321875 0.05625 0.05625
0 0.103125 0.1890625 0.0453125 0.0453125