0 0.184375 0.0921875 0.01171875 0.01171875
0 0.284375 0.19453125 0.0546875 0.0546875
0 0.15390625 0.403125 0.0265625 0.0265625
0 0.071875 0.4578125 0.0109375 0.0109375
0 0.23515625 0.40390625 0.01953125 0.01953125
0 0.39765625 0.321875 0.040625 0.040625
0 0.16015625 0.67421875 0.078125 0.078125
0 0.0125 0.7328125 0.01640625 0.01640625
0 0.21796875 0.67890625 0.0109375 0.0109375
0 0.31640625 0.35859375 0.01171875 0.01171875
0 0.2796875 0.3171875 0.01171875 0.01171875
0 0.2203125 0.44375 0.009375 0.009375
0 0.33046875 0.4953125 0.01484375 0.01484375
0 0.353125 0.55703125 0.0140625 0.0140625
0 0.41953125 0.56796875 0.009375 0.009375
0 0.50234375 0.77265625 0.01875 0.01875
0 0.63359375 0.74765625 0.1046875 0.103125
0 0.7421875 0.7921875 0.0328125 0.0328125
0 0.68671875 0.6671875 0.01640625 0.01640625
0 0.6359375 0.665625 0.0140625 0.0140625
0 0.74765625 0.5859375 0.01484375 0.01484375
0 0.721875 0.50625 0.0109375 0.0109375
0 0.81796875 0.5125 0.01484375 0.01484375
0 0.8859375 0.50078125 0.040625 0.040625
0 0.95234375 0.77109375 0.040625 0.040625
0 0.3984375 0.52421875 0.26875 0.2671875
0 0.53046875 0.3625 0.009375 0.009375
0 0.92109375 0.35 0.0109375 0.0109375
0 0.10859375 0.68671875 0.0171875 0.0171875
0 0.6234375 0.3109375 0.028125 0.028125
0 0.75703125 0.28984375 0.015625 0.015625
0 0.74296875 0.23828125 0.02734375 0.02734375
0 0.82421875 0.259375 0.009375 0.009375
0 0.959375 0.29453125 0.03125 0.03125
0 0.6359375 0.99609375 0.0140625 0.0078125
0 0.59609375 0.9515625 0.0125 0.0125
0 0.5390625 0.91171875 0.0203125 0.0203125
0 0.1375 0.9421875 0.01171875 0.01171875
0 0.1234375 0.8640625 0.01171875 0.01171875
0 0.5203125 0.140625 0.0125 0.0125
0 0.35234375 0.4359375 0.009375 0.009375
0 0.27421875 0.5203125 0.0265625 0.0265625
0 0.7046875 0.8625 0.01171875 0.01171875
0 0.02265625 0.953125 0.0453125 0.046875