0 0.9078125 0.815625 0.0125 0.0125
0 0.80546875 0.715625 0.0546875 0.0546875
0 0.596875 0.84609375 0.0265625 0.0265625
0 0.5421875 0.928125 0.0109375 0.0109375
0 0.59609375 0.76484375 0.01875 0.01875
0 0.678125 0.60234375 0.040625 0.040625
0 0.32578125 0.83984375 0.078125 0.078125
0 0.2671875 0.9875 0.015625 0.015625
0 0.32109375 0.78203125 0.0109375 0.0109375
0 0.64140625 0.68359375 0.0125 0.0125
0 0.6828125 0.7203125 0.0125 0.0125
0 0.55625 0.7796875 0.009375 0.009375
0 0.5046875 0.66953125 0.015625 0.015625
0 0.44296875 0.646875 0.0140625 0.0140625
0 0.43203125 0.58046875 0.009375 0.009375
0 0.22734375 0.49765625 0.01875 0.01875
0 0.25234375 0.36640625 0.103125 0.1046875
0 0.2078125 0.2578125 0.0328125 0.0328125
0 0.3328125 0.31328125 0.015625 0.015625
0 0.334375 0.3640625 0.0140625 0.0140625
0 0.4140625 0.25234375 0.015625 0.015625
0 0.49375 0.278125 0.0109375 0.0109375
0 0.4875 0.18203125 0.015625 0.015625
0 0.49921875 0.1140625 0.040625 0.040625
0 0.22890625 0.04765625 0.040625 0.040625
0 0.47578125 0.6015625 0.2671875 0.26875
0 0.6375 0.46953125 0.009375 0.009375
0 0.65 0.07890625 0.0109375 0.0109375
0 0.31328125 0.89140625 0.0171875 0.0171875
0 0.6890625 0.3765625 0.028125 0.028125
0 0.71015625 0.24296875 0.015625 0.015625
0 0.76171875 0.25703125 0.028125 0.028125
0 0.740625 0.17578125 0.009375 0.009375
0 0.70546875 0.040625 0.03125 0.03125
0 0.00390625 0.3640625 0.0078125 0.0140625
0 0.0484375 0.40390625 0.0125 0.0125
0 0.08828125 0.4609375 0.0203125 0.0203125
0 0.0578125 0.8625 0.0125 0.0125
0 0.1359375 0.8765625 0.0125 0.0125
0 0.859375 0.4796875 0.0125 0.0125
0 0.5640625 0.64765625 0.009375 0.009375
0 0.4796875 0.72578125 0.0265625 0.0265625
0 0.1375 0.2953125 0.0125 0.0125
0 0.046875 0.97734375 0.046875 0.0453125