0 0.16796875 0.87734375 0.04296875 0.04296875
0 0.1546875 0.59140625 0.05546875 0.053125
0 0.015625 0.4984375 0.03125 0.05078125
0 0.25 0.2609375 0.5 0.521875
0 0.3890625 0.959375 0.04296875 0.04296875
0 0.8328125 0.4859375 0.03125 0.03125
0 0.9640625 0.1 0.03125 0.03125
0 0.6890625 0.115625 0.02890625 0.02890625
0 0.7328125 0.734375 0.05078125 0.05078125
0 0.47265625 0.74140625 0.02421875 0.02421875
0 0.2875 0.65859375 0.03359375 0.03359375
0 0.05859375 0.984375 0.05078125 0.03125
0 0.06484375 0.62890625 0.0578125 0.0578125
0 0.35546875 0.82578125 0.0453125 0.0453125
0 0.60078125 0.678125 0.05546875 0.05546875
0 0.103125 0.8109375 0.0453125 0.0453125