0 0.83203125 0.12265625 0.04375 0.04375
0 0.8453125 0.40859375 0.05625 0.053125
0 0.984375 0.5015625 0.03125 0.05
0 0.75 0.7390625 0.5 0.521875
0 0.6109375 0.040625 0.04375 0.04375
0 0.1671875 0.5140625 0.03125 0.03125
0 0.0359375 0.9 0.03125 0.03125
0 0.3109375 0.884375 0.028125 0.028125
0 0.2671875 0.265625 0.05 0.05
0 0.52734375 0.25859375 0.025 0.025
0 0.7125 0.34140625 0.034375 0.034375
0 0.94140625 0.015625 0.05 0.03125
0 0.93515625 0.37109375 0.0578125 0.0578125
0 0.64453125 0.17421875 0.0453125 0.0453125
0 0.39921875 0.321875 0.05625 0.05625
0 0.896875 0.1890625 0.0453125 0.0453125