0 0.87734375 0.83203125 0.04375 0.04375
0 0.59140625 0.8453125 0.053125 0.05625
0 0.4984375 0.984375 0.05 0.03125
0 0.2609375 0.75 0.521875 0.5
0 0.959375 0.6109375 0.04375 0.04375
0 0.4859375 0.1671875 0.03125 0.03125
0 0.1 0.0359375 0.03125 0.03125
0 0.115625 0.3109375 0.028125 0.028125
0 0.734375 0.2671875 0.05 0.05
0 0.74140625 0.52734375 0.025 0.025
0 0.65859375 0.7125 0.034375 0.034375
0 0.984375 0.94140625 0.03125 0.05
0 0.62890625 0.93515625 0.0578125 0.0578125
0 0.82578125 0.64453125 0.0453125 0.0453125
0 0.678125 0.39921875 0.05625 0.05625
0 0.8109375 0.896875 0.0453125 0.0453125