0 0.33203125 0.9953125 0.021875 0.009375
0 0.25234375 0.93671875 0.0125 0.0125
0 0.1859375 0.59609375 0.059375 0.0578125
0 0.6375 0.796875 0.015625 0.015625
0 0.715625 0.16875 0.015625 0.0140625
0 0.58046875 0.03125 0.0203125 0.0203125
0 0.0703125 0.13046875 0.009375 0.009375
0 0.05546875 0.15234375 0.0109375 0.0109375
0 0.1125 0.65 0.009375 0.009375
0 0.309375 0.64609375 0.0109375 0.0109375
0 0.74375 0.66171875 0.0125 0.0109375
0 0.88828125 0.721875 0.0125 0.0125
0 0.928125 0.94296875 0.0109375 0.0109375
0 0.00078125 0.8390625 0.0015625 0.009375