0 0.0078125 0.653125 0.015625 0.01875
0 0.06875 0.73515625 0.0125 0.0125
0 0.4015625 0.8140625 0.0578125 0.059375
0 0.20078125 0.36171875 0.015625 0.015625
0 0.83203125 0.28203125 0.0140625 0.015625
0 0.965625 0.42109375 0.0203125 0.0203125
0 0.86875 0.9296875 0.009375 0.009375
0 0.8453125 0.9453125 0.0109375 0.0109375
0 0.3484375 0.8875 0.009375 0.009375
0 0.35390625 0.690625 0.0109375 0.0109375
0 0.340625 0.25625 0.0109375 0.0125
0 0.278125 0.1125 0.0125 0.0125
0 0.0671875 0.07265625 0.0109375 0.0109375
0 0.1609375 0.99921875 0.009375 0.0015625