0 0.84140625 0.3875 0.015625 0.015625
0 0.42890625 0.49765625 0.028125 0.025
0 0.259375 0.05625 0.025 0.021875
0 0.05546875 0.55546875 0.0140625 0.0125
0 0.4578125 0.9515625 0.01875 0.015625
0 0.721875 0.9875 0.0203125 0.0171875
0 0.93984375 0.965625 0.01875 0.015625
0 0.23515625 0.7296875 0.0125 0.0109375
0 0.77421875 0.3515625 0.0125 0.009375
0 0.78359375 0.37109375 0.0125 0.0125
0 0.8078125 0.37421875 0.0125 0.0125
0 0.2453125 0.0484375 0.0125 0.0109375
0 0.64140625 0.10234375 0.0125 0.0109375
0 0.9078125 0.1828125 0.0125 0.0109375
0 0.946875 0.284375 0.0125 0.0125