0 0.66796875 0.9953125 0.021875 0.009375
0 0.74765625 0.93671875 0.0125 0.0125
0 0.8140625 0.59609375 0.059375 0.0578125
0 0.3625 0.796875 0.015625 0.015625
0 0.284375 0.16875 0.015625 0.0140625
0 0.41953125 0.03125 0.0203125 0.0203125
0 0.9296875 0.13046875 0.009375 0.009375
0 0.94453125 0.15234375 0.0109375 0.0109375
0 0.8875 0.65 0.009375 0.009375
0 0.690625 0.64609375 0.0109375 0.0109375
0 0.25625 0.66171875 0.0125 0.0109375
0 0.11171875 0.721875 0.0125 0.0125
0 0.071875 0.94296875 0.0109375 0.0109375
0 0.99921875 0.8390625 0.0015625 0.009375