0 0.346875 0.0078125 0.01875 0.015625
0 0.26484375 0.06875 0.0125 0.0125
0 0.1859375 0.4015625 0.059375 0.0578125
0 0.63828125 0.20078125 0.015625 0.015625
0 0.71796875 0.83203125 0.015625 0.0140625
0 0.57890625 0.965625 0.0203125 0.0203125
0 0.0703125 0.86875 0.009375 0.009375
0 0.0546875 0.8453125 0.0109375 0.0109375
0 0.1125 0.3484375 0.009375 0.009375
0 0.309375 0.35390625 0.0109375 0.0109375
0 0.74375 0.340625 0.0125 0.0109375
0 0.8875 0.278125 0.0125 0.0125
0 0.92734375 0.0671875 0.0109375 0.0109375
0 0.00078125 0.1609375 0.0015625 0.009375