0 0.33203125 0.0046875 0.021875 0.009375
0 0.25234375 0.06328125 0.01171875 0.01171875
0 0.1859375 0.40390625 0.059375 0.0578125
0 0.6375 0.203125 0.01640625 0.015625
0 0.715625 0.83125 0.01484375 0.0140625
0 0.58046875 0.96875 0.0203125 0.0203125
0 0.0703125 0.86953125 0.009375 0.009375
0 0.05546875 0.84765625 0.0109375 0.0109375
0 0.1125 0.35 0.009375 0.009375
0 0.309375 0.35390625 0.0109375 0.0109375
0 0.74375 0.33828125 0.01171875 0.0109375
0 0.88828125 0.278125 0.0125 0.0125
0 0.928125 0.05703125 0.0109375 0.0109375
0 0.00078125 0.1609375 0.0015625 0.009375