0 0.6125 0.15859375 0.015625 0.015625
0 0.50234375 0.57109375 0.025 0.028125
0 0.94375 0.740625 0.021875 0.025
0 0.44453125 0.94453125 0.0125 0.0140625
0 0.0484375 0.5421875 0.015625 0.01875
0 0.0125 0.278125 0.0171875 0.0203125
0 0.034375 0.06015625 0.015625 0.01875
0 0.2703125 0.76484375 0.0109375 0.0125
0 0.6484375 0.22578125 0.009375 0.0125
0 0.62890625 0.21640625 0.0125 0.0125
0 0.62578125 0.1921875 0.0125 0.0125
0 0.9515625 0.7546875 0.0109375 0.0125
0 0.89765625 0.35859375 0.0109375 0.0125
0 0.8171875 0.0921875 0.0109375 0.0125
0 0.715625 0.053125 0.0125 0.0125