0 0.95234375 0.4765625 0.0265625 0.0265625
0 0.7796875 0.30234375 0.03046875 0.03046875
0 0.68828125 0.48125 0.015625 0.015625
0 0.4265625 0.05546875 0.01484375 0.01484375
0 0.5109375 0.02265625 0.090625 0.0453125
0 0.22890625 0.28671875 0.453125 0.49296875
0 0.02578125 0.78359375 0.0140625 0.0140625
0 0.28359375 0.93515625 0.01171875 0.01171875
0 0.1890625 0.9640625 0.0125 0.0125
0 0.51328125 0.89453125 0.01875 0.01875
0 0.71015625 0.840625 0.03515625 0.03515625
0 0.86328125 0.72265625 0.01484375 0.01484375
0 0.96640625 0.75078125 0.0109375 0.0109375
0 0.60234375 0.96875 0.01171875 0.01171875
0 0.540625 0.9453125 0.0109375 0.0109375
0 0.65234375 0.77265625 0.0171875 0.0171875
0 0.61171875 0.84453125 0.015625 0.015625
0 0.1046875 0.49296875 0.01171875 0.01171875
0 0.43046875 0.640625 0.0109375 0.0109375
0 0.75234375 0.303125 0.021875 0.021875
0 0.7609375 0.5765625 0.34296875 0.26640625