0 0.04765625 0.4765625 0.0265625 0.0265625
0 0.2203125 0.30234375 0.03125 0.03125
0 0.31171875 0.48125 0.015625 0.015625
0 0.5734375 0.05546875 0.015625 0.015625
0 0.4890625 0.02265625 0.090625 0.0453125
0 0.77109375 0.28671875 0.453125 0.49375
0 0.97421875 0.78359375 0.0140625 0.0140625
0 0.71640625 0.93515625 0.0125 0.0125
0 0.8109375 0.9640625 0.0125 0.0125
0 0.48671875 0.89453125 0.01875 0.01875
0 0.28984375 0.840625 0.034375 0.034375
0 0.13671875 0.72265625 0.015625 0.015625
0 0.03359375 0.75078125 0.0109375 0.0109375
0 0.39765625 0.96875 0.0125 0.0125
0 0.459375 0.9453125 0.0109375 0.0109375
0 0.34765625 0.77265625 0.0171875 0.0171875
0 0.38828125 0.84453125 0.015625 0.015625
0 0.8953125 0.49296875 0.0125 0.0125
0 0.56953125 0.640625 0.0109375 0.0109375
0 0.24765625 0.303125 0.021875 0.021875
0 0.2390625 0.5765625 0.34375 0.2671875