0 0.78984375 0.79921875 0.0484375 0.0453125
0 0.66328125 0.59765625 0.0265625 0.0265625
0 0.90625 0.97734375 0.0265625 0.0265625
0 0.5953125 0.4078125 0.0265625 0.025
0 0.5375 0.9265625 0.025 0.025
0 0.35546875 0.765625 0.0265625 0.0265625
0 0.49296875 0.609375 0.059375 0.059375
0 0.35078125 0.5828125 0.0265625 0.0265625
0 0.2296875 0.725 0.04375 0.04375
0 0.0359375 0.703125 0.028125 0.04375
0 0.21484375 0.27421875 0.0671875 0.0671875
0 0.99375 0.0578125 0.0125 0.028125
0 0.47734375 0.84765625 0.096875 0.096875
0 0.5203125 0.51953125 0.01875 0.0265625
0 0.49765625 0.7875 0.021875 0.01875