0 0.20078125 0.21015625 0.0453125 0.0484375
0 0.40234375 0.33671875 0.0265625 0.0265625
0 0.02265625 0.09375 0.0265625 0.0265625
0 0.5921875 0.4046875 0.025 0.0265625
0 0.0734375 0.4625 0.025 0.025
0 0.234375 0.64453125 0.0265625 0.0265625
0 0.390625 0.50703125 0.059375 0.059375
0 0.4171875 0.64921875 0.0265625 0.0265625
0 0.275 0.7703125 0.04375 0.04375
0 0.296875 0.9640625 0.04375 0.028125
0 0.72578125 0.78515625 0.0671875 0.0671875
0 0.9421875 0.00625 0.028125 0.0125
0 0.15234375 0.52265625 0.096875 0.096875
0 0.48046875 0.4796875 0.0265625 0.01875
0 0.2125 0.50234375 0.01875 0.021875