0 0.26328125 0.91796875 0.0140625 0.0125
0 0.43125 0.8890625 0.01875 0.015625
0 0.37109375 0.3859375 0.075 0.0671875
0 0.146875 0.43203125 0.015625 0.0125
0 0.4484375 0.11875 0.0171875 0.015625
0 0.20703125 0.00390625 0.0140625 0.0078125
0 0.6453125 0.0375 0.015625 0.0125
0 0.71875 0.2 0.0109375 0.009375
0 0.859375 0.26640625 0.0125 0.0109375
0 0.5640625 0.2453125 0.0125 0.0109375
0 0.65 0.16015625 0.0125 0.0109375
0 0.64375 0.1375 0.0125 0.0109375
0 0.42265625 0.33125 0.0125 0.0109375
0 0.26953125 0.28828125 0.0125 0.0109375
0 0.7078125 0.6421875 0.0140625 0.0125
0 0.65390625 0.67109375 0.0140625 0.0125
0 0.9359375 0.603125 0.0125 0.009375
0 0.04453125 0.76484375 0.0125 0.0109375