0 0.04375 0.49765625 0.0125 0.0125
0 0.184375 0.44609375 0.01875 0.01875
0 0.371875 0.50703125 0.034375 0.0328125
0 0.496875 0.54140625 0.0171875 0.0171875
0 0.64375 0.24375 0.0203125 0.0203125
0 0.75546875 0.32890625 0.0140625 0.0140625
0 0.66484375 0.2828125 0.015625 0.0140625
0 0.403125 0.325 0.015625 0.015625
0 0.7078125 0.4484375 0.0296875 0.028125
0 0.89453125 0.45625 0.034375 0.034375
0 0.96953125 0.4890625 0.01875 0.01875
0 0.7140625 0.52265625 0.0125 0.0125
0 0.59453125 0.55 0.015625 0.015625
0 0.69765625 0.62890625 0.01875 0.01875
0 0.946875 0.93046875 0.040625 0.040625
0 0.64765625 0.87578125 0.03125 0.03125
0 0.7265625 0.89296875 0.0171875 0.0171875
0 0.2625 0.8765625 0.021875 0.021875
0 0.134375 0.865625 0.015625 0.015625
0 0.03828125 0.96640625 0.021875 0.021875
0 0.91796875 0.4296875 0.021875 0.021875
0 0.04453125 0.934375 0.0125 0.0125
0 0.9796875 0.971875 0.009375 0.009375
0 0.9859375 0.68515625 0.0125 0.0125
0 0.84609375 0.57890625 0.0140625 0.0140625
0 0.7359375 0.634375 0.0125 0.0125
0 0.3734375 0.634375 0.0140625 0.0140625
0 0.22734375 0.6546875 0.015625 0.015625
0 0.1671875 0.71953125 0.0109375 0.0109375
0 0.0796875 0.7234375 0.0109375 0.009375
0 0.1375 0.3578125 0.0125 0.0125
0 0.20234375 0.40390625 0.01875 0.01875
0 0.85703125 0.3765625 0.0125 0.0125
0 0.934375 0.3921875 0.0125 0.0125
0 0.41796875 0.0109375 0.0125 0.0125
0 0.36796875 0.02109375 0.0125 0.0125