0 0.0328125 0.53359375 0.05546875 0.053125
0 0.09375 0.40234375 0.03828125 0.0359375
0 0.24140625 0.60234375 0.0359375 0.03359375
0 0.03359375 0.81015625 0.0265625 0.03125
0 0.228125 0.865625 0.0484375 0.0453125
0 0.803125 0.29453125 0.02890625 0.0265625
0 0.6875 0.36796875 0.0484375 0.0453125
0 0.86328125 0.01328125 0.03125 0.0265625
0 0.87890625 0.1671875 0.0671875 0.0625
0 0.87109375 0.85078125 0.03125 0.02890625
0 0.93125 0.571875 0.0453125 0.040625
0 0.82421875 0.1140625 0.0578125 0.05546875
0 0.10546875 0.84375 0.03359375 0.03125