0 0.61875 0.12578125 0.02734375 0.0265625
0 0.54609375 0.003125 0.0140625 0.00625
0 0.25546875 0.34140625 0.10625 0.10078125
0 0.6671875 0.0046875 0.0125 0.009375
0 0.759375 0.32109375 0.09765625 0.0921875
0 0.659375 0.59296875 0.02421875 0.0234375
0 0.5609375 0.678125 0.01171875 0.01171875
0 0.646875 0.8390625 0.0171875 0.01640625
0 0.0265625 0.68125 0.015625 0.01484375
0 0.06953125 0.84765625 0.0203125 0.01953125
0 0.22734375 0.746875 0.0203125 0.01953125
0 0.221875 0.7640625 0.015625 0.01484375
0 0.071875 0.49765625 0.14375 0.1484375
0 0.8875 0.91328125 0.0109375 0.009375
0 0.7984375 0.4484375 0.0125 0.01171875
0 0.7515625 0.671875 0.0109375 0.009375
0 0.10859375 0.10234375 0.01171875 0.0109375
0 0.265625 0.11171875 0.01171875 0.0109375
0 0.17109375 0.28359375 0.01171875 0.0109375
0 0.35625 0.1546875 0.0109375 0.0109375