0 0.9671875 0.53359375 0.05625 0.053125
0 0.90625 0.40234375 0.0375 0.0359375
0 0.75859375 0.60234375 0.0359375 0.034375
0 0.96640625 0.81015625 0.0265625 0.03125
0 0.771875 0.865625 0.0484375 0.0453125
0 0.196875 0.29453125 0.028125 0.0265625
0 0.3125 0.36796875 0.0484375 0.0453125
0 0.13671875 0.01328125 0.03125 0.0265625
0 0.12109375 0.1671875 0.0671875 0.0625
0 0.12890625 0.85078125 0.03125 0.028125
0 0.06875 0.571875 0.0453125 0.040625
0 0.17578125 0.1140625 0.0578125 0.05625
0 0.89453125 0.84375 0.034375 0.03125