0 0.95625 0.49765625 0.01171875 0.01171875
0 0.815625 0.44609375 0.01875 0.01875
0 0.628125 0.50703125 0.034375 0.0328125
0 0.503125 0.54140625 0.0171875 0.0171875
0 0.35625 0.24375 0.0203125 0.0203125
0 0.24453125 0.32890625 0.0140625 0.0140625
0 0.33515625 0.2828125 0.01484375 0.0140625
0 0.596875 0.325 0.01484375 0.01484375
0 0.2921875 0.4484375 0.0296875 0.028125
0 0.10546875 0.45625 0.034375 0.034375
0 0.03046875 0.4890625 0.01875 0.01875
0 0.2859375 0.52265625 0.01171875 0.01171875
0 0.40546875 0.55 0.01484375 0.01484375
0 0.30234375 0.62890625 0.01875 0.01875
0 0.053125 0.93046875 0.040625 0.03984375
0 0.35234375 0.87578125 0.03125 0.03046875
0 0.2734375 0.89296875 0.0171875 0.0171875
0 0.7375 0.8765625 0.021875 0.021875
0 0.865625 0.865625 0.01484375 0.01484375
0 0.96171875 0.96640625 0.02265625 0.02265625
0 0.08203125 0.4296875 0.02265625 0.021875
0 0.95546875 0.934375 0.01171875 0.01171875
0 0.0203125 0.971875 0.009375 0.009375
0 0.0140625 0.68515625 0.01171875 0.01171875
0 0.15390625 0.57890625 0.0140625 0.0140625
0 0.2640625 0.634375 0.0125 0.01171875
0 0.6265625 0.634375 0.0140625 0.0140625
0 0.77265625 0.6546875 0.015625 0.01484375
0 0.8328125 0.71953125 0.0109375 0.0109375
0 0.9203125 0.7234375 0.0109375 0.009375
0 0.8625 0.3578125 0.01171875 0.01171875
0 0.79765625 0.40390625 0.01953125 0.01953125
0 0.14296875 0.3765625 0.0125 0.0125
0 0.065625 0.3921875 0.01171875 0.01171875
0 0.58203125 0.0109375 0.01171875 0.01171875
0 0.63203125 0.02109375 0.0125 0.01171875