0 0.9671875 0.46640625 0.05625 0.053125
0 0.90625 0.59765625 0.0375 0.0359375
0 0.75859375 0.39765625 0.0359375 0.034375
0 0.96640625 0.18984375 0.0265625 0.03125
0 0.771875 0.134375 0.0484375 0.0453125
0 0.196875 0.70546875 0.0296875 0.0265625
0 0.3125 0.63203125 0.0484375 0.0453125
0 0.13671875 0.98671875 0.03125 0.0265625
0 0.12109375 0.8328125 0.0671875 0.0625
0 0.12890625 0.14921875 0.03125 0.0296875
0 0.06875 0.428125 0.0453125 0.040625
0 0.17578125 0.8859375 0.0578125 0.05625
0 0.89453125 0.15625 0.034375 0.03125