0 0.875 0.61015625 0.0265625 0.028125
0 0.996875 0.53515625 0.00625 0.0140625
0 0.65859375 0.25546875 0.1 0.10625
0 0.99453125 0.6578125 0.009375 0.0125
0 0.6828125 0.74609375 0.0921875 0.096875
0 0.41015625 0.646875 0.0234375 0.025
0 0.321875 0.5484375 0.0125 0.0125
0 0.16015625 0.63671875 0.015625 0.0171875
0 0.31875 0.015625 0.015625 0.015625
0 0.15234375 0.06015625 0.01875 0.0203125
0 0.253125 0.21796875 0.01875 0.0203125
0 0.23828125 0.2140625 0.015625 0.015625
0 0.50234375 0.071875 0.1484375 0.14375
0 0.0734375 0.88828125 0.009375 0.0109375
0 0.55 0.7890625 0.0125 0.0125
0 0.31640625 0.7515625 0.009375 0.0109375
0 0.884375 0.109375 0.0109375 0.0125
0 0.87578125 0.2671875 0.0109375 0.0125
0 0.70546875 0.1734375 0.0109375 0.0125
0 0.8328125 0.3578125 0.0109375 0.0109375