0 0.38984375 0.875 0.028125 0.0265625
0 0.46484375 0.996875 0.0140625 0.00625
0 0.74453125 0.65859375 0.10625 0.1
0 0.3421875 0.99453125 0.0125 0.009375
0 0.25390625 0.6828125 0.096875 0.0921875
0 0.353125 0.41015625 0.025 0.0234375
0 0.4515625 0.321875 0.0125 0.0125
0 0.36328125 0.16015625 0.0171875 0.015625
0 0.984375 0.31875 0.015625 0.015625
0 0.93984375 0.15234375 0.0203125 0.01875
0 0.78203125 0.253125 0.0203125 0.01875
0 0.7859375 0.23828125 0.015625 0.015625
0 0.928125 0.50234375 0.14375 0.1484375
0 0.11171875 0.0734375 0.0109375 0.009375
0 0.2109375 0.55 0.0125 0.0125
0 0.2484375 0.31640625 0.0109375 0.009375
0 0.890625 0.884375 0.0125 0.0109375
0 0.7328125 0.87578125 0.0125 0.0109375
0 0.8265625 0.70546875 0.0125 0.0109375
0 0.6421875 0.8328125 0.0109375 0.0109375