0 0.24765625 0.12421875 0.0234375 0.0265625
0 0.37578125 0.3703125 0.025 0.028125
0 0.1734375 0.3640625 0.0140625 0.015625
0 0.62265625 0.43984375 0.021875 0.025
0 0.41796875 0.4234375 0.0140625 0.015625
0 0.71015625 0.74609375 0.05 0.05625
0 0.46875 0.94140625 0.0453125 0.05
0 0.9171875 0.9609375 0.0125 0.0140625
0 0.99375 0.2578125 0.0125 0.015625
0 0.7515625 0.78515625 0.0125 0.0125
0 0.69140625 0.7 0.0109375 0.0125
0 0.759375 0.0546875 0.0109375 0.0125
0 0.45625 0.37890625 0.0109375 0.0125
0 0.6515625 0.55625 0.0109375 0.0125
0 0.009375 0.421875 0.0140625 0.015625