0 0.11328125 0.246875 0.0265625 0.0234375
0 0.35859375 0.37578125 0.028125 0.02421875
0 0.35078125 0.175 0.015625 0.0140625
0 0.4296875 0.6265625 0.02421875 0.02265625
0 0.4125 0.41875 0.01484375 0.0140625
0 0.73984375 0.7109375 0.05546875 0.05
0 0.94140625 0.46875 0.05078125 0.0453125
0 0.9609375 0.9171875 0.0140625 0.01171875
0 0.2578125 0.99375 0.015625 0.01171875
0 0.77734375 0.75390625 0.0125 0.01171875
0 0.7046875 0.70625 0.01171875 0.0109375
0 0.0546875 0.759375 0.0125 0.0109375
0 0.371875 0.45625 0.01171875 0.0109375
0 0.54765625 0.6546875 0.01171875 0.0109375
0 0.4125 0.009375 0.01484375 0.0140625