0 0.753125 0.88671875 0.0234375 0.0265625
0 0.62421875 0.64140625 0.025 0.028125
0 0.825 0.64921875 0.0140625 0.015625
0 0.3734375 0.5703125 0.021875 0.025
0 0.58125 0.5875 0.0140625 0.015625
0 0.2890625 0.26015625 0.05 0.05625
0 0.53125 0.05859375 0.0453125 0.05
0 0.0828125 0.0390625 0.0125 0.0140625
0 0.00625 0.7421875 0.0125 0.015625
0 0.24609375 0.22265625 0.0125 0.0125
0 0.29375 0.2953125 0.0109375 0.0125
0 0.240625 0.9453125 0.0109375 0.0125
0 0.54375 0.628125 0.0109375 0.0125
0 0.3453125 0.45234375 0.0109375 0.0125
0 0.990625 0.5875 0.0140625 0.015625