0 0.11328125 0.753125 0.0265625 0.0234375
0 0.35859375 0.62421875 0.028125 0.025
0 0.35078125 0.825 0.015625 0.0140625
0 0.4296875 0.3734375 0.025 0.021875
0 0.4125 0.58125 0.015625 0.0140625
0 0.73984375 0.2890625 0.05625 0.05
0 0.94140625 0.53125 0.05 0.0453125
0 0.9609375 0.0828125 0.0140625 0.0125
0 0.2578125 0.00625 0.015625 0.0125
0 0.77734375 0.24609375 0.0125 0.0125
0 0.7046875 0.29375 0.0125 0.0109375
0 0.0546875 0.240625 0.0125 0.0109375
0 0.371875 0.54375 0.0125 0.0109375
0 0.54765625 0.3453125 0.0125 0.0109375
0 0.4125 0.990625 0.015625 0.0140625