0 0.24765625 0.87578125 0.0234375 0.0265625
0 0.37578125 0.6296875 0.025 0.028125
0 0.1734375 0.6359375 0.0140625 0.015625
0 0.62265625 0.56015625 0.021875 0.025
0 0.41796875 0.5765625 0.0140625 0.015625
0 0.71015625 0.25390625 0.05 0.05625
0 0.46875 0.05859375 0.0453125 0.05
0 0.9171875 0.0390625 0.0125 0.0140625
0 0.99375 0.7421875 0.0125 0.015625
0 0.7515625 0.21484375 0.0125 0.0125
0 0.69140625 0.3 0.0109375 0.0125
0 0.759375 0.9453125 0.0109375 0.0125
0 0.45625 0.62109375 0.0109375 0.0125
0 0.6515625 0.44375 0.0109375 0.0125
0 0.009375 0.578125 0.0140625 0.015625