0 0.96640625 0.5609375 0.0203125 0.0203125
0 0.94140625 0.49921875 0.015625 0.015625
0 0.86328125 0.3171875 0.01640625 0.01640625
0 0.765625 0.39609375 0.01484375 0.01484375
0 0.89296875 0.0046875 0.0125 0.009375
0 0.5765625 0.17109375 0.01953125 0.01953125
0 0.24609375 0.284375 0.015625 0.01640625
0 0.021875 0.121875 0.01875 0.01875
0 0.1140625 0.553125 0.07421875 0.0734375
0 0.33671875 0.8578125 0.03828125 0.0375
0 0.7359375 0.753125 0.01484375 0.01484375
0 0.178125 0.72421875 0.0171875 0.0171875
0 0.2140625 0.715625 0.0125 0.0125
0 0.1734375 0.8015625 0.1234375 0.12109375
0 0.28046875 0.73515625 0.5609375 0.5296875
0 0.8734375 0.6546875 0.04375 0.04296875
0 0.9046875 0.9484375 0.0125 0.0125
0 0.76796875 0.8390625 0.41484375 0.32109375
0 0.67734375 0.93828125 0.0125 0.0125
0 0.4359375 0.834375 0.0125 0.0125
0 0.5953125 0.7 0.0125 0.01171875
0 0.7265625 0.49375 0.0109375 0.0109375
0 0.8265625 0.5078125 0.009375 0.009375
0 0.8171875 0.59765625 0.0125 0.0125
0 0.64140625 0.578125 0.0140625 0.0140625
0 0.9828125 0.76796875 0.0109375 0.0109375
0 0.57734375 0.234375 0.0109375 0.0109375
0 0.4625 0.3 0.009375 0.009375
0 0.29765625 0.31171875 0.0125 0.01171875
0 0.21953125 0.55078125 0.0140625 0.0125
0 0.2765625 0.06953125 0.0140625 0.0140625
0 0.41640625 0.14453125 0.0109375 0.0109375
0 0.53125 0.17578125 0.0109375 0.0109375
0 0.490625 0.0859375 0.0109375 0.0109375
0 0.51328125 0.05078125 0.0109375 0.009375
0 0.65234375 0.034375 0.01171875 0.0109375
0 0.64453125 0.0203125 0.01171875 0.0109375
0 0.8328125 0.015625 0.015625 0.015625
0 0.8921875 0.13203125 0.0109375 0.0109375
0 0.87578125 0.225 0.009375 0.009375