0 0.03359375 0.5609375 0.0203125 0.0203125
0 0.05859375 0.49921875 0.015625 0.015625
0 0.13671875 0.3171875 0.015625 0.015625
0 0.234375 0.39609375 0.015625 0.015625
0 0.10703125 0.0046875 0.0125 0.009375
0 0.4234375 0.17109375 0.01875 0.01875
0 0.75390625 0.284375 0.015625 0.015625
0 0.978125 0.121875 0.01875 0.01875
0 0.8859375 0.553125 0.075 0.0734375
0 0.66328125 0.8578125 0.0375 0.0375
0 0.2640625 0.753125 0.015625 0.015625
0 0.821875 0.72421875 0.0171875 0.0171875
0 0.7859375 0.715625 0.0125 0.0125
0 0.8265625 0.8015625 0.1234375 0.121875
0 0.71953125 0.73515625 0.5609375 0.5296875
0 0.1265625 0.6546875 0.04375 0.04375
0 0.0953125 0.9484375 0.0125 0.0125
0 0.23203125 0.8390625 0.415625 0.321875
0 0.32265625 0.93828125 0.0125 0.0125
0 0.5640625 0.834375 0.0125 0.0125
0 0.4046875 0.7 0.0125 0.0125
0 0.2734375 0.49375 0.0109375 0.0109375
0 0.1734375 0.5078125 0.009375 0.009375
0 0.1828125 0.59765625 0.0125 0.0125
0 0.35859375 0.578125 0.0140625 0.0140625
0 0.0171875 0.76796875 0.0109375 0.0109375
0 0.42265625 0.234375 0.0109375 0.0109375
0 0.5375 0.3 0.009375 0.009375
0 0.70234375 0.31171875 0.0125 0.0125
0 0.78046875 0.55078125 0.0140625 0.0125
0 0.7234375 0.06953125 0.0140625 0.0140625
0 0.58359375 0.14453125 0.0109375 0.0109375
0 0.46875 0.17578125 0.0109375 0.0109375
0 0.509375 0.0859375 0.0109375 0.0109375
0 0.48671875 0.05078125 0.0109375 0.009375
0 0.34765625 0.034375 0.0125 0.0109375
0 0.35546875 0.0203125 0.0125 0.0109375
0 0.1671875 0.015625 0.015625 0.015625
0 0.1078125 0.13203125 0.0109375 0.0109375
0 0.12421875 0.225 0.009375 0.009375