0 0.4390625 0.96640625 0.0203125 0.0203125
0 0.50078125 0.94140625 0.015625 0.015625
0 0.6828125 0.86328125 0.015625 0.0171875
0 0.60390625 0.765625 0.015625 0.015625
0 0.9953125 0.89296875 0.009375 0.0125
0 0.82890625 0.5765625 0.01875 0.01875
0 0.715625 0.24609375 0.015625 0.015625
0 0.878125 0.021875 0.01875 0.01875
0 0.446875 0.1140625 0.0734375 0.075
0 0.1421875 0.33671875 0.0375 0.0375
0 0.246875 0.7359375 0.015625 0.015625
0 0.27578125 0.178125 0.0171875 0.0171875
0 0.284375 0.2140625 0.0125 0.0125
0 0.1984375 0.1734375 0.121875 0.1234375
0 0.26484375 0.28046875 0.5296875 0.5609375
0 0.3453125 0.8734375 0.04375 0.04375
0 0.0515625 0.9046875 0.0125 0.0125
0 0.1609375 0.76796875 0.321875 0.415625
0 0.06171875 0.67734375 0.0125 0.0125
0 0.165625 0.4359375 0.0125 0.0125
0 0.3 0.5953125 0.0125 0.0125
0 0.50625 0.7265625 0.0109375 0.0109375
0 0.4921875 0.8265625 0.009375 0.009375
0 0.40234375 0.8171875 0.0125 0.0125
0 0.421875 0.64140625 0.0140625 0.0140625
0 0.23203125 0.9828125 0.0109375 0.0109375
0 0.765625 0.57734375 0.0109375 0.0109375
0 0.7 0.4625 0.009375 0.009375
0 0.68828125 0.29765625 0.0125 0.0125
0 0.44921875 0.21953125 0.0125 0.0140625
0 0.93046875 0.2765625 0.0140625 0.0140625
0 0.85546875 0.41640625 0.0109375 0.0109375
0 0.82421875 0.53125 0.0109375 0.0109375
0 0.9140625 0.490625 0.0109375 0.0109375
0 0.94921875 0.51328125 0.009375 0.0109375
0 0.965625 0.65234375 0.0109375 0.0125
0 0.9796875 0.64453125 0.0109375 0.0125
0 0.984375 0.8328125 0.015625 0.015625
0 0.86796875 0.8921875 0.0109375 0.0109375
0 0.775 0.87578125 0.009375 0.009375