0 0.53671875 0.45859375 0.0171875 0.015625
0 0.20234375 0.45234375 0.0140625 0.0125
0 0.16171875 0.49765625 0.015625 0.01484375
0 0.0203125 0.12890625 0.0140625 0.01171875
0 0.1390625 0.10546875 0.0140625 0.0125
0 0.01015625 0.62578125 0.01640625 0.01484375
0 0.14921875 0.60390625 0.04375 0.03984375
0 0.00703125 0.98046875 0.01328125 0.0296875
0 0.5875 0.746875 0.01484375 0.0140625
0 0.83515625 0.946875 0.01953125 0.0171875
0 0.965625 0.97109375 0.01484375 0.0140625
0 0.021875 0.9296875 0.0109375 0.009375
0 0.890625 0.60859375 0.01171875 0.0109375
0 0.84765625 0.5796875 0.01171875 0.0109375
0 0.9859375 0.17265625 0.0125 0.01171875