0 0.02265625 0.434375 0.0203125 0.0203125
0 0.0453125 0.49375 0.015625 0.015625
0 0.12734375 0.678125 0.015625 0.015625
0 0.228125 0.6 0.015625 0.015625
0 0.0953125 0.9953125 0.0125 0.009375
0 0.415625 0.8265625 0.01875 0.01875
0 0.75078125 0.71171875 0.0140625 0.0125
0 0.978125 0.875 0.01875 0.01875
0 0.8859375 0.446875 0.075 0.0734375
0 0.66328125 0.1421875 0.0390625 0.0375
0 0.25546875 0.24375 0.015625 0.015625
0 0.81328125 0.271875 0.0171875 0.0171875
0 0.778125 0.278125 0.0125 0.0125
0 0.8265625 0.1984375 0.1234375 0.121875
0 0.71953125 0.26484375 0.5609375 0.5296875
0 0.1265625 0.3453125 0.04375 0.04375
0 0.0875 0.0484375 0.0125 0.0125
0 0.2296875 0.1609375 0.415625 0.321875
0 0.315625 0.0625 0.0125 0.0125
0 0.5640625 0.165625 0.0125 0.0125
0 0.3953125 0.3 0.0125 0.0125
0 0.275 0.51875 0.0109375 0.0109375
0 0.17578125 0.503125 0.009375 0.009375
0 0.1734375 0.403125 0.0125 0.0125
0 0.3515625 0.421875 0.0140625 0.0140625
0 0.0203125 0.24140625 0.0109375 0.0109375
0 0.4265625 0.775 0.0109375 0.0109375
0 0.53984375 0.70625 0.009375 0.009375
0 0.6921875 0.68828125 0.0125 0.0125
0 0.771875 0.4484375 0.0140625 0.0125
0 0.7140625 0.93046875 0.0140625 0.0140625
0 0.58515625 0.86796875 0.0109375 0.0109375
0 0.46953125 0.8359375 0.0109375 0.0109375
0 0.51171875 0.92578125 0.0109375 0.0109375
0 0.48671875 0.9609375 0.0109375 0.009375
0 0.35078125 0.978125 0.0125 0.0109375
0 0.35859375 0.990625 0.0125 0.0109375
0 0.1578125 0.9828125 0.015625 0.015625
0 0.1109375 0.87890625 0.0109375 0.0109375
0 0.12578125 0.7859375 0.009375 0.009375