0 0.565625 0.02265625 0.0203125 0.0203125
0 0.50625 0.0453125 0.015625 0.015625
0 0.321875 0.12734375 0.015625 0.015625
0 0.4 0.228125 0.015625 0.015625
0 0.0046875 0.0953125 0.009375 0.0125
0 0.1734375 0.415625 0.01875 0.01875
0 0.28828125 0.75078125 0.0125 0.0140625
0 0.125 0.978125 0.01875 0.01875
0 0.553125 0.8859375 0.0734375 0.075
0 0.8578125 0.66328125 0.0375 0.0390625
0 0.75625 0.25546875 0.015625 0.015625
0 0.728125 0.81328125 0.0171875 0.0171875
0 0.721875 0.778125 0.0125 0.0125
0 0.8015625 0.8265625 0.121875 0.1234375
0 0.73515625 0.71953125 0.5296875 0.5609375
0 0.6546875 0.1265625 0.04375 0.04375
0 0.9515625 0.0875 0.0125 0.0125
0 0.8390625 0.2296875 0.321875 0.415625
0 0.9375 0.315625 0.0125 0.0125
0 0.834375 0.5640625 0.0125 0.0125
0 0.7 0.3953125 0.0125 0.0125
0 0.48125 0.275 0.0109375 0.0109375
0 0.496875 0.17578125 0.009375 0.009375
0 0.596875 0.1734375 0.0125 0.0125
0 0.578125 0.3515625 0.0140625 0.0140625
0 0.75859375 0.0203125 0.0109375 0.0109375
0 0.225 0.4265625 0.0109375 0.0109375
0 0.29375 0.53984375 0.009375 0.009375
0 0.31171875 0.6921875 0.0125 0.0125
0 0.5515625 0.771875 0.0125 0.0140625
0 0.06953125 0.7140625 0.0140625 0.0140625
0 0.13203125 0.58515625 0.0109375 0.0109375
0 0.1640625 0.46953125 0.0109375 0.0109375
0 0.07421875 0.51171875 0.0109375 0.0109375
0 0.0390625 0.48671875 0.009375 0.0109375
0 0.021875 0.35078125 0.0109375 0.0125
0 0.009375 0.35859375 0.0109375 0.0125
0 0.0171875 0.1578125 0.015625 0.015625
0 0.12109375 0.1109375 0.0109375 0.0109375
0 0.2140625 0.12578125 0.009375 0.009375