0 0.29296875 0.13359375 0.15859375 0.15625
0 0.52421875 0.16484375 0.0265625 0.0265625
0 0.7984375 0.28359375 0.0796875 0.0765625
0 0.828125 0.37734375 0.103125 0.10078125
0 0.89921875 0.1109375 0.03828125 0.03828125
0 0.7671875 0.1875 0.37734375 0.3703125
0 0.109375 0.4375 0.05078125 0.05078125
0 0.9640625 0.59375 0.02890625 0.02890625
0 0.740625 0.51328125 0.02421875 0.02421875
0 0.4703125 0.57421875 0.03125 0.03125
0 0.2203125 0.91953125 0.13671875 0.134375
0 0.01796875 0.7765625 0.0359375 0.03828125