0 0.83125 0.6171875 0.0125 0.0125
0 0.85546875 0.55859375 0.0125 0.009375
0 0.303125 0.62109375 0.0140625 0.0125
0 0.3265625 0.58046875 0.0140625 0.0125
0 0.56796875 0.4359375 0.109375 0.1
0 0.4265625 0.29453125 0.03125 0.028125
0 0.3921875 0.3546875 0.025 0.021875
0 0.3890625 0.11015625 0.015625 0.0125
0 0.7734375 0.0578125 0.0109375 0.009375
0 0.7765625 0.53125 0.0109375 0.009375
0 0.7703125 0.3359375 0.0109375 0.009375
0 0.028125 0.68203125 0.0140625 0.0125
0 0.4796875 0.78671875 0.0125 0.0109375
0 0.70078125 0.790625 0.0109375 0.009375
0 0.80546875 0.76640625 0.0109375 0.009375