0 0.84453125 0.390625 0.0125 0.01171875
0 0.85546875 0.43828125 0.01171875 0.009375
0 0.31171875 0.38515625 0.0140625 0.0125
0 0.33671875 0.4265625 0.0140625 0.0125
0 0.57890625 0.56328125 0.11015625 0.1
0 0.43828125 0.70234375 0.03125 0.028125
0 0.4015625 0.65078125 0.025 0.02265625
0 0.4015625 0.8921875 0.01484375 0.0125
0 0.7703125 0.9265625 0.0109375 0.009375
0 0.77421875 0.45625 0.0109375 0.009375
0 0.7671875 0.64921875 0.0109375 0.009375
0 0.03671875 0.31796875 0.0140625 0.0125
0 0.48671875 0.21015625 0.01171875 0.0109375
0 0.7 0.196875 0.0109375 0.009375
0 0.80390625 0.21875 0.0109375 0.009375