0 0.83125 0.3828125 0.0125 0.01171875
0 0.85546875 0.44140625 0.01171875 0.009375
0 0.303125 0.37890625 0.0140625 0.0125
0 0.3265625 0.41953125 0.0140625 0.0125
0 0.56796875 0.5640625 0.11015625 0.1
0 0.4265625 0.70546875 0.03125 0.028125
0 0.3921875 0.6453125 0.025 0.02265625
0 0.3890625 0.88984375 0.01484375 0.0125
0 0.7734375 0.9421875 0.0109375 0.009375
0 0.7765625 0.46875 0.0109375 0.009375
0 0.7703125 0.6640625 0.0109375 0.009375
0 0.028125 0.31796875 0.0140625 0.0125
0 0.4796875 0.21328125 0.01171875 0.0109375
0 0.70078125 0.209375 0.0109375 0.009375
0 0.80546875 0.23359375 0.0109375 0.009375