0 0.9078125 0.9265625 0.015625 0.0171875
0 0.946875 0.8359375 0.015625 0.015625
0 0.38203125 0.74921875 0.015625 0.0171875
0 0.296875 0.7390625 0.0125 0.0140625
0 0.9421875 0.75234375 0.0125 0.0140625
0 0.2609375 0.57890625 0.0171875 0.01875
0 0.46015625 0.48125 0.0171875 0.01875
0 0.62890625 0.325 0.015625 0.015625
0 0.4859375 0.3078125 0.0125 0.015625
0 0.46328125 0.30703125 0.0125 0.015625
0 0.12421875 0.07421875 0.14375 0.1484375
0 0.8421875 0.52890625 0.0125 0.0140625
0 0.91875 0.7296875 0.0109375 0.0125
0 0.9671875 0.7328125 0.0109375 0.0125