0 0.9078125 0.934375 0.015625 0.0171875
0 0.94609375 0.846875 0.015625 0.015625
0 0.38515625 0.76171875 0.015625 0.0171875
0 0.29921875 0.75234375 0.0125 0.0125
0 0.94296875 0.75859375 0.0125 0.0140625
0 0.26875 0.590625 0.0171875 0.01875
0 0.46640625 0.49296875 0.0171875 0.01875
0 0.62578125 0.3359375 0.015625 0.015625
0 0.4828125 0.31796875 0.0125 0.015625
0 0.46015625 0.31875 0.0125 0.015625
0 0.12421875 0.07421875 0.14375 0.1484375
0 0.846875 0.53984375 0.0125 0.0140625
0 0.91796875 0.7390625 0.0109375 0.0125
0 0.96484375 0.7421875 0.0109375 0.0125