0 0.0921875 0.934375 0.015625 0.0171875
0 0.05390625 0.846875 0.015625 0.015625
0 0.61484375 0.76171875 0.015625 0.0171875
0 0.70078125 0.75234375 0.0125 0.0125
0 0.05703125 0.75859375 0.0125 0.0140625
0 0.73125 0.590625 0.0171875 0.01875
0 0.53359375 0.49296875 0.0171875 0.01875
0 0.37421875 0.3359375 0.015625 0.015625
0 0.5171875 0.31796875 0.0125 0.015625
0 0.53984375 0.31875 0.0125 0.015625
0 0.87578125 0.07421875 0.14375 0.1484375
0 0.153125 0.53984375 0.0125 0.0140625
0 0.08203125 0.7390625 0.0109375 0.0125
0 0.03515625 0.7421875 0.0109375 0.0125