0 0.065625 0.0921875 0.0171875 0.015625
0 0.153125 0.05390625 0.01640625 0.01484375
0 0.23828125 0.61484375 0.0171875 0.015625
0 0.24765625 0.70078125 0.01328125 0.01171875
0 0.24140625 0.05703125 0.0140625 0.01171875
0 0.409375 0.73125 0.01953125 0.0171875
0 0.50703125 0.53359375 0.01953125 0.0171875
0 0.6640625 0.37421875 0.01640625 0.01484375
0 0.68203125 0.5171875 0.01484375 0.0125
0 0.68125 0.53984375 0.01484375 0.0125
0 0.92578125 0.87578125 0.1484375 0.14453125
0 0.46015625 0.153125 0.0140625 0.0125
0 0.2609375 0.08203125 0.01171875 0.0109375
0 0.2578125 0.03515625 0.01171875 0.0109375