0 0.115625 0.78046875 0.0203125 0.01875
0 0.18125 0.95703125 0.01875 0.0171875
0 0.67734375 0.9203125 0.021875 0.021875
0 0.61953125 0.9703125 0.015625 0.0140625
0 0.78671875 0.8765625 0.01875 0.01875
0 0.88515625 0.93671875 0.0140625 0.0140625
0 0.86640625 0.0984375 0.01875 0.0203125
0 0.8359375 0.30546875 0.0125 0.0125
0 0.91484375 0.34296875 0.0171875 0.015625
0 0.85703125 0.3203125 0.01875 0.01875
0 0.4921875 0.38359375 0.0296875 0.0296875
0 0.5734375 0.56015625 0.015625 0.015625
0 0.4484375 0.61875 0.0140625 0.0125
0 0.52890625 0.5828125 0.0515625 0.05
0 0.23984375 0.265625 0.034375 0.0328125
0 0.11015625 0.37890625 0.0328125 0.03125
0 0.0484375 0.228125 0.021875 0.021875
0 0.1828125 0.14140625 0.0375 0.0359375
0 0.46953125 0.25078125 0.0734375 0.071875
0 0.3 0.3171875 0.028125 0.028125
0 0.11875 0.1828125 0.034375 0.034375
0 0.128125 0.665625 0.2171875 0.2109375
0 0.30546875 0.1046875 0.015625 0.015625
0 0.3484375 0.14140625 0.0125 0.0125
0 0.278125 0.0984375 0.040625 0.040625
0 0.2203125 0.2015625 0.01875 0.01875
0 0.1578125 0.20234375 0.0328125 0.03125
0 0.27890625 0.30625 0.034375 0.0328125
0 0.7140625 0.74296875 0.0328125 0.03125
0 0.340625 0.01875 0.0125 0.0125
0 0.2609375 0.0609375 0.009375 0.009375
0 0.20625 0.0140625 0.015625 0.015625
0 0.13359375 0.2875 0.0125 0.0125
0 0.2796875 0.31875 0.0125 0.0125
0 0.4078125 0.4265625 0.0125 0.0125
0 0.425 0.346875 0.0125 0.0125
0 0.45 0.19453125 0.0125 0.0125
0 0.48984375 0.45390625 0.0140625 0.0140625
0 0.86484375 0.16640625 0.0109375 0.0109375
0 0.78046875 0.31015625 0.009375 0.009375
0 0.85859375 0.36484375 0.0109375 0.009375
0 0.975 0.42421875 0.0125 0.0125
0 0.9015625 0.72578125 0.0125 0.0109375
0 0.85625 0.6296875 0.0125 0.0125
0 0.71640625 0.6765625 0.0109375 0.0109375
0 0.7 0.66171875 0.0125 0.0125
0 0.6453125 0.6421875 0.0109375 0.0109375
0 0.61171875 0.7765625 0.0125 0.0125
0 0.2625 0.72265625 0.009375 0.009375
0 0.26875 0.4921875 0.0140625 0.0125
0 0.1265625 0.6421875 0.0109375 0.0109375
0 0.66484375 0.90234375 0.0125 0.0109375
0 0.584375 0.984375 0.0109375 0.0109375