0 0.04296875 0.45234375 0.025 0.02265625
0 0.1171875 0.1078125 0.028125 0.025
0 0.4984375 0.15703125 0.01484375 0.0125
0 0.615625 0.37734375 0.01640625 0.01484375
0 0.68984375 0.21875 0.01640625 0.01484375
0 0.95625 0.11640625 0.02421875 0.02109375
0 0.55078125 0.48671875 0.36640625 0.325
0 0.80703125 0.88515625 0.034375 0.03046875
0 0.72578125 0.9640625 0.0234375 0.0203125
0 0.62265625 0.92109375 0.05859375 0.0515625
0 0.1546875 0.82265625 0.01640625 0.01484375
0 0.140625 0.790625 0.01640625 0.01484375
0 0.32109375 0.98046875 0.01171875 0.0109375
0 0.2671875 0.971875 0.01171875 0.009375
0 0.5546875 0.87421875 0.0125 0.01171875
0 0.50703125 0.86796875 0.01171875 0.0109375
0 0.42578125 0.8171875 0.0125 0.0109375
0 0.4453125 0.73984375 0.01171875 0.0109375
0 0.03359375 0.6890625 0.01171875 0.0109375
0 0.084375 0.73828125 0.01171875 0.0109375
0 0.14921875 0.79453125 0.0109375 0.009375
0 0.15546875 0.7984375 0.0109375 0.009375
0 0.184375 0.83515625 0.01171875 0.0109375
0 0.18203125 0.846875 0.01875 0.01640625
0 0.19921875 0.84296875 0.01171875 0.0109375
0 0.1578125 0.8921875 0.01171875 0.0109375
0 0.159375 0.88203125 0.01171875 0.009375
0 0.3171875 0.959375 0.0109375 0.009375
0 0.2796875 0.93359375 0.0125 0.0109375
0 0.24453125 0.9078125 0.0125 0.01171875
0 0.18828125 0.896875 0.01171875 0.009375
0 0.2015625 0.89375 0.0109375 0.009375
0 0.203125 0.9078125 0.0109375 0.009375
0 0.2578125 0.94609375 0.01484375 0.0140625
0 0.10390625 0.47890625 0.01171875 0.0109375
0 0.2015625 0.4421875 0.0125 0.0109375
0 0.1921875 0.3703125 0.01171875 0.009375
0 0.51484375 0.17421875 0.01171875 0.0109375