0 0.115625 0.21953125 0.0203125 0.01875
0 0.18125 0.04296875 0.01875 0.0171875
0 0.67734375 0.0796875 0.021875 0.021875
0 0.61953125 0.0296875 0.015625 0.0140625
0 0.78671875 0.1234375 0.01875 0.01875
0 0.88515625 0.06328125 0.0140625 0.0140625
0 0.86640625 0.9015625 0.01875 0.01875
0 0.8359375 0.69453125 0.0125 0.0125
0 0.91484375 0.65703125 0.0171875 0.015625
0 0.85703125 0.6796875 0.01875 0.01875
0 0.4921875 0.61640625 0.0296875 0.0296875
0 0.5734375 0.43984375 0.015625 0.015625
0 0.4484375 0.38125 0.0140625 0.0125
0 0.52890625 0.4171875 0.0515625 0.05
0 0.23984375 0.734375 0.034375 0.0328125
0 0.11015625 0.62109375 0.0328125 0.03125
0 0.0484375 0.771875 0.021875 0.021875
0 0.1828125 0.85859375 0.0375 0.0359375
0 0.46953125 0.74921875 0.0734375 0.071875
0 0.3 0.6828125 0.028125 0.028125
0 0.11875 0.8171875 0.034375 0.034375
0 0.128125 0.334375 0.2171875 0.2109375
0 0.30546875 0.8953125 0.015625 0.015625
0 0.3484375 0.85859375 0.0125 0.0125
0 0.278125 0.9015625 0.040625 0.040625
0 0.2203125 0.7984375 0.01875 0.01875
0 0.1578125 0.79765625 0.0328125 0.03125
0 0.27890625 0.69375 0.034375 0.0328125
0 0.7140625 0.25703125 0.0328125 0.03125
0 0.340625 0.98125 0.0125 0.0125
0 0.2609375 0.9390625 0.009375 0.009375
0 0.20625 0.9859375 0.0140625 0.015625
0 0.13359375 0.7125 0.0125 0.0125
0 0.2796875 0.68125 0.0125 0.0125
0 0.4078125 0.5734375 0.0125 0.0125
0 0.425 0.653125 0.0125 0.0125
0 0.45 0.80546875 0.0125 0.0125
0 0.48984375 0.54609375 0.0140625 0.0140625
0 0.86484375 0.83359375 0.0109375 0.0109375
0 0.78046875 0.68984375 0.009375 0.009375
0 0.85859375 0.63515625 0.0109375 0.009375
0 0.975 0.57578125 0.0125 0.0125
0 0.9015625 0.27421875 0.0125 0.0109375
0 0.85625 0.3703125 0.0125 0.0125
0 0.71640625 0.3234375 0.0109375 0.0109375
0 0.7 0.33828125 0.0125 0.0125
0 0.6453125 0.3578125 0.0109375 0.0109375
0 0.61171875 0.2234375 0.0125 0.0125
0 0.2625 0.27734375 0.009375 0.009375
0 0.26875 0.5078125 0.0140625 0.0125
0 0.1265625 0.3578125 0.0109375 0.0109375
0 0.66484375 0.09765625 0.0125 0.0109375
0 0.584375 0.015625 0.0109375 0.0109375