0 0.95703125 0.54765625 0.025 0.021875
0 0.8828125 0.8921875 0.028125 0.025
0 0.5015625 0.84296875 0.015625 0.0125
0 0.384375 0.62265625 0.015625 0.015625
0 0.31015625 0.78125 0.015625 0.015625
0 0.04375 0.88359375 0.025 0.021875
0 0.44921875 0.51328125 0.365625 0.325
0 0.19296875 0.11484375 0.034375 0.03125
0 0.27421875 0.0359375 0.0234375 0.0203125
0 0.37734375 0.07890625 0.059375 0.0515625
0 0.8453125 0.17734375 0.015625 0.015625
0 0.859375 0.209375 0.015625 0.015625
0 0.67890625 0.01953125 0.0125 0.0109375
0 0.7328125 0.028125 0.0125 0.009375
0 0.4453125 0.12578125 0.0125 0.0125
0 0.49296875 0.13203125 0.0125 0.0109375
0 0.57421875 0.1828125 0.0125 0.0109375
0 0.5546875 0.26015625 0.0125 0.0109375
0 0.96640625 0.3109375 0.0125 0.0109375
0 0.915625 0.26171875 0.0125 0.0109375
0 0.85078125 0.20546875 0.0109375 0.009375
0 0.84453125 0.2015625 0.0109375 0.009375
0 0.815625 0.16484375 0.0125 0.0109375
0 0.81796875 0.153125 0.01875 0.015625
0 0.80078125 0.15703125 0.0125 0.0109375
0 0.8421875 0.1078125 0.0125 0.0109375
0 0.840625 0.11796875 0.0125 0.009375
0 0.6828125 0.040625 0.0109375 0.009375
0 0.7203125 0.06640625 0.0125 0.0109375
0 0.75546875 0.0921875 0.0125 0.0125
0 0.81171875 0.103125 0.0125 0.009375
0 0.7984375 0.10625 0.0109375 0.009375
0 0.796875 0.0921875 0.0109375 0.009375
0 0.7421875 0.05390625 0.015625 0.0140625
0 0.89609375 0.52109375 0.0125 0.0109375
0 0.7984375 0.5578125 0.0125 0.0109375
0 0.8078125 0.6296875 0.0125 0.009375
0 0.48515625 0.82578125 0.0125 0.0109375