0 0.30234375 0.190625 0.01484375 0.0140625
0 0.4578125 0.246875 0.05546875 0.053125
0 0.76015625 0.33046875 0.0359375 0.034375
0 0.84765625 0.67578125 0.0234375 0.02265625
0 0.934375 0.8203125 0.04609375 0.04296875
0 0.65625 0.9625 0.059375 0.05625
0 0.67578125 0.95 0.0375 0.03515625
0 0.3859375 0.95078125 0.028125 0.0265625
0 0.5875 0.91015625 0.01171875 0.0109375
0 0.60625 0.6453125 0.0109375 0.0109375
0 0.5703125 0.59296875 0.0109375 0.0109375
0 0.534375 0.68515625 0.0109375 0.009375
0 0.27421875 0.58828125 0.0125 0.01171875
0 0.1140625 0.5484375 0.0109375 0.009375
0 0.24375 0.103125 0.0109375 0.009375
0 0.1734375 0.0734375 0.0109375 0.009375
0 0.36640625 0.36640625 0.0109375 0.0109375