0 0.9390625 0.2296875 0.0171875 0.015625
0 0.7484375 0.209375 0.028125 0.025
0 0.78984375 0.4328125 0.01484375 0.0140625
0 0.784375 0.2171875 0.2625 0.23515625
0 0.09921875 0.40703125 0.01484375 0.0140625
0 0.12578125 0.925 0.015625 0.01484375
0 0.0859375 0.6421875 0.0171875 0.015625
0 0.1703125 0.99453125 0.01640625 0.0109375
0 0.2359375 0.8875 0.025 0.02265625
0 0.7609375 0.7484375 0.1796875 0.1625
0 0.14375 0.48203125 0.01171875 0.0109375
0 0.41015625 0.128125 0.0140625 0.0125
0 0.60859375 0.26875 0.01171875 0.009375