0 0.09296875 0.51640625 0.0375 0.03515625
0 0.08515625 0.21328125 0.01875 0.01640625
0 0.553125 0.35234375 0.0125 0.01171875
0 0.48984375 0.425 0.05859375 0.05390625
0 0.3609375 0.146875 0.0125 0.01171875
0 0.0796875 0.8984375 0.01640625 0.015625
0 0.65546875 0.928125 0.04296875 0.03984375
0 0.12578125 0.8515625 0.01640625 0.015625
0 0.1171875 0.7515625 0.0140625 0.0125
0 0.63046875 0.87734375 0.01171875 0.01171875
0 0.865625 0.43515625 0.0109375 0.009375
0 0.45625 0.41484375 0.021875 0.01953125
0 0.06171875 0.4375 0.0109375 0.0109375
0 0.15546875 0.12265625 0.0109375 0.009375
0 0.56875 0.159375 0.01171875 0.0109375