0 0.51640625 0.90703125 0.034375 0.0375
0 0.21328125 0.91484375 0.015625 0.01875
0 0.35234375 0.446875 0.0125 0.0125
0 0.425 0.51015625 0.053125 0.059375
0 0.146875 0.6390625 0.0125 0.0125
0 0.8984375 0.9203125 0.015625 0.015625
0 0.928125 0.34453125 0.040625 0.04375
0 0.8515625 0.87421875 0.015625 0.015625
0 0.7515625 0.8828125 0.0125 0.0140625
0 0.87734375 0.36953125 0.0125 0.0125
0 0.43515625 0.134375 0.009375 0.0109375
0 0.41484375 0.54375 0.01875 0.021875
0 0.4375 0.93828125 0.0109375 0.0109375
0 0.12265625 0.84453125 0.009375 0.0109375
0 0.159375 0.43125 0.0109375 0.0125