0 0.51640625 0.90703125 0.034375 0.0375
0 0.2140625 0.903125 0.015625 0.01875
0 0.35078125 0.4390625 0.0125 0.0125
0 0.425 0.51015625 0.053125 0.059375
0 0.1453125 0.6296875 0.0125 0.0125
0 0.8984375 0.90703125 0.015625 0.015625
0 0.928125 0.3328125 0.040625 0.04375
0 0.85078125 0.8640625 0.015625 0.015625
0 0.75078125 0.87578125 0.0125 0.0140625
0 0.87578125 0.36171875 0.0125 0.0125
0 0.421875 0.1375 0.009375 0.0109375
0 0.41484375 0.54375 0.01875 0.021875
0 0.42578125 0.9421875 0.0109375 0.0109375
0 0.1109375 0.846875 0.009375 0.0109375
0 0.1578125 0.4234375 0.0109375 0.0125