0 0.69765625 0.190625 0.015625 0.0140625
0 0.5421875 0.246875 0.05625 0.053125
0 0.23984375 0.33046875 0.0359375 0.034375
0 0.15234375 0.67578125 0.0234375 0.021875
0 0.065625 0.8203125 0.046875 0.04375
0 0.34375 0.9625 0.059375 0.05625
0 0.32421875 0.95 0.0375 0.034375
0 0.6140625 0.95078125 0.028125 0.0265625
0 0.4125 0.91015625 0.0125 0.0109375
0 0.39375 0.6453125 0.0109375 0.0109375
0 0.4296875 0.59296875 0.0109375 0.0109375
0 0.465625 0.68515625 0.0109375 0.009375
0 0.72578125 0.58828125 0.0125 0.0125
0 0.8859375 0.5484375 0.0109375 0.009375
0 0.75625 0.103125 0.0109375 0.009375
0 0.8265625 0.0734375 0.0109375 0.009375
0 0.63359375 0.36640625 0.0109375 0.0109375