0 0.5453125 0.01015625 0.0171875 0.0171875
0 0.384375 0.01171875 0.015625 0.015625
0 0.3453125 0.1 0.0640625 0.0640625
0 0.290625 0.18046875 0.0359375 0.0359375
0 0.02578125 0.06328125 0.015625 0.015625
0 0.19609375 0.1703125 0.16015625 0.16015625
0 0.24140625 0.2609375 0.0421875 0.0421875
0 0.2296875 0.31015625 0.0140625 0.0140625
0 0.378125 0.55234375 0.0125 0.0125
0 0.38515625 0.76484375 0.015625 0.015625
0 0.28125 0.93125 0.01953125 0.01953125
0 0.190625 0.82734375 0.015625 0.015625
0 0.20078125 0.5234375 0.14453125 0.14453125
0 0.2328125 0.753125 0.06171875 0.06171875
0 0.44765625 0.2234375 0.0234375 0.0234375
0 0.77421875 0.33046875 0.01875 0.01875
0 0.71796875 0.6453125 0.0265625 0.0265625
0 0.8203125 0.68671875 0.0859375 0.0859375
0 0.83125 0.82734375 0.01953125 0.01953125
0 0.809375 0.309375 0.18046875 0.18046875
0 0.4515625 0.9171875 0.13359375 0.13359375
0 0.4328125 0.63046875 0.0140625 0.0140625
0 0.840625 0.96875 0.01640625 0.01640625
0 0.5421875 0.5140625 0.11640625 0.11640625
0 0.63515625 0.728125 0.0640625 0.0640625
0 0.17890625 0.9671875 0.009375 0.009375
0 0.1859375 0.83515625 0.009375 0.009375
0 0.0875 0.39609375 0.009375 0.009375
0 0.16484375 0.40703125 0.01171875 0.01171875
0 0.21796875 0.39765625 0.0140625 0.0140625
0 0.165625 0.4421875 0.0109375 0.0109375
0 0.10234375 0.6109375 0.01171875 0.01171875
0 0.30234375 0.47265625 0.01171875 0.01171875
0 0.5828125 0.6078125 0.01171875 0.01171875
0 0.56953125 0.584375 0.0140625 0.0140625
0 0.98359375 0.340625 0.009375 0.009375
0 0.7828125 0.17578125 0.0109375 0.0109375
0 0.67265625 0.10859375 0.0109375 0.0109375
0 0.5359375 0.35078125 0.009375 0.009375
0 0.4828125 0.3078125 0.0109375 0.0109375
0 0.11796875 0.2046875 0.0125 0.0125
0 0.05234375 0.16328125 0.009375 0.009375
0 0.03203125 0.01796875 0.009375 0.009375
0 0.025 0.34296875 0.009375 0.009375
0 0.571875 0.0140625 0.01171875 0.01171875