0 0.31328125 0.190625 0.015625 0.0140625
0 0.46875 0.2453125 0.05625 0.053125
0 0.771875 0.3296875 0.0359375 0.034375
0 0.85703125 0.675 0.0234375 0.0234375
0 0.94140625 0.81875 0.046875 0.04375
0 0.65625 0.9625 0.059375 0.05625
0 0.67578125 0.95 0.0375 0.034375
0 0.3921875 0.946875 0.028125 0.0265625
0 0.5859375 0.8984375 0.0125 0.0109375
0 0.603125 0.634375 0.0109375 0.0109375
0 0.5671875 0.58125 0.0109375 0.0109375
0 0.53203125 0.67421875 0.0109375 0.009375
0 0.2828125 0.58515625 0.0125 0.0125
0 0.1109375 0.5375 0.0109375 0.009375
0 0.24140625 0.08984375 0.0109375 0.009375
0 0.17265625 0.0609375 0.0109375 0.009375
0 0.3640625 0.35625 0.0109375 0.0109375