0 0.809375 0.69765625 0.0140625 0.015625
0 0.753125 0.5421875 0.053125 0.05625
0 0.66953125 0.23984375 0.034375 0.0359375
0 0.32421875 0.15234375 0.021875 0.0234375
0 0.1796875 0.065625 0.04375 0.046875
0 0.0375 0.34375 0.05625 0.059375
0 0.05 0.32421875 0.034375 0.0375
0 0.04921875 0.6140625 0.0265625 0.028125
0 0.08984375 0.4125 0.0109375 0.0125
0 0.3546875 0.39375 0.0109375 0.0109375
0 0.40703125 0.4296875 0.0109375 0.0109375
0 0.31484375 0.465625 0.009375 0.0109375
0 0.41171875 0.72578125 0.0125 0.0125
0 0.4515625 0.8859375 0.009375 0.0109375
0 0.896875 0.75625 0.009375 0.0109375
0 0.9265625 0.8265625 0.009375 0.0109375
0 0.63359375 0.63359375 0.0109375 0.0109375