0 0.90703125 0.48359375 0.0375 0.034375
0 0.91484375 0.78671875 0.01875 0.015625
0 0.446875 0.64765625 0.0125 0.0125
0 0.51015625 0.575 0.059375 0.053125
0 0.6390625 0.853125 0.0125 0.0125
0 0.9203125 0.1015625 0.015625 0.015625
0 0.34453125 0.071875 0.04375 0.040625
0 0.87421875 0.1484375 0.015625 0.015625
0 0.8828125 0.2484375 0.0140625 0.0125
0 0.36953125 0.12265625 0.0125 0.0125
0 0.134375 0.56484375 0.0109375 0.009375
0 0.54375 0.58515625 0.021875 0.01875
0 0.93828125 0.5625 0.0109375 0.0109375
0 0.84453125 0.87734375 0.0109375 0.009375
0 0.43125 0.840625 0.0125 0.0109375