0 0.0609375 0.7703125 0.0171875 0.015625
0 0.2515625 0.790625 0.028125 0.025
0 0.21015625 0.5671875 0.015625 0.0140625
0 0.215625 0.7828125 0.2625 0.234375
0 0.90078125 0.59296875 0.015625 0.0140625
0 0.87421875 0.075 0.015625 0.015625
0 0.9140625 0.3578125 0.0171875 0.015625
0 0.8296875 0.00546875 0.015625 0.0109375
0 0.7640625 0.1125 0.025 0.021875
0 0.2390625 0.2515625 0.1796875 0.1625
0 0.85625 0.51796875 0.0125 0.0109375
0 0.58984375 0.871875 0.0140625 0.0125
0 0.39140625 0.73125 0.0125 0.009375