0 0.4625 0.99375 0.0125 0.0125
0 0.6234375 0.9921875 0.015625 0.015625
0 0.66171875 0.90234375 0.0640625 0.065625
0 0.715625 0.82734375 0.0359375 0.0359375
0 0.98359375 0.94375 0.015625 0.015625
0 0.80390625 0.8296875 0.159375 0.159375
0 0.76640625 0.74609375 0.0421875 0.0421875
0 0.7796875 0.69921875 0.0140625 0.0140625
0 0.6296875 0.45390625 0.0125 0.0125
0 0.621875 0.24140625 0.015625 0.015625
0 0.72734375 0.0765625 0.01875 0.01875
0 0.81796875 0.17734375 0.015625 0.015625
0 0.79921875 0.4765625 0.14375 0.14375
0 0.7671875 0.246875 0.0625 0.0625
0 0.5609375 0.7828125 0.0234375 0.0234375
0 0.2328125 0.67578125 0.01875 0.01875
0 0.28984375 0.36171875 0.0265625 0.0265625
0 0.1890625 0.31484375 0.0859375 0.0859375
0 0.175 0.17578125 0.01875 0.01875
0 0.1984375 0.6953125 0.18125 0.18125
0 0.5484375 0.0828125 0.134375 0.134375
0 0.575 0.37578125 0.0140625 0.0140625
0 0.16640625 0.0359375 0.015625 0.015625
0 0.4578125 0.4859375 0.115625 0.115625
0 0.36484375 0.271875 0.0640625 0.0640625
0 0.82109375 0.0328125 0.009375 0.009375
0 0.8125 0.16015625 0.009375 0.009375
0 0.90859375 0.59921875 0.009375 0.009375
0 0.84375 0.596875 0.0125 0.0125
0 0.78828125 0.6046875 0.0140625 0.0140625
0 0.8296875 0.55234375 0.0109375 0.0109375
0 0.90390625 0.39296875 0.0125 0.0125
0 0.6921875 0.51953125 0.0125 0.0125
0 0.42421875 0.39609375 0.0125 0.0125
0 0.440625 0.4203125 0.0140625 0.0140625
0 0.01484375 0.65234375 0.009375 0.009375
0 0.21171875 0.815625 0.0109375 0.0109375
0 0.32734375 0.89140625 0.0109375 0.0109375
0 0.46171875 0.64296875 0.009375 0.009375
0 0.515625 0.6859375 0.0109375 0.0109375
0 0.8890625 0.80078125 0.0125 0.0125
0 0.94375 0.83203125 0.009375 0.009375
0 0.9640625 0.97890625 0.009375 0.009375
0 0.97109375 0.65234375 0.009375 0.009375
0 0.4328125 0.98984375 0.0125 0.0125