0 0.134375 0.32890625 0.05625 0.05625
0 0.525 0.35625 0.025 0.025
0 0.37109375 0.48359375 0.0375 0.0375
0 0.5734375 0.88046875 0.03125 0.03125
0 0.29765625 0.75078125 0.1703125 0.171875
0 0.26875 0.9796875 0.015625 0.015625
0 0.3078125 0.91015625 0.059375 0.0609375
0 0.6046875 0.16640625 0.03125 0.03125
0 0.2 0.334375 0.1046875 0.10625
0 0.2359375 0.36328125 0.175 0.178125
0 0.0875 0.96328125 0.08125 0.0734375
0 0.79140625 0.9734375 0.025 0.025
0 0.66875 0.6703125 0.015625 0.015625
0 0.82265625 0.70234375 0.0171875 0.0171875
0 0.62578125 0.92109375 0.2125 0.1578125
0 0.76015625 0.44375 0.240625 0.2421875
0 0.65390625 0.421875 0.015625 0.015625
0 0.7625 0.6140625 0.475 0.53125
0 0.975 0.8703125 0.015625 0.015625
0 0.86328125 0.06640625 0.009375 0.0109375
0 0.66171875 0.05390625 0.0234375 0.0234375
0 0.84921875 0.284375 0.0109375 0.0109375
0 0.690625 0.92734375 0.0109375 0.0125
0 0.878125 0.9734375 0.009375 0.009375
0 0.47578125 0.98671875 0.0125 0.0125
0 0.51640625 0.83515625 0.0125 0.0125
0 0.41484375 0.653125 0.0171875 0.0171875
0 0.3484375 0.4203125 0.0109375 0.0109375
0 0.41484375 0.29453125 0.01875 0.01875
0 0.45078125 0.24921875 0.0109375 0.0109375
0 0.3 0.1921875 0.0125 0.0125
0 0.28515625 0.1859375 0.0125 0.0125
0 0.065625 0.25078125 0.0125 0.0125
0 0.025 0.50625 0.009375 0.009375