0 0.2296875 0.0609375 0.015625 0.0171875
0 0.209375 0.2515625 0.025 0.028125
0 0.4328125 0.21015625 0.0140625 0.015625
0 0.2171875 0.215625 0.234375 0.2625
0 0.40703125 0.90078125 0.0140625 0.015625
0 0.925 0.87421875 0.015625 0.015625
0 0.6421875 0.9140625 0.015625 0.0171875
0 0.99453125 0.8296875 0.0109375 0.015625
0 0.8875 0.7640625 0.021875 0.025
0 0.7484375 0.2390625 0.1625 0.1796875
0 0.48203125 0.85625 0.0109375 0.0125
0 0.128125 0.58984375 0.0125 0.0140625
0 0.26875 0.39140625 0.009375 0.0125