0 0.190625 0.68671875 0.0140625 0.015625
0 0.2453125 0.53125 0.053125 0.05625
0 0.3296875 0.228125 0.034375 0.0359375
0 0.675 0.14296875 0.021875 0.0234375
0 0.81875 0.05859375 0.04375 0.046875
0 0.9625 0.34375 0.05625 0.059375
0 0.95 0.32421875 0.034375 0.0375
0 0.946875 0.6078125 0.0265625 0.028125
0 0.8984375 0.4140625 0.0109375 0.0125
0 0.634375 0.396875 0.0109375 0.0109375
0 0.58125 0.4328125 0.0109375 0.0109375
0 0.67421875 0.46796875 0.009375 0.0109375
0 0.58515625 0.7171875 0.0125 0.0125
0 0.5375 0.8890625 0.009375 0.0109375
0 0.08984375 0.75859375 0.009375 0.0109375
0 0.0609375 0.82734375 0.009375 0.0109375
0 0.35625 0.6359375 0.0109375 0.0109375