0 0.09296875 0.51640625 0.0375 0.03515625
0 0.096875 0.2140625 0.01875 0.01640625
0 0.5609375 0.35078125 0.0125 0.01171875
0 0.48984375 0.425 0.05859375 0.05390625
0 0.3703125 0.1453125 0.0125 0.01171875
0 0.09296875 0.8984375 0.01640625 0.015625
0 0.6671875 0.928125 0.04296875 0.03984375
0 0.1359375 0.85078125 0.01640625 0.015625
0 0.12421875 0.75078125 0.0140625 0.0125
0 0.63828125 0.87578125 0.0125 0.01171875
0 0.8625 0.421875 0.0109375 0.009375
0 0.45625 0.41484375 0.021875 0.01953125
0 0.0578125 0.42578125 0.0109375 0.0109375
0 0.153125 0.1109375 0.0109375 0.009375
0 0.5765625 0.1578125 0.01171875 0.0109375