0 0.40390625 0.97734375 0.0359375 0.0359375
0 0.52890625 0.259375 0.03359375 0.03359375
0 0.18984375 0.1828125 0.0359375 0.0359375
0 0.28515625 0.28359375 0.03125 0.03125
0 0.2234375 0.21484375 0.03359375 0.03359375
0 0.915625 0.0734375 0.0265625 0.02421875
0 0.703125 0.0828125 0.0265625 0.02421875
0 0.2796875 0.553125 0.02890625 0.02890625
0 0.41484375 0.62890625 0.0359375 0.0359375
0 0.6265625 0.88203125 0.02421875 0.02421875
0 0.46171875 0.85546875 0.0359375 0.0359375
0 0.70546875 0.86640625 0.0453125 0.0453125