0 0.40390625 0.02265625 0.0359375 0.0359375
0 0.52890625 0.740625 0.03359375 0.03359375
0 0.18984375 0.8171875 0.0359375 0.0359375
0 0.28515625 0.71640625 0.03125 0.03125
0 0.2234375 0.78515625 0.03359375 0.03359375
0 0.915625 0.9265625 0.0265625 0.02421875
0 0.703125 0.9171875 0.0265625 0.02421875
0 0.2796875 0.446875 0.02890625 0.02890625
0 0.41484375 0.37109375 0.0359375 0.0359375
0 0.6265625 0.11796875 0.02421875 0.02421875
0 0.46171875 0.14453125 0.0359375 0.0359375
0 0.70546875 0.13359375 0.0453125 0.0453125