0 0.046875 0.125 0.07734375 0.0703125
0 0.29609375 0.25625 0.02421875 0.021875
0 0.353125 0.13046875 0.0140625 0.0125
0 0.78046875 0.33984375 0.05390625 0.0484375
0 0.5640625 0.60703125 0.0265625 0.02421875
0 0.46171875 0.33984375 0.0328125 0.03046875
0 0.35078125 0.75625 0.0171875 0.01640625
0 0.13984375 0.92421875 0.02265625 0.0203125
0 0.175 0.91484375 0.0125 0.01171875
0 0.1640625 0.3421875 0.0171875 0.01640625
0 0.34140625 0.5203125 0.01171875 0.0109375
0 0.125 0.33046875 0.03125 0.028125
0 0.740625 0.7546875 0.015625 0.01484375
0 0.703125 0.9125 0.115625 0.10546875
0 0.0984375 0.65390625 0.01171875 0.0109375
0 0.4359375 0.66328125 0.01171875 0.0109375
0 0.54609375 0.6328125 0.0109375 0.009375
0 0.52734375 0.60625 0.0125 0.01171875
0 0.6890625 0.5609375 0.0125 0.0109375
0 0.784375 0.428125 0.0109375 0.009375
0 0.834375 0.5984375 0.01171875 0.0109375
0 0.8578125 0.6890625 0.015625 0.01484375