0 0.046875 0.125 0.07734375 0.0703125
0 0.303125 0.25625 0.02421875 0.021875
0 0.35703125 0.134375 0.0140625 0.0125
0 0.78984375 0.33671875 0.05390625 0.0484375
0 0.5640625 0.60703125 0.0265625 0.02421875
0 0.46171875 0.33984375 0.0328125 0.03046875
0 0.35703125 0.7546875 0.0171875 0.01640625
0 0.1484375 0.92578125 0.02265625 0.0203125
0 0.18046875 0.9171875 0.0125 0.01171875
0 0.16796875 0.3421875 0.0171875 0.01640625
0 0.346875 0.5203125 0.01171875 0.0109375
0 0.13203125 0.33046875 0.03125 0.028125
0 0.746875 0.75078125 0.015625 0.01484375
0 0.703125 0.9125 0.115625 0.10546875
0 0.0984375 0.65390625 0.01171875 0.0109375
0 0.4421875 0.6625 0.01171875 0.0109375
0 0.53984375 0.6203125 0.0109375 0.009375
0 0.5328125 0.60546875 0.0125 0.01171875
0 0.6921875 0.559375 0.0125 0.0109375
0 0.78125 0.41484375 0.0109375 0.009375
0 0.8390625 0.5953125 0.01171875 0.0109375
0 0.8640625 0.68515625 0.015625 0.01484375