0 0.875 0.953125 0.0703125 0.078125
0 0.74375 0.696875 0.021875 0.025
0 0.865625 0.64296875 0.0125 0.0140625
0 0.66328125 0.21015625 0.0484375 0.053125
0 0.39296875 0.4359375 0.025 0.0265625
0 0.66015625 0.53828125 0.03125 0.0328125
0 0.2453125 0.64296875 0.015625 0.0171875
0 0.07421875 0.8515625 0.0203125 0.021875
0 0.0828125 0.81953125 0.0125 0.0125
0 0.6578125 0.83203125 0.015625 0.0171875
0 0.4796875 0.653125 0.0109375 0.0125
0 0.66953125 0.86796875 0.028125 0.03125
0 0.24921875 0.253125 0.015625 0.015625
0 0.0875 0.296875 0.10625 0.115625
0 0.34609375 0.9015625 0.0109375 0.0109375
0 0.3375 0.5578125 0.0109375 0.0125
0 0.3796875 0.46015625 0.009375 0.0109375
0 0.39453125 0.4671875 0.0125 0.0125
0 0.440625 0.3078125 0.0109375 0.0125
0 0.58515625 0.21875 0.009375 0.0109375
0 0.4046875 0.1609375 0.0109375 0.0125
0 0.31484375 0.1359375 0.015625 0.015625