0 0.9703125 0.675 0.0234375 0.0234375
0 0.94609375 0.50859375 0.0390625 0.0390625
0 0.86953125 0.3453125 0.034375 0.034375
0 0.8515625 0.58515625 0.03125 0.03125
0 0.85625 0.72578125 0.01875 0.0171875
0 0.74375 0.81953125 0.03125 0.03125
0 0.8375 0.65546875 0.015625 0.015625
0 0.84765625 0.5140625 0.0671875 0.0671875
0 0.840625 0.66796875 0.0125 0.0125
0 0.3921875 0.81171875 0.0203125 0.0203125
0 0.4078125 0.6140625 0.065625 0.065625
0 0.4421875 0.49921875 0.015625 0.015625
0 0.49765625 0.4125 0.01875 0.01875
0 0.615625 0.384375 0.015625 0.015625
0 0.62265625 0.48359375 0.196875 0.196875
0 0.80703125 0.64765625 0.0140625 0.0140625
0 0.54921875 0.6125 0.065625 0.065625
0 0.71640625 0.3390625 0.140625 0.140625
0 0.24296875 0.7203125 0.015625 0.015625
0 0.33828125 0.4875 0.0140625 0.0140625
0 0.0328125 0.33984375 0.0203125 0.0203125
0 0.0375 0.93046875 0.034375 0.034375
0 0.1890625 0.81953125 0.0125 0.0125
0 0.07109375 0.0765625 0.01875 0.01875
0 0.128125 0.10390625 0.0640625 0.0640625
0 0.47109375 0.259375 0.01875 0.01875
0 0.47734375 0.0796875 0.021875 0.021875
0 0.8515625 0.07421875 0.0375 0.0390625
0 0.89921875 0.0734375 0.028125 0.028125
0 0.4046875 0.12578125 0.109375 0.109375
0 0.6703125 0.12578125 0.259375 0.2515625
0 0.31640625 0.0515625 0.015625 0.015625
0 0.1859375 0.353125 0.0109375 0.0109375
0 0.4125 0.17265625 0.0125 0.0125
0 0.040625 0.04609375 0.04375 0.04375
0 0.18671875 0.521875 0.0140625 0.0140625
0 0.34453125 0.4828125 0.009375 0.009375
0 0.4546875 0.56875 0.0125 0.0125
0 0.7078125 0.6796875 0.0125 0.0125
0 0.90234375 0.52265625 0.009375 0.009375
0 0.81953125 0.69609375 0.009375 0.009375
0 0.91640625 0.896875 0.0109375 0.0109375
0 0.7609375 0.93984375 0.0125 0.0125
0 0.6390625 0.80625 0.0109375 0.0109375
0 0.51484375 0.78515625 0.0125 0.0125
0 0.4734375 0.7765625 0.021875 0.021875
0 0.5984375 0.87421875 0.0109375 0.0109375
0 0.6125 0.99609375 0.009375 0.0078125
0 0.33515625 0.90703125 0.0125 0.0125
0 0.2609375 0.925 0.0109375 0.0109375
0 0.23359375 0.940625 0.015625 0.015625
0 0.2109375 0.78828125 0.021875 0.021875
0 0.2625 0.72421875 0.0421875 0.0421875
0 0.946875 0.8359375 0.10625 0.25625
0 0.06015625 0.60703125 0.1203125 0.33125