0 0.67578125 0.96171875 0.0234375 0.0234375
0 0.50703125 0.93828125 0.0390625 0.0390625
0 0.3453125 0.8625 0.034375 0.034375
0 0.58515625 0.84765625 0.03125 0.03125
0 0.73046875 0.853125 0.0171875 0.01875
0 0.81953125 0.74375 0.03125 0.03125
0 0.66015625 0.83125 0.015625 0.015625
0 0.5140625 0.84765625 0.0671875 0.0671875
0 0.66875 0.8359375 0.0125 0.0125
0 0.8140625 0.38984375 0.0203125 0.0203125
0 0.6140625 0.4078125 0.065625 0.065625
0 0.5015625 0.43515625 0.015625 0.015625
0 0.4171875 0.4921875 0.01875 0.01875
0 0.384375 0.615625 0.015625 0.015625
0 0.48359375 0.62265625 0.196875 0.196875
0 0.6515625 0.8015625 0.0140625 0.0140625
0 0.6125 0.54921875 0.065625 0.065625
0 0.3390625 0.71640625 0.140625 0.140625
0 0.72734375 0.24140625 0.015625 0.015625
0 0.49453125 0.33203125 0.0140625 0.0140625
0 0.3453125 0.02421875 0.0203125 0.0203125
0 0.93515625 0.03203125 0.034375 0.034375
0 0.8234375 0.18359375 0.0125 0.0125
0 0.0796875 0.065625 0.01875 0.01875
0 0.10390625 0.128125 0.0640625 0.0640625
0 0.26171875 0.4625 0.01875 0.01875
0 0.0796875 0.47734375 0.021875 0.021875
0 0.0765625 0.84609375 0.0375 0.0375
0 0.0765625 0.8953125 0.028125 0.028125
0 0.12578125 0.4046875 0.109375 0.109375
0 0.12578125 0.6703125 0.2515625 0.259375
0 0.0515625 0.31640625 0.015625 0.015625
0 0.3421875 0.190625 0.0109375 0.0109375
0 0.17265625 0.40703125 0.0125 0.0125
0 0.04609375 0.040625 0.04375 0.04375
0 0.52578125 0.1828125 0.0140625 0.0140625
0 0.478125 0.34921875 0.009375 0.009375
0 0.56875 0.4546875 0.0125 0.0125
0 0.6796875 0.7078125 0.0125 0.0125
0 0.51328125 0.90546875 0.009375 0.009375
0 0.68828125 0.82109375 0.009375 0.009375
0 0.896875 0.91640625 0.0109375 0.0109375
0 0.93984375 0.7609375 0.0125 0.0125
0 0.7953125 0.64453125 0.0109375 0.0109375
0 0.77578125 0.52109375 0.0125 0.0125
0 0.7765625 0.4671875 0.021875 0.021875
0 0.865625 0.60546875 0.0109375 0.0109375
0 0.99609375 0.6125 0.0078125 0.009375
0 0.896875 0.340625 0.0125 0.0125
0 0.9171875 0.265625 0.0109375 0.0109375
0 0.9421875 0.23046875 0.015625 0.015625
0 0.78828125 0.2109375 0.021875 0.021875
0 0.72421875 0.2625 0.0421875 0.0421875
0 0.5984375 0.059375 0.325 0.11875
0 0.83984375 0.9421875 0.2671875 0.115625