0 0.9703125 0.325 0.0234375 0.0234375
0 0.94609375 0.49140625 0.0390625 0.0390625
0 0.86953125 0.6546875 0.034375 0.034375
0 0.8515625 0.41484375 0.03125 0.03125
0 0.85625 0.27421875 0.01875 0.0171875
0 0.74375 0.18046875 0.03046875 0.03046875
0 0.8375 0.34453125 0.01484375 0.01484375
0 0.84765625 0.4859375 0.0671875 0.0671875
0 0.840625 0.33203125 0.0125 0.0125
0 0.3921875 0.18828125 0.0203125 0.0203125
0 0.4078125 0.3859375 0.065625 0.065625
0 0.4421875 0.50078125 0.01484375 0.01484375
0 0.49765625 0.5875 0.01875 0.01875
0 0.615625 0.615625 0.01484375 0.01484375
0 0.62265625 0.51640625 0.19609375 0.19609375
0 0.80703125 0.35234375 0.0140625 0.0140625
0 0.54921875 0.3875 0.06640625 0.06640625
0 0.71640625 0.6609375 0.13984375 0.13984375
0 0.24296875 0.2796875 0.01484375 0.01484375
0 0.33828125 0.5125 0.0140625 0.0140625
0 0.0328125 0.66015625 0.0203125 0.0203125
0 0.0375 0.06953125 0.034375 0.034375
0 0.1890625 0.18046875 0.0125 0.0125
0 0.07109375 0.9234375 0.01953125 0.01953125
0 0.128125 0.89609375 0.0640625 0.0640625
0 0.47109375 0.740625 0.01875 0.01875
0 0.47734375 0.9203125 0.021875 0.021875
0 0.8515625 0.92578125 0.03828125 0.03828125
0 0.89921875 0.9265625 0.02734375 0.02734375
0 0.4046875 0.87421875 0.109375 0.109375
0 0.6703125 0.87421875 0.259375 0.2515625
0 0.31640625 0.9484375 0.01640625 0.01640625
0 0.1859375 0.646875 0.0109375 0.0109375
0 0.4125 0.82734375 0.01171875 0.01171875
0 0.040625 0.95390625 0.04375 0.04375
0 0.18671875 0.478125 0.0140625 0.0140625
0 0.34453125 0.5171875 0.009375 0.009375
0 0.4546875 0.43125 0.01171875 0.01171875
0 0.7078125 0.3203125 0.0125 0.0125
0 0.90234375 0.47734375 0.009375 0.009375
0 0.81953125 0.30390625 0.009375 0.009375
0 0.91640625 0.103125 0.0109375 0.0109375
0 0.7609375 0.06015625 0.01171875 0.01171875
0 0.6390625 0.19375 0.0109375 0.0109375
0 0.51484375 0.21484375 0.01171875 0.01171875
0 0.4734375 0.2234375 0.02265625 0.021875
0 0.5984375 0.12578125 0.0109375 0.0109375
0 0.6125 0.00390625 0.009375 0.0078125
0 0.33515625 0.09296875 0.01171875 0.01171875
0 0.2609375 0.075 0.0109375 0.0109375
0 0.23359375 0.059375 0.01484375 0.01484375
0 0.2109375 0.21171875 0.021875 0.021875
0 0.2625 0.27578125 0.0421875 0.0421875
0 0.946875 0.1640625 0.10625 0.25546875
0 0.06015625 0.39296875 0.11953125 0.33125