0 0.96171875 0.32421875 0.0234375 0.0234375
0 0.93828125 0.49296875 0.0390625 0.0390625
0 0.8625 0.6546875 0.034375 0.034375
0 0.84765625 0.41484375 0.03125 0.03125
0 0.853125 0.26953125 0.01875 0.0171875
0 0.74375 0.18046875 0.03125 0.03125
0 0.83125 0.33984375 0.015625 0.015625
0 0.84765625 0.4859375 0.0671875 0.0671875
0 0.8359375 0.33125 0.0125 0.0125
0 0.38984375 0.1859375 0.0203125 0.0203125
0 0.4078125 0.3859375 0.065625 0.065625
0 0.43515625 0.4984375 0.015625 0.015625
0 0.4921875 0.5828125 0.01875 0.01875
0 0.615625 0.615625 0.015625 0.015625
0 0.62265625 0.51640625 0.196875 0.196875
0 0.8015625 0.3484375 0.0140625 0.0140625
0 0.54921875 0.3875 0.065625 0.065625
0 0.71640625 0.6609375 0.140625 0.140625
0 0.24140625 0.27265625 0.015625 0.015625
0 0.33203125 0.50546875 0.0140625 0.0140625
0 0.02421875 0.6546875 0.0203125 0.0203125
0 0.03203125 0.06484375 0.034375 0.034375
0 0.18359375 0.1765625 0.0125 0.0125
0 0.065625 0.9203125 0.01875 0.01875
0 0.128125 0.89609375 0.0640625 0.0640625
0 0.4625 0.73828125 0.01875 0.01875
0 0.47734375 0.9203125 0.021875 0.021875
0 0.84609375 0.9234375 0.0375 0.0375
0 0.8953125 0.9234375 0.028125 0.028125
0 0.4046875 0.87421875 0.109375 0.109375
0 0.6703125 0.87421875 0.259375 0.2515625
0 0.31640625 0.9484375 0.015625 0.015625
0 0.190625 0.6578125 0.0109375 0.0109375
0 0.40703125 0.82734375 0.0125 0.0125
0 0.040625 0.95390625 0.04375 0.04375
0 0.1828125 0.47421875 0.0140625 0.0140625
0 0.34921875 0.521875 0.009375 0.009375
0 0.4546875 0.43125 0.0125 0.0125
0 0.7078125 0.3203125 0.0125 0.0125
0 0.90546875 0.48671875 0.009375 0.009375
0 0.82109375 0.31171875 0.009375 0.009375
0 0.91640625 0.103125 0.0109375 0.0109375
0 0.7609375 0.06015625 0.0125 0.0125
0 0.64453125 0.2046875 0.0109375 0.0109375
0 0.52109375 0.22421875 0.0125 0.0125
0 0.4671875 0.2234375 0.021875 0.021875
0 0.60546875 0.134375 0.0109375 0.0109375
0 0.6125 0.00390625 0.009375 0.0078125
0 0.340625 0.103125 0.0125 0.0125
0 0.265625 0.0828125 0.0109375 0.0109375
0 0.23046875 0.0578125 0.015625 0.015625
0 0.2109375 0.21171875 0.021875 0.021875
0 0.2625 0.27578125 0.0421875 0.0421875
0 0.059375 0.4015625 0.11875 0.325
0 0.9421875 0.16015625 0.115625 0.2671875