0 0.125 0.953125 0.0703125 0.078125
0 0.25625 0.70390625 0.021875 0.025
0 0.13046875 0.646875 0.0125 0.0140625
0 0.33984375 0.21953125 0.0484375 0.053125
0 0.60703125 0.4359375 0.025 0.0265625
0 0.33984375 0.53828125 0.03125 0.0328125
0 0.75625 0.64921875 0.015625 0.0171875
0 0.92421875 0.86015625 0.0203125 0.021875
0 0.91484375 0.825 0.0125 0.0125
0 0.3421875 0.8359375 0.015625 0.0171875
0 0.5203125 0.65859375 0.0109375 0.0125
0 0.33046875 0.875 0.028125 0.03125
0 0.7546875 0.259375 0.015625 0.015625
0 0.9125 0.296875 0.10625 0.115625
0 0.65390625 0.9015625 0.0109375 0.0109375
0 0.66328125 0.5640625 0.0109375 0.0125
0 0.6328125 0.45390625 0.009375 0.0109375
0 0.60625 0.47265625 0.0125 0.0125
0 0.5609375 0.3109375 0.0109375 0.0125
0 0.428125 0.215625 0.009375 0.0109375
0 0.5984375 0.165625 0.0109375 0.0125
0 0.6890625 0.1421875 0.015625 0.015625