0 0.55546875 0.7390625 0.009375 0.009375
0 0.18203125 0.353125 0.021875 0.021875
0 0.953125 0.70703125 0.009375 0.009375
0 0.728125 0.7671875 0.0125 0.0125
0 0.78203125 0.2828125 0.05625 0.053125
0 0.14140625 0.69609375 0.00625 0.00625
0 0.91171875 0.815625 0.015625 0.015625
0 0.096875 0.55234375 0.00625 0.00625
0 0.7421875 0.315625 0.009375 0.009375
0 0.43671875 0.0203125 0.0109375 0.0125
0 0.3625 0.37421875 0.00625 0.00625
0 0.74375 0.79609375 0.00625 0.00625
0 0.8484375 0.5640625 0.0125 0.0140625
0 0.31484375 0.575 0.00625 0.00625
0 0.38203125 0.1375 0.0125 0.0140625
0 0.17578125 0.840625 0.009375 0.0109375
0 0.51640625 0.1765625 0.00625 0.00625
0 0.49609375 0.16328125 0.00625 0.00625
0 0.13125 0.8328125 0.0109375 0.0125
0 0.22578125 0.5453125 0.009375 0.009375
0 0.59453125 0.39765625 0.0078125 0.0078125
0 0.09296875 0.2140625 0.00625 0.00625
0 0.5296875 0.8875 0.009375 0.0109375
0 0.1328125 0.20390625 0.00625 0.00625
0 0.05625 0.9171875 0.00625 0.00625
0 0.42421875 0.371875 0.015625 0.01875
0 0.9375 0.59453125 0.0078125 0.009375
0 0.734375 0.86875 0.0125 0.0125
0 0.2359375 0.52421875 0.009375 0.009375
0 0.81015625 0.9328125 0.0125 0.0125
0 0.60859375 0.8734375 0.0125 0.0125
0 0.76796875 0.93515625 0.0125 0.0125
0 0.5890625 0.86484375 0.009375 0.0109375
0 0.54375 0.93828125 0.015625 0.015625
0 0.41875 0.6546875 0.00625 0.0078125
0 0.065625 0.84453125 0.0109375 0.0125
0 0.9890625 0.5171875 0.00625 0.0078125
0 0.11484375 0.98828125 0.009375 0.009375
0 0.4234375 0.621875 0.009375 0.0078125
0 0.55546875 0.9125 0.015625 0.015625
0 0.92578125 0.85234375 0.015625 0.015625
0 0.08984375 0.34296875 0.0078125 0.00625
0 0.75703125 0.26015625 0.009375 0.009375
0 0.06015625 0.53359375 0.009375 0.009375
0 0.42109375 0.6 0.015625 0.015625
0 0.02421875 0.20234375 0.0078125 0.0078125
0 0.2453125 0.48046875 0.009375 0.009375
0 0.1359375 0.89609375 0.0125 0.0125
0 0.128125 0.2203125 0.009375 0.009375
0 0.246875 0.55625 0.0125 0.0125
0 0.065625 0.21953125 0.0109375 0.0109375
0 0.259375 0.4296875 0.0109375 0.0125
0 0.2578125 0.2453125 0.009375 0.009375
0 0.2515625 0.621875 0.009375 0.009375
0 0.9640625 0.4078125 0.009375 0.009375
0 0.0328125 0.9859375 0.0125 0.0125
0 0.35859375 0.76015625 0.0125 0.0125
0 0.24140625 0.26875 0.0125 0.0125
0 0.21171875 0.721875 0.015625 0.015625
0 0.32578125 0.83671875 0.01875 0.01875
0 0.2890625 0.45703125 0.01875 0.01875