0 0.825 0.675 0.01875 0.01875
0 0.71015625 0.78828125 0.015625 0.015625
0 0.88671875 0.86171875 0.0125 0.0125
0 0.83203125 0.859375 0.0109375 0.0109375
0 0.4453125 0.71015625 0.0171875 0.0171875
0 0.25859375 0.75625 0.0140625 0.0140625
0 0.2796875 0.21640625 0.0625 0.0625
0 0.97421875 0.96796875 0.0125 0.0125
0 0.84296875 0.92578125 0.009375 0.009375
0 0.74921875 0.64140625 0.0125 0.0125
0 0.85234375 0.0625 0.0109375 0.0109375
0 0.5671875 0.1390625 0.0109375 0.0109375
0 0.2953125 0.2515625 0.0515625 0.0515625
0 0.02578125 0.6125 0.0515625 0.0828125
0 0.95390625 0.5921875 0.009375 0.009375
0 0.42109375 0.7375 0.0125 0.0125
0 0.246875 0.73046875 0.0109375 0.0109375
0 0.221875 0.86015625 0.009375 0.009375
0 0.221875 0.9203125 0.0125 0.0125
0 0.17578125 0.9109375 0.0265625 0.0265625