0 0.825 0.325 0.01875 0.01875
0 0.71015625 0.21171875 0.015625 0.015625
0 0.88671875 0.13828125 0.0125 0.0125
0 0.83203125 0.140625 0.0109375 0.0109375
0 0.4453125 0.28984375 0.0171875 0.0171875
0 0.25859375 0.24375 0.0140625 0.0140625
0 0.2796875 0.78359375 0.0625 0.0625
0 0.97421875 0.03203125 0.0125 0.0125
0 0.84296875 0.07421875 0.009375 0.009375
0 0.74921875 0.35859375 0.0125 0.0125
0 0.85234375 0.9375 0.0109375 0.0109375
0 0.5671875 0.8609375 0.0109375 0.0109375
0 0.2953125 0.7484375 0.0515625 0.0515625
0 0.02578125 0.3875 0.0515625 0.0828125
0 0.95390625 0.4078125 0.009375 0.009375
0 0.42109375 0.2625 0.0125 0.0125
0 0.246875 0.26953125 0.0109375 0.0109375
0 0.221875 0.13984375 0.009375 0.009375
0 0.221875 0.0796875 0.0125 0.0125
0 0.17578125 0.0890625 0.0265625 0.0265625