0 0.2609375 0.44453125 0.009375 0.009375
0 0.646875 0.81796875 0.02265625 0.02265625
0 0.29296875 0.046875 0.009375 0.009375
0 0.2328125 0.271875 0.0125 0.0125
0 0.7171875 0.21796875 0.05390625 0.05625
0 0.30390625 0.85859375 0.00703125 0.00703125
0 0.184375 0.08828125 0.01484375 0.01640625
0 0.44765625 0.903125 0.00703125 0.00703125
0 0.684375 0.2578125 0.00859375 0.009375
0 0.9796875 0.56328125 0.01171875 0.0109375
0 0.62578125 0.6375 0.00703125 0.00703125
0 0.20390625 0.25625 0.00703125 0.00703125
0 0.4359375 0.1515625 0.0140625 0.01171875
0 0.425 0.68515625 0.00703125 0.00703125
0 0.8625 0.61796875 0.0140625 0.0125
0 0.159375 0.82421875 0.0109375 0.009375
0 0.8234375 0.48359375 0.00625 0.00625
0 0.83671875 0.50390625 0.00703125 0.00625
0 0.1671875 0.86875 0.01171875 0.0109375
0 0.4546875 0.77421875 0.00859375 0.00859375
0 0.60234375 0.40546875 0.0078125 0.0078125
0 0.7859375 0.90703125 0.00703125 0.00703125
0 0.1125 0.4703125 0.0109375 0.009375
0 0.79609375 0.8671875 0.00703125 0.00625
0 0.0828125 0.94375 0.00703125 0.00625
0 0.628125 0.57578125 0.01875 0.01640625
0 0.40546875 0.0625 0.00859375 0.0078125
0 0.13125 0.265625 0.01171875 0.01171875
0 0.47578125 0.7640625 0.00859375 0.00859375
0 0.0671875 0.18984375 0.0125 0.0125
0 0.1265625 0.39140625 0.01171875 0.01171875
0 0.06484375 0.23203125 0.0125 0.0125
0 0.13515625 0.4109375 0.0109375 0.009375
0 0.06171875 0.45625 0.015625 0.015625
0 0.3453125 0.58125 0.0078125 0.00703125
0 0.15546875 0.934375 0.01171875 0.0109375
0 0.4828125 0.0109375 0.0078125 0.00703125
0 0.01171875 0.88515625 0.009375 0.00859375
0 0.378125 0.5765625 0.0078125 0.00859375
0 0.0875 0.44453125 0.01484375 0.01484375
0 0.14765625 0.07421875 0.01640625 0.015625
0 0.65703125 0.91015625 0.00703125 0.0078125
0 0.73984375 0.24296875 0.00859375 0.00859375
0 0.46640625 0.93984375 0.00859375 0.00859375
0 0.4 0.57890625 0.01640625 0.01640625
0 0.79765625 0.97578125 0.0078125 0.0078125
0 0.51953125 0.7546875 0.009375 0.00859375
0 0.10390625 0.8640625 0.0125 0.0125
0 0.7796875 0.871875 0.009375 0.00859375
0 0.44375 0.753125 0.0125 0.0125
0 0.78046875 0.934375 0.0109375 0.0109375
0 0.5703125 0.740625 0.01171875 0.0109375
0 0.7546875 0.7421875 0.009375 0.009375
0 0.378125 0.7484375 0.009375 0.00859375
0 0.5921875 0.0359375 0.009375 0.009375
0 0.0140625 0.9671875 0.0125 0.0125
0 0.23984375 0.64140625 0.0125 0.01171875
0 0.73125 0.75859375 0.0125 0.01171875
0 0.278125 0.78828125 0.01640625 0.01640625
0 0.16328125 0.67421875 0.01875 0.01875
0 0.54296875 0.7109375 0.01953125 0.01953125