0 0.20703125 0.8234375 0.0140625 0.0140625
0 0.16328125 0.82109375 0.0125 0.0125
0 0.02421875 0.52734375 0.0140625 0.0140625
0 0.146875 0.44765625 0.015625 0.015625
0 0.63359375 0.38984375 0.021875 0.021875
0 0.5984375 0.61640625 0.01875 0.01875
0 0.40390625 0.87421875 0.24375 0.246875
0 0.18125 0.83828125 0.184375 0.1875
0 0.22578125 0.72578125 0.0984375 0.1
0 0.2609375 0.61484375 0.2375 0.2421875
0 0.46796875 0.61015625 0.021875 0.021875
0 0.5171875 0.6859375 0.221875 0.225
0 0.6109375 0.46015625 0.0796875 0.08125
0 0.25234375 0.51484375 0.0203125 0.0203125
0 0.025 0.1875 0.05 0.0578125
0 0.2421875 0.25546875 0.1734375 0.1765625
0 0.7484375 0.1234375 0.3265625 0.246875
0 0.66875 0.18125 0.015625 0.015625
0 0.70625 0.04375 0.0296875 0.03125
0 0.86640625 0.428125 0.0203125 0.0203125
0 0.9671875 0.409375 0.0515625 0.053125
0 0.875 0.4703125 0.0828125 0.084375
0 0.92265625 0.75703125 0.021875 0.021875
0 0.9765625 0.64453125 0.0125 0.0125
0 0.79609375 0.2125 0.0125 0.0125
0 0.63125 0.17109375 0.015625 0.015625
0 0.634375 0.3859375 0.0125 0.0125
0 0.61953125 0.48125 0.0203125 0.021875
0 0.7125 0.49609375 0.0109375 0.0109375
0 0.5953125 0.31328125 0.0125 0.0125
0 0.60625 0.2796875 0.0140625 0.0140625
0 0.62890625 0.67265625 0.009375 0.009375
0 0.8625 0.7421875 0.009375 0.0109375
0 0.409375 0.5546875 0.0125 0.0140625
0 0.52421875 0.0296875 0.0125 0.0125
0 0.04375 0.5203125 0.0125 0.0125
0 0.1078125 0.6890625 0.015625 0.015625
0 0.1953125 0.75703125 0.0109375 0.0109375
0 0.2015625 0.8328125 0.0109375 0.0109375