0 0.79296875 0.8234375 0.0140625 0.0140625
0 0.83671875 0.82109375 0.0125 0.0125
0 0.97578125 0.52734375 0.0140625 0.0140625
0 0.853125 0.44765625 0.015625 0.015625
0 0.36640625 0.38984375 0.021875 0.021875
0 0.4015625 0.61640625 0.01875 0.01875
0 0.59609375 0.87421875 0.24375 0.246875
0 0.81875 0.83828125 0.184375 0.1875
0 0.77421875 0.72578125 0.0984375 0.1
0 0.7390625 0.61484375 0.2375 0.2421875
0 0.53203125 0.61015625 0.021875 0.021875
0 0.4828125 0.6859375 0.221875 0.225
0 0.3890625 0.46015625 0.0796875 0.08125
0 0.74765625 0.51484375 0.0203125 0.0203125
0 0.975 0.1875 0.05 0.0578125
0 0.7578125 0.25546875 0.1734375 0.1765625
0 0.2515625 0.1234375 0.3265625 0.246875
0 0.33125 0.18125 0.015625 0.015625
0 0.29375 0.04375 0.0296875 0.03125
0 0.13359375 0.428125 0.0203125 0.0203125
0 0.0328125 0.409375 0.0515625 0.053125
0 0.125 0.4703125 0.0828125 0.084375
0 0.07734375 0.75703125 0.021875 0.021875
0 0.0234375 0.64453125 0.0125 0.0125
0 0.20390625 0.2125 0.0125 0.0125
0 0.36875 0.17109375 0.015625 0.015625
0 0.365625 0.3859375 0.0125 0.0125
0 0.38046875 0.48125 0.0203125 0.021875
0 0.2875 0.49609375 0.0109375 0.0109375
0 0.4046875 0.31328125 0.0125 0.0125
0 0.39375 0.2796875 0.0140625 0.0140625
0 0.37109375 0.67265625 0.009375 0.009375
0 0.1375 0.7421875 0.009375 0.0109375
0 0.590625 0.5546875 0.0125 0.0140625
0 0.47578125 0.0296875 0.0125 0.0125
0 0.95625 0.5203125 0.0125 0.0125
0 0.8921875 0.6890625 0.015625 0.015625
0 0.8046875 0.75703125 0.0109375 0.0109375
0 0.7984375 0.8328125 0.0109375 0.0109375