0 0.51015625 0.05 0.03125 0.03125
0 0.784375 0.075 0.01484375 0.0140625
0 0.12890625 0.08125 0.05625 0.05546875
0 0.30859375 0.1328125 0.0359375 0.03515625
0 0.1578125 0.86484375 0.01484375 0.01484375
0 0.1828125 0.62734375 0.01484375 0.01484375
0 0.1484375 0.50234375 0.0140625 0.0140625
0 0.38203125 0.64375 0.02421875 0.02421875
0 0.4203125 0.6984375 0.021875 0.0203125
0 0.4484375 0.409375 0.090625 0.090625
0 0.3390625 0.2953125 0.2140625 0.2125
0 0.5703125 0.50390625 0.0140625 0.0140625
0 0.58984375 0.5265625 0.0140625 0.0140625
0 0.43984375 0.84140625 0.01171875 0.01171875
0 0.86796875 0.79375 0.01484375 0.01484375
0 0.73828125 0.32109375 0.0234375 0.0234375
0 0.7203125 0.16796875 0.02734375 0.02734375
0 0.709375 0.24453125 0.06171875 0.06171875
0 0.80546875 0.69375 0.07734375 0.0765625
0 0.79140625 0.909375 0.03203125 0.03203125
0 0.81640625 0.91328125 0.01953125 0.01953125
0 0.58203125 0.85390625 0.196875 0.1953125
0 0.12109375 0.9578125 0.01875 0.0171875
0 0.046875 0.7421875 0.0109375 0.0109375
0 0.0984375 0.77890625 0.01171875 0.01171875
0 0.13359375 0.665625 0.0140625 0.0140625
0 0.5671875 0.66484375 0.0109375 0.0109375
0 0.58125 0.83828125 0.01640625 0.01640625
0 0.56953125 0.946875 0.0109375 0.0109375
0 0.8890625 0.784375 0.0140625 0.0125
0 0.84921875 0.41953125 0.0125 0.0125
0 0.72265625 0.35390625 0.0390625 0.03828125
0 0.6125 0.43828125 0.009375 0.009375
0 0.60546875 0.46640625 0.0109375 0.0109375
0 0.55546875 0.41875 0.0109375 0.0109375
0 0.38203125 0.57109375 0.0109375 0.0109375
0 0.35703125 0.5515625 0.01171875 0.01171875
0 0.3640625 0.28125 0.0109375 0.0109375
0 0.33046875 0.3109375 0.01171875 0.0109375
0 0.1609375 0.29140625 0.0140625 0.0125
0 0.23359375 0.03359375 0.0125 0.0125
0 0.7296875 0.08828125 0.0125 0.0125
0 0.05625 0.309375 0.1125 0.56875
0 0.22421875 0.83515625 0.44765625 0.3296875