0 0.4875 0.94453125 0.03125 0.03125
0 0.215625 0.92578125 0.015625 0.0140625
0 0.86953125 0.921875 0.05625 0.05625
0 0.68828125 0.8671875 0.0359375 0.034375
0 0.840625 0.13125 0.0140625 0.015625
0 0.8171875 0.37578125 0.015625 0.015625
0 0.8546875 0.5 0.0140625 0.0140625
0 0.61796875 0.35859375 0.025 0.025
0 0.5828125 0.30625 0.021875 0.0203125
0 0.5515625 0.590625 0.090625 0.090625
0 0.6609375 0.7046875 0.2140625 0.2125
0 0.4296875 0.4953125 0.0140625 0.0140625
0 0.4109375 0.478125 0.0140625 0.0140625
0 0.55859375 0.15703125 0.0125 0.0125
0 0.125 0.20390625 0.015625 0.015625
0 0.2625 0.675 0.0234375 0.0234375
0 0.27734375 0.83046875 0.028125 0.028125
0 0.290625 0.75546875 0.0625 0.0625
0 0.19453125 0.30625 0.078125 0.0765625
0 0.20546875 0.08515625 0.03125 0.03125
0 0.18046875 0.0796875 0.01875 0.01875
0 0.41796875 0.14609375 0.196875 0.1953125
0 0.87890625 0.040625 0.01875 0.0171875
0 0.95234375 0.2578125 0.0109375 0.0109375
0 0.90234375 0.221875 0.0125 0.0125
0 0.86640625 0.334375 0.0140625 0.0140625
0 0.43828125 0.34296875 0.0109375 0.0109375
0 0.41875 0.16171875 0.015625 0.015625
0 0.43046875 0.053125 0.0109375 0.0109375
0 0.10390625 0.2125 0.0140625 0.0125
0 0.1453125 0.5765625 0.0125 0.0125
0 0.27734375 0.65234375 0.0390625 0.0375
0 0.3890625 0.5609375 0.009375 0.009375
0 0.39296875 0.53359375 0.0109375 0.0109375
0 0.44453125 0.5796875 0.0109375 0.0109375
0 0.61171875 0.428125 0.0109375 0.0109375
0 0.640625 0.4484375 0.0125 0.0125
0 0.63828125 0.71796875 0.0109375 0.0109375
0 0.67265625 0.6890625 0.0125 0.0109375
0 0.840625 0.7109375 0.0140625 0.0125
0 0.76328125 0.96640625 0.0125 0.0125
0 0.26484375 0.90703125 0.0125 0.0125