0 0.99140625 0.5921875 0.0171875 0.034375
0 0.9421875 0.946875 0.0515625 0.0546875
0 0.640625 0.9265625 0.0171875 0.0171875
0 0.384375 0.86875 0.01875 0.0203125
0 0.815625 0.81484375 0.025 0.0265625
0 0.684375 0.715625 0.0125 0.0125
0 0.3046875 0.80234375 0.025 0.0265625
0 0.21953125 0.81015625 0.0140625 0.015625
0 0.3125 0.70390625 0.015625 0.015625
0 0.30546875 0.64453125 0.015625 0.015625
0 0.66796875 0.59296875 0.0234375 0.025
0 0.559375 0.79296875 0.0125 0.0140625
0 0.64921875 0.50859375 0.065625 0.06875
0 0.528125 0.46953125 0.0171875 0.01875
0 0.51484375 0.4546875 0.01875 0.01875
0 0.51796875 0.42421875 0.0125 0.0125
0 0.46328125 0.39765625 0.0140625 0.015625
0 0.19453125 0.74453125 0.0265625 0.028125
0 0.290625 0.475 0.075 0.078125
0 0.00546875 0.40546875 0.0109375 0.015625
0 0.1171875 0.490625 0.078125 0.08125
0 0.03515625 0.53515625 0.0125 0.0125
0 0.03359375 0.959375 0.0328125 0.034375
0 0.11640625 0.96796875 0.034375 0.0375
0 0.45390625 0.8890625 0.0453125 0.046875
0 0.02109375 0.29609375 0.0140625 0.015625
0 0.40703125 0.83671875 0.009375 0.0109375
0 0.4671875 0.728125 0.0109375 0.0125
0 0.559375 0.7421875 0.009375 0.0109375
0 0.5859375 0.76171875 0.009375 0.0109375
0 0.58671875 0.74921875 0.009375 0.0109375
0 0.56796875 0.8015625 0.0125 0.0140625
0 0.3640625 0.878125 0.0109375 0.0109375
0 0.47109375 0.4984375 0.009375 0.0109375
0 0.5046875 0.4875 0.009375 0.0109375
0 0.49296875 0.23203125 0.0125 0.0140625
0 0.3578125 0.21328125 0.0109375 0.0109375
0 0.40625 0.07265625 0.009375 0.0109375
0 0.39375 0.06484375 0.0140625 0.0140625
0 0.55390625 0.11640625 0.0125 0.0125
0 0.853125 0.24765625 0.0125 0.0125
0 0.8390625 0.25859375 0.009375 0.0109375
0 0.8640625 0.425 0.009375 0.0109375
0 0.79140625 0.7171875 0.0125 0.0125
0 0.703125 0.9375 0.0125 0.0125
0 0.78984375 0.93828125 0.0109375 0.0125
0 0.653125 0.74453125 0.0125 0.0125
0 0.6515625 0.90546875 0.0109375 0.0109375
0 0.97578125 0.7640625 0.0125 0.0125
0 0.98125 0.61796875 0.0125 0.0125
0 0.9703125 0.37109375 0.009375 0.0109375