0 0.05 0.48984375 0.03125 0.03125
0 0.075 0.215625 0.0140625 0.015625
0 0.08125 0.87109375 0.05625 0.05625
0 0.1328125 0.69140625 0.034375 0.0359375
0 0.86484375 0.8421875 0.015625 0.015625
0 0.62734375 0.8171875 0.015625 0.015625
0 0.50234375 0.8515625 0.0140625 0.0140625
0 0.64375 0.61796875 0.025 0.025
0 0.6984375 0.5796875 0.0203125 0.021875
0 0.409375 0.5515625 0.090625 0.090625
0 0.2953125 0.6609375 0.2125 0.2140625
0 0.50390625 0.4296875 0.0140625 0.0140625
0 0.5265625 0.41015625 0.0140625 0.0140625
0 0.84140625 0.56015625 0.0125 0.0125
0 0.79375 0.13203125 0.015625 0.015625
0 0.32109375 0.26171875 0.0234375 0.0234375
0 0.16796875 0.2796875 0.028125 0.028125
0 0.24453125 0.290625 0.0625 0.0625
0 0.69375 0.19453125 0.0765625 0.078125
0 0.909375 0.20859375 0.03125 0.03125
0 0.91328125 0.18359375 0.01875 0.01875
0 0.85390625 0.41796875 0.1953125 0.196875
0 0.9578125 0.87890625 0.0171875 0.01875
0 0.7421875 0.953125 0.0109375 0.0109375
0 0.77890625 0.9015625 0.0125 0.0125
0 0.665625 0.86640625 0.0140625 0.0140625
0 0.66484375 0.4328125 0.0109375 0.0109375
0 0.83828125 0.41875 0.015625 0.015625
0 0.946875 0.43046875 0.0109375 0.0109375
0 0.784375 0.1109375 0.0125 0.0140625
0 0.41953125 0.15078125 0.0125 0.0125
0 0.35390625 0.27734375 0.0375 0.0390625
0 0.43828125 0.3875 0.009375 0.009375
0 0.46640625 0.39453125 0.0109375 0.0109375
0 0.41875 0.44453125 0.0109375 0.0109375
0 0.57109375 0.61796875 0.0109375 0.0109375
0 0.5515625 0.64296875 0.0125 0.0125
0 0.28125 0.6359375 0.0109375 0.0109375
0 0.3109375 0.66953125 0.0109375 0.0125
0 0.29140625 0.8390625 0.0125 0.0140625
0 0.03359375 0.76640625 0.0125 0.0125
0 0.08828125 0.2703125 0.0125 0.0125
0 0.309375 0.94375 0.56875 0.1125
0 0.83515625 0.77578125 0.3296875 0.446875