0 0.00859375 0.5921875 0.0171875 0.034375
0 0.0578125 0.946875 0.0515625 0.0546875
0 0.359375 0.9265625 0.0171875 0.0171875
0 0.615625 0.86875 0.01875 0.0203125
0 0.184375 0.81484375 0.025 0.0265625
0 0.315625 0.715625 0.0125 0.0125
0 0.6953125 0.80234375 0.025 0.0265625
0 0.78046875 0.81015625 0.0140625 0.015625
0 0.6875 0.70390625 0.015625 0.015625
0 0.69453125 0.64453125 0.015625 0.015625
0 0.33203125 0.59296875 0.0234375 0.025
0 0.440625 0.79296875 0.0125 0.0140625
0 0.35078125 0.50859375 0.065625 0.06875
0 0.471875 0.46953125 0.0171875 0.01875
0 0.48515625 0.4546875 0.01875 0.01875
0 0.48203125 0.42421875 0.0125 0.0125
0 0.53671875 0.39765625 0.0140625 0.015625
0 0.80546875 0.74453125 0.0265625 0.028125
0 0.709375 0.475 0.075 0.078125
0 0.99453125 0.40546875 0.0109375 0.015625
0 0.8828125 0.490625 0.078125 0.08125
0 0.96484375 0.53515625 0.0125 0.0125
0 0.96640625 0.959375 0.0328125 0.034375
0 0.88359375 0.96796875 0.034375 0.0375
0 0.54609375 0.8890625 0.0453125 0.046875
0 0.97890625 0.29609375 0.0140625 0.015625
0 0.59296875 0.83671875 0.009375 0.0109375
0 0.5328125 0.728125 0.0109375 0.0125
0 0.440625 0.7421875 0.009375 0.0109375
0 0.4140625 0.76171875 0.009375 0.0109375
0 0.41328125 0.74921875 0.009375 0.0109375
0 0.43203125 0.8015625 0.0125 0.0140625
0 0.6359375 0.878125 0.0109375 0.0109375
0 0.52890625 0.4984375 0.009375 0.0109375
0 0.4953125 0.4875 0.009375 0.0109375
0 0.50703125 0.23203125 0.0125 0.0140625
0 0.6421875 0.21328125 0.0109375 0.0109375
0 0.59375 0.07265625 0.009375 0.0109375
0 0.60625 0.06484375 0.0140625 0.0140625
0 0.44609375 0.11640625 0.0125 0.0125
0 0.146875 0.24765625 0.0125 0.0125
0 0.1609375 0.25859375 0.009375 0.0109375
0 0.1359375 0.425 0.009375 0.0109375
0 0.20859375 0.7171875 0.0125 0.0125
0 0.296875 0.9375 0.0125 0.0125
0 0.21015625 0.93828125 0.0109375 0.0125
0 0.346875 0.74453125 0.0125 0.0125
0 0.3484375 0.90546875 0.0109375 0.0109375
0 0.02421875 0.7640625 0.0125 0.0125
0 0.01875 0.61796875 0.0125 0.0125
0 0.0296875 0.37109375 0.009375 0.0109375