0 0.5125 0.05546875 0.03125 0.03125
0 0.784375 0.07421875 0.01484375 0.0140625
0 0.13046875 0.078125 0.05625 0.05546875
0 0.31171875 0.1328125 0.0359375 0.03515625
0 0.159375 0.86875 0.0140625 0.01484375
0 0.1828125 0.62421875 0.01484375 0.01484375
0 0.1453125 0.5 0.0140625 0.0140625
0 0.38203125 0.64140625 0.02421875 0.02421875
0 0.4171875 0.69375 0.021875 0.0203125
0 0.4484375 0.409375 0.090625 0.090625
0 0.3390625 0.2953125 0.2140625 0.2125
0 0.5703125 0.5046875 0.0140625 0.0140625
0 0.5890625 0.521875 0.0140625 0.0140625
0 0.44140625 0.84296875 0.01171875 0.01171875
0 0.875 0.79609375 0.01484375 0.01484375
0 0.7375 0.325 0.0234375 0.0234375
0 0.72265625 0.16953125 0.02734375 0.02734375
0 0.709375 0.24453125 0.06171875 0.06171875
0 0.80546875 0.69375 0.07734375 0.0765625
0 0.79453125 0.91484375 0.03203125 0.03203125
0 0.81953125 0.9203125 0.01953125 0.01953125
0 0.58203125 0.85390625 0.196875 0.1953125
0 0.12109375 0.959375 0.01875 0.0171875
0 0.04765625 0.7421875 0.0109375 0.0109375
0 0.09765625 0.778125 0.01171875 0.01171875
0 0.13359375 0.665625 0.0140625 0.0140625
0 0.56171875 0.65703125 0.0109375 0.0109375
0 0.58125 0.83828125 0.01640625 0.01640625
0 0.56953125 0.946875 0.0109375 0.0109375
0 0.89609375 0.7875 0.0140625 0.0125
0 0.8546875 0.4234375 0.0125 0.0125
0 0.72265625 0.34765625 0.0390625 0.03828125
0 0.6109375 0.4390625 0.009375 0.009375
0 0.60703125 0.46640625 0.0109375 0.0109375
0 0.55546875 0.4203125 0.0109375 0.0109375
0 0.38828125 0.571875 0.0109375 0.0109375
0 0.359375 0.5515625 0.01171875 0.01171875
0 0.36171875 0.28203125 0.0109375 0.0109375
0 0.32734375 0.3109375 0.01171875 0.0109375
0 0.159375 0.2890625 0.0140625 0.0125
0 0.23671875 0.03359375 0.0125 0.0125
0 0.73515625 0.09296875 0.0125 0.0125