0 0.4015625 0.00859375 0.034375 0.0171875
0 0.04921875 0.05859375 0.0625 0.053125
0 0.07421875 0.359375 0.0171875 0.0171875
0 0.13203125 0.61328125 0.0203125 0.01875
0 0.1828125 0.1875 0.0265625 0.025
0 0.2859375 0.31640625 0.0125 0.0125
0 0.19609375 0.696875 0.0265625 0.025
0 0.190625 0.77890625 0.015625 0.0140625
0 0.29765625 0.6875 0.015625 0.015625
0 0.3546875 0.69453125 0.015625 0.015625
0 0.403125 0.33046875 0.025 0.0234375
0 0.20625 0.44296875 0.0140625 0.0125
0 0.48359375 0.35078125 0.06875 0.065625
0 0.53125 0.471875 0.01875 0.0171875
0 0.54453125 0.48515625 0.01875 0.01875
0 0.57578125 0.48125 0.0125 0.0125
0 0.60078125 0.5359375 0.015625 0.015625
0 0.25625 0.80390625 0.028125 0.0265625
0 0.525 0.709375 0.078125 0.075
0 0.58828125 0.99453125 0.015625 0.0109375
0 0.509375 0.8828125 0.08125 0.078125
0 0.46484375 0.96640625 0.0125 0.0125
0 0.040625 0.96640625 0.034375 0.0328125
0 0.03203125 0.88359375 0.0375 0.034375
0 0.1109375 0.54609375 0.046875 0.0453125
0 0.70234375 0.97890625 0.015625 0.0140625
0 0.16328125 0.5921875 0.0109375 0.009375
0 0.27265625 0.53359375 0.0125 0.0109375
0 0.2421875 0.43125 0.0109375 0.009375
0 0.23828125 0.4140625 0.0109375 0.009375
0 0.2515625 0.41171875 0.0109375 0.009375
0 0.1984375 0.43125 0.0140625 0.0125
0 0.1203125 0.6359375 0.0109375 0.0109375
0 0.50234375 0.5296875 0.0109375 0.009375
0 0.5140625 0.49453125 0.0109375 0.009375
0 0.76796875 0.50703125 0.0140625 0.0125
0 0.78828125 0.64453125 0.0109375 0.0109375
0 0.9296875 0.59609375 0.0109375 0.009375
0 0.9359375 0.60546875 0.0140625 0.0140625
0 0.88515625 0.446875 0.0125 0.0125
0 0.7546875 0.146875 0.0125 0.0125
0 0.7421875 0.159375 0.0109375 0.009375
0 0.575 0.13671875 0.0109375 0.009375
0 0.28359375 0.20859375 0.0125 0.0125
0 0.0625 0.296875 0.0125 0.0125
0 0.06015625 0.209375 0.0125 0.0109375
0 0.25390625 0.34921875 0.0125 0.0125
0 0.0953125 0.34765625 0.0109375 0.0109375
0 0.23046875 0.025 0.0125 0.0125
0 0.378125 0.01875 0.0125 0.0125
0 0.6265625 0.03203125 0.0109375 0.009375