0 0.99140625 0.4015625 0.0171875 0.034375
0 0.94140625 0.04921875 0.053125 0.0625
0 0.640625 0.07421875 0.0171875 0.0171875
0 0.38671875 0.13203125 0.01875 0.0203125
0 0.8125 0.1828125 0.025 0.0265625
0 0.68359375 0.2859375 0.0125 0.0125
0 0.303125 0.19609375 0.025 0.0265625
0 0.22109375 0.190625 0.0140625 0.015625
0 0.3125 0.29765625 0.015625 0.015625
0 0.30546875 0.3546875 0.015625 0.015625
0 0.66953125 0.403125 0.0234375 0.025
0 0.55703125 0.20625 0.0125 0.0140625
0 0.64921875 0.48359375 0.065625 0.06875
0 0.528125 0.53125 0.0171875 0.01875
0 0.51484375 0.54453125 0.01875 0.01875
0 0.51875 0.57578125 0.0125 0.0125
0 0.4640625 0.60078125 0.015625 0.015625
0 0.19609375 0.25625 0.0265625 0.028125
0 0.290625 0.525 0.075 0.078125
0 0.00546875 0.58828125 0.0109375 0.015625
0 0.1171875 0.509375 0.078125 0.08125
0 0.03359375 0.46484375 0.0125 0.0125
0 0.03359375 0.040625 0.0328125 0.034375
0 0.11640625 0.03203125 0.034375 0.0375
0 0.45390625 0.1109375 0.0453125 0.046875
0 0.02109375 0.70234375 0.0140625 0.015625
0 0.4078125 0.16328125 0.009375 0.0109375
0 0.46640625 0.27265625 0.0109375 0.0125
0 0.56875 0.2421875 0.009375 0.0109375
0 0.5859375 0.23828125 0.009375 0.0109375
0 0.58828125 0.2515625 0.009375 0.0109375
0 0.56875 0.1984375 0.0125 0.0140625
0 0.3640625 0.1203125 0.0109375 0.0109375
0 0.4703125 0.50234375 0.009375 0.0109375
0 0.50546875 0.5140625 0.009375 0.0109375
0 0.49296875 0.76796875 0.0125 0.0140625
0 0.35546875 0.78828125 0.0109375 0.0109375
0 0.40390625 0.9296875 0.009375 0.0109375
0 0.39453125 0.9359375 0.0140625 0.0140625
0 0.553125 0.88515625 0.0125 0.0125
0 0.853125 0.7546875 0.0125 0.0125
0 0.840625 0.7421875 0.009375 0.0109375
0 0.86328125 0.575 0.009375 0.0109375
0 0.79140625 0.28359375 0.0125 0.0125
0 0.703125 0.0625 0.0125 0.0125
0 0.790625 0.06015625 0.0109375 0.0125
0 0.65078125 0.25390625 0.0125 0.0125
0 0.65234375 0.0953125 0.0109375 0.0109375
0 0.975 0.23046875 0.0125 0.0125
0 0.98125 0.378125 0.0125 0.0125
0 0.96796875 0.6265625 0.009375 0.0109375