0 0.18046875 0.9859375 0.0328125 0.028125
0 0.16875 0.696875 0.1 0.1015625
0 0.54453125 0.21875 0.0265625 0.0265625
0 0.46171875 0.1203125 0.01875 0.0203125
0 0.6546875 0.1765625 0.0609375 0.0625
0 0.3046875 0.18828125 0.015625 0.015625
0 0.35234375 0.68125 0.01875 0.0203125
0 0.91328125 0.8265625 0.0125 0.0125
0 0.9265625 0.396875 0.0125 0.0125
0 0.903125 0.4328125 0.0125 0.0125
0 0.73125 0.93984375 0.0109375 0.0109375
0 0.446875 0.2625 0.015625 0.015625
0 0.50625 0.378125 0.015625 0.015625
0 0.496875 0.403125 0.0140625 0.015625
0 0.46875 0.1390625 0.01875 0.01875
0 0.315625 0.134375 0.009375 0.0109375
0 0.171875 0.7609375 0.0109375 0.0125