0 0.734375 0.1421875 0.3859375 0.284375
0 0.0375 0.459375 0.015625 0.015625
0 0.2171875 0.44609375 0.0140625 0.0140625
0 0.07109375 0.39453125 0.046875 0.0484375
0 0.1515625 0.61796875 0.0625 0.0625
0 0.1203125 0.67265625 0.015625 0.015625
0 0.3984375 0.684375 0.01875 0.01875
0 0.21796875 0.30859375 0.4359375 0.6171875
0 0.44375 0.21953125 0.01875 0.01875
0 0.428125 0.97734375 0.0453125 0.0453125
0 0.45625 0.44140625 0.0234375 0.0234375
0 0.5171875 0.81328125 0.0734375 0.0734375
0 0.60625 0.7109375 0.0171875 0.0171875
0 0.49375 0.35859375 0.078125 0.0796875
0 0.73359375 0.3109375 0.0484375 0.0484375
0 0.84453125 0.35625 0.015625 0.015625
0 0.8015625 0.496875 0.015625 0.015625
0 0.88359375 0.5515625 0.015625 0.015625
0 0.56875 0.4859375 0.0140625 0.0140625
0 0.621875 0.196875 0.025 0.025
0 0.16875 0.01015625 0.0203125 0.0203125
0 0.82421875 0.47578125 0.3515625 0.4140625
0 0.975 0.3921875 0.0203125 0.0203125
0 0.94375 0.05234375 0.015625 0.015625
0 0.81171875 0.23828125 0.01875 0.01875
0 0.6859375 0.17421875 0.0125 0.0125
0 0.7078125 0.0453125 0.0125 0.0125
0 0.7125 0.2390625 0.025 0.025
0 0.9015625 0.42890625 0.0125 0.0125
0 0.95078125 0.403125 0.0171875 0.0171875
0 0.71875 0.46484375 0.0109375 0.0109375
0 0.896875 0.534375 0.0109375 0.0109375
0 0.89375 0.50234375 0.009375 0.009375
0 0.89765625 0.6109375 0.0109375 0.0109375
0 0.9703125 0.628125 0.009375 0.009375
0 0.9375 0.671875 0.009375 0.009375
0 0.89765625 0.71484375 0.009375 0.009375
0 0.79453125 0.840625 0.015625 0.015625
0 0.63515625 0.91875 0.0125 0.0125
0 0.46171875 0.75859375 0.015625 0.015625
0 0.634375 0.646875 0.0109375 0.0109375
0 0.3890625 0.14140625 0.0125 0.0125
0 0.4328125 0.084375 0.015625 0.015625
0 0.63515625 0.03828125 0.0125 0.0125
0 0.1265625 0.21015625 0.0109375 0.0109375
0 0.2203125 0.2875 0.0125 0.0125
0 0.1453125 0.36796875 0.0109375 0.0109375
0 0.0390625 0.4328125 0.0125 0.0125
0 0.3078125 0.66015625 0.0109375 0.0109375
0 0.18046875 0.7546875 0.009375 0.009375
0 0.2 0.746875 0.0140625 0.0140625