0 0.8578125 0.265625 0.284375 0.3859375
0 0.540625 0.9625 0.015625 0.015625
0 0.55390625 0.7828125 0.0140625 0.0140625
0 0.60546875 0.92890625 0.0484375 0.046875
0 0.38203125 0.8484375 0.0625 0.0625
0 0.32734375 0.8796875 0.015625 0.015625
0 0.315625 0.6015625 0.01875 0.01875
0 0.69140625 0.78203125 0.6171875 0.4359375
0 0.78046875 0.55625 0.01875 0.01875
0 0.02265625 0.571875 0.0453125 0.0453125
0 0.55859375 0.54375 0.0234375 0.0234375
0 0.18671875 0.4828125 0.0734375 0.0734375
0 0.2890625 0.39375 0.0171875 0.0171875
0 0.64140625 0.50625 0.0796875 0.078125
0 0.6890625 0.26640625 0.0484375 0.0484375
0 0.64375 0.15546875 0.015625 0.015625
0 0.503125 0.1984375 0.015625 0.015625
0 0.4484375 0.11640625 0.015625 0.015625
0 0.5140625 0.43125 0.0140625 0.0140625
0 0.803125 0.378125 0.025 0.025
0 0.98984375 0.83125 0.0203125 0.0203125
0 0.52421875 0.17578125 0.4140625 0.3515625
0 0.6078125 0.025 0.0203125 0.0203125
0 0.94765625 0.05625 0.015625 0.015625
0 0.76171875 0.18828125 0.01875 0.01875
0 0.82578125 0.3140625 0.0125 0.0125
0 0.9546875 0.2921875 0.0125 0.0125
0 0.7609375 0.2875 0.025 0.025
0 0.57109375 0.0984375 0.0125 0.0125
0 0.596875 0.04921875 0.0171875 0.0171875
0 0.53515625 0.28125 0.0109375 0.0109375
0 0.465625 0.103125 0.0109375 0.0109375
0 0.49765625 0.10625 0.009375 0.009375
0 0.3890625 0.10234375 0.0109375 0.0109375
0 0.371875 0.0296875 0.009375 0.009375
0 0.328125 0.0625 0.009375 0.009375
0 0.28515625 0.10234375 0.009375 0.009375
0 0.159375 0.20546875 0.015625 0.015625
0 0.08125 0.36484375 0.0125 0.0125
0 0.24140625 0.53828125 0.015625 0.015625
0 0.353125 0.365625 0.0109375 0.0109375
0 0.85859375 0.6109375 0.0125 0.0125
0 0.915625 0.5671875 0.015625 0.015625
0 0.96171875 0.36484375 0.0125 0.0125
0 0.78984375 0.8734375 0.0109375 0.0109375
0 0.7125 0.7796875 0.0125 0.0125
0 0.63203125 0.8546875 0.0109375 0.0109375
0 0.5671875 0.9609375 0.0125 0.0125
0 0.33984375 0.6921875 0.0109375 0.0109375
0 0.2453125 0.81953125 0.009375 0.009375
0 0.253125 0.8 0.0140625 0.0140625