0 0.040625 0.153125 0.01640625 0.01640625
0 0.040625 0.25234375 0.015625 0.015625
0 0.19140625 0.38203125 0.01484375 0.01484375
0 0.1109375 0.30390625 0.0125 0.01171875
0 0.36953125 0.3140625 0.01875 0.0171875
0 0.4859375 0.378125 0.0140625 0.0140625
0 0.58828125 0.190625 0.0375 0.0359375
0 0.815625 0.25625 0.0671875 0.065625
0 0.98828125 0.88359375 0.0234375 0.03203125
0 0.03671875 0.98203125 0.04765625 0.0359375
0 0.5890625 0.884375 0.0109375 0.0109375
0 0.89921875 0.8484375 0.0125 0.0125
0 0.73046875 0.69375 0.0140625 0.0125
0 0.60546875 0.8265625 0.0140625 0.0140625
0 0.20625 0.83046875 0.0109375 0.009375
0 0.16953125 0.725 0.0109375 0.009375
0 0.03046875 0.56328125 0.0125 0.0125
0 0.03828125 0.7484375 0.0109375 0.009375
0 0.0875 0.26328125 0.01171875 0.01171875
0 0.0578125 0.3140625 0.0109375 0.009375
0 0.04453125 0.3484375 0.01171875 0.01171875
0 0.428125 0.4578125 0.009375 0.009375
0 0.42265625 0.19375 0.025 0.025
0 0.4953125 0.16328125 0.02421875 0.02421875
0 0.65546875 0.1375 0.0125 0.0125
0 0.58828125 0.1296875 0.0140625 0.0125
0 0.696875 0.18046875 0.01171875 0.0109375
0 0.6734375 0.24375 0.0109375 0.0109375
0 0.6890625 0.3234375 0.0109375 0.009375
0 0.7640625 0.51875 0.0125 0.0125
0 0.6859375 0.39921875 0.0109375 0.009375
0 0.96015625 0.30234375 0.03984375 0.0390625
0 0.90078125 0.07734375 0.01484375 0.01484375
0 0.7921875 0.1515625 0.015625 0.015625
0 0.23359375 0.14375 0.01171875 0.0109375