0 0.803125 0.06953125 0.0640625 0.0578125
0 0.828125 0.4046875 0.015625 0.0140625
0 0.659375 0.40625 0.0203125 0.01875
0 0.51875 0.31328125 0.0390625 0.034375
0 0.13984375 0.11484375 0.034375 0.03125
0 0.178125 0.1359375 0.015625 0.0140625
0 0.12734375 0.15625 0.015625 0.0140625
0 0.16875 0.17890625 0.0171875 0.015625
0 0.17265625 0.26875 0.021875 0.0203125
0 0.0171875 0.746875 0.015625 0.015625
0 0.10546875 0.7484375 0.021875 0.01875
0 0.19453125 0.878125 0.028125 0.025
0 0.19296875 0.55390625 0.0125 0.0125
0 0.60234375 0.63125 0.15 0.134375
0 0.884375 0.97265625 0.01875 0.0171875
0 0.1671875 0.88125 0.0109375 0.009375
0 0.0875 0.96875 0.0125 0.0109375
0 0.36875 0.92109375 0.0109375 0.009375
0 0.59296875 0.85078125 0.0109375 0.009375
0 0.6125 0.81171875 0.0125 0.0125
0 0.91796875 0.80859375 0.0125 0.0109375
0 0.89140625 0.6578125 0.0125 0.0109375
0 0.9390625 0.9765625 0.075 0.046875
0 0.803125 0.35 0.0125 0.0125
0 0.77421875 0.3125 0.0125 0.009375
0 0.69921875 0.384375 0.0109375 0.009375
0 0.65234375 0.42890625 0.0140625 0.0125
0 0.89375 0.5875 0.0125 0.0109375
0 0.79296875 0.5734375 0.0125 0.0109375
0 0.66640625 0.503125 0.0125 0.0125
0 0.753125 0.46484375 0.0125 0.0109375
0 0.7859375 0.44296875 0.0125 0.0109375
0 0.52265625 0.628125 0.0171875 0.015625
0 0.096875 0.4671875 0.0125 0.009375
0 0.18046875 0.54921875 0.0125 0.0125
0 0.05625 0.6546875 0.0125 0.009375
0 0.39921875 0.06875 0.0109375 0.009375
0 0.78046875 0.3171875 0.0125 0.0109375