0 0.153125 0.959375 0.015625 0.015625
0 0.25234375 0.959375 0.015625 0.015625
0 0.38203125 0.80859375 0.015625 0.015625
0 0.30390625 0.8890625 0.0125 0.0125
0 0.3140625 0.63046875 0.0171875 0.01875
0 0.378125 0.5140625 0.0140625 0.0140625
0 0.190625 0.41171875 0.0359375 0.0375
0 0.25625 0.184375 0.065625 0.0671875
0 0.88359375 0.01171875 0.03125 0.0234375
0 0.98203125 0.96328125 0.0359375 0.0484375
0 0.884375 0.4109375 0.0109375 0.0109375
0 0.8484375 0.10078125 0.0125 0.0125
0 0.69375 0.26953125 0.0125 0.0140625
0 0.8265625 0.39453125 0.0140625 0.0140625
0 0.83046875 0.79375 0.009375 0.0109375
0 0.725 0.83046875 0.009375 0.0109375
0 0.56328125 0.96953125 0.0125 0.0125
0 0.7484375 0.96171875 0.009375 0.0109375
0 0.26328125 0.9125 0.0125 0.0125
0 0.3140625 0.9421875 0.009375 0.0109375
0 0.3484375 0.95546875 0.0125 0.0125
0 0.4578125 0.571875 0.009375 0.009375
0 0.19375 0.57734375 0.025 0.025
0 0.16328125 0.5046875 0.025 0.025
0 0.1375 0.34453125 0.0125 0.0125
0 0.1296875 0.41171875 0.0125 0.0140625
0 0.18046875 0.303125 0.0109375 0.0125
0 0.24375 0.3265625 0.0109375 0.0109375
0 0.3234375 0.3109375 0.009375 0.0109375
0 0.51875 0.2359375 0.0125 0.0125
0 0.39921875 0.3140625 0.009375 0.0109375
0 0.30234375 0.03984375 0.0390625 0.040625
0 0.07734375 0.09921875 0.015625 0.015625
0 0.1515625 0.2078125 0.015625 0.015625
0 0.14375 0.76640625 0.0109375 0.0125