0 0.98203125 0.9421875 0.0265625 0.0296875
0 0.7453125 0.5578125 0.25 0.2640625
0 0.18046875 0.98671875 0.021875 0.0265625
0 0.29921875 0.91796875 0.05 0.05625
0 0.14921875 0.9640625 0.1296875 0.071875
0 0.21875 0.58671875 0.028125 0.03125
0 0.940625 0.36328125 0.11875 0.1703125
0 0.80625 0.125 0.0453125 0.05
0 0.47109375 0.240625 0.0171875 0.025
0 0.87265625 0.4671875 0.0375 0.040625
0 0.90234375 0.4359375 0.040625 0.04375
0 0.6734375 0.77265625 0.028125 0.03125
0 0.4703125 0.0453125 0.3125 0.090625
0 0.478125 0.80859375 0.896875 0.3828125