0 0.834375 0.315625 0.015625 0.01875
0 0.975 0.546875 0.034375 0.0390625
0 0.83125 0.7453125 0.0140625 0.015625
0 0.26640625 0.61796875 0.021875 0.0234375
0 0.24921875 0.56796875 0.0140625 0.015625
0 0.14765625 0.00703125 0.025 0.0140625
0 0.73984375 0.3484375 0.0375 0.040625
0 0.2578125 0.89140625 0.0109375 0.0125
0 0.56875 0.62734375 0.0109375 0.0125
0 0.384375 0.68828125 0.009375 0.0109375
0 0.5875 0.8625 0.009375 0.0109375
0 0.64609375 0.978125 0.009375 0.0109375
0 0.9359375 0.5640625 0.009375 0.0109375
0 0.80625 0.60703125 0.0109375 0.0125
0 0.64140625 0.20390625 0.0125 0.0140625