0 0.03515625 0.85546875 0.015625 0.015625
0 0.0234375 0.575 0.046875 0.059375
0 0.1828125 0.7171875 0.0140625 0.0140625
0 0.3703125 0.41875 0.01875 0.01875
0 0.384375 0.984375 0.01875 0.0171875
0 0.48359375 0.89921875 0.0140625 0.0140625
0 0.64140625 0.734375 0.0234375 0.021875
0 0.64140625 0.4921875 0.0546875 0.053125
0 0.853125 0.68984375 0.034375 0.034375
0 0.90390625 0.87109375 0.046875 0.0453125
0 0.44296875 0.353125 0.0234375 0.0234375
0 0.39765625 0.02109375 0.021875 0.021875
0 0.5 0.059375 0.015625 0.015625
0 0.575 0.325 0.01875 0.01875
0 0.225 0.24609375 0.0125 0.0125
0 0.084375 0.3015625 0.084375 0.0828125
0 0.55390625 0.02265625 0.01875 0.01875
0 0.615625 0.0421875 0.009375 0.009375
0 0.52734375 0.37734375 0.0125 0.0109375
0 0.10234375 0.75078125 0.0140625 0.0125
0 0.1359375 0.54375 0.0125 0.0125
0 0.2859375 0.56328125 0.0109375 0.0109375
0 0.678125 0.64140625 0.0140625 0.0140625
0 0.25703125 0.98125 0.0125 0.0125
0 0.2359375 0.8375 0.0109375 0.0109375