0 0.834375 0.684375 0.015625 0.01875
0 0.975 0.453125 0.034375 0.0390625
0 0.83125 0.2546875 0.0140625 0.015625
0 0.26640625 0.38203125 0.021875 0.0234375
0 0.24921875 0.43203125 0.0140625 0.015625
0 0.14765625 0.99296875 0.025 0.0140625
0 0.73984375 0.6515625 0.0375 0.040625
0 0.2578125 0.10859375 0.0109375 0.0125
0 0.56875 0.37265625 0.0109375 0.0125
0 0.384375 0.31171875 0.009375 0.0109375
0 0.5875 0.1375 0.009375 0.0109375
0 0.64609375 0.021875 0.009375 0.0109375
0 0.9359375 0.4359375 0.009375 0.0109375
0 0.80625 0.39296875 0.0109375 0.0125
0 0.64140625 0.79609375 0.0125 0.0140625