0 0.14453125 0.03515625 0.015625 0.015625
0 0.425 0.0234375 0.059375 0.046875
0 0.2828125 0.1828125 0.0140625 0.0140625
0 0.58125 0.3703125 0.01875 0.01875
0 0.015625 0.384375 0.0171875 0.01875
0 0.10078125 0.48359375 0.0140625 0.0140625
0 0.265625 0.64140625 0.021875 0.0234375
0 0.5078125 0.64140625 0.053125 0.0546875
0 0.31015625 0.853125 0.034375 0.0359375
0 0.12890625 0.90390625 0.0453125 0.046875
0 0.646875 0.44296875 0.0234375 0.0234375
0 0.97890625 0.39765625 0.021875 0.021875
0 0.940625 0.5 0.015625 0.015625
0 0.675 0.575 0.01875 0.01875
0 0.75390625 0.225 0.0125 0.0125
0 0.6984375 0.084375 0.0828125 0.084375
0 0.97734375 0.55390625 0.01875 0.01875
0 0.9578125 0.615625 0.009375 0.009375
0 0.62265625 0.52734375 0.0109375 0.0125
0 0.24921875 0.10234375 0.0125 0.0140625
0 0.45625 0.1359375 0.0125 0.0125
0 0.43671875 0.2859375 0.0109375 0.0109375
0 0.35859375 0.678125 0.0140625 0.0140625
0 0.01875 0.25703125 0.0125 0.0125
0 0.1625 0.2359375 0.0109375 0.0109375