0 0.909375 0.44140625 0.0171875 0.0171875
0 0.91875 0.2984375 0.0265625 0.0265625
0 0.96875 0.57265625 0.015625 0.015625
0 0.90546875 0.853125 0.0375 0.0375
0 0.80234375 0.5203125 0.03125 0.03125
0 0.78828125 0.76484375 0.0296875 0.0296875
0 0.96796875 0.88125 0.0171875 0.0171875
0 0.440625 0.7875 0.015625 0.015625
0 0.728125 0.94765625 0.015625 0.015625
0 0.04609375 0.60859375 0.015625 0.015625
0 0.76640625 0.321875 0.021875 0.021875
0 0.41328125 0.0765625 0.0453125 0.0453125
0 0.30546875 0.0171875 0.0390625 0.034375
0 0.43359375 0.04296875 0.1078125 0.0859375
0 0.5015625 0.13359375 0.015625 0.015625
0 0.21796875 0.2046875 0.0171875 0.0171875
0 0.4109375 0.59609375 0.015625 0.015625
0 0.3046875 0.17734375 0.021875 0.021875
0 0.60859375 0.63359375 0.0296875 0.03125
0 0.0328125 0.16796875 0.015625 0.015625
0 0.13046875 0.746875 0.11875 0.11875
0 0.7703125 0.13203125 0.0265625 0.0265625
0 0.7171875 0.1421875 0.015625 0.015625
0 0.72734375 0.29296875 0.0421875 0.0421875
0 0.1859375 0.11015625 0.0140625 0.0140625
0 0.2046875 0.11875 0.0109375 0.0109375
0 0.25078125 0.18046875 0.0125 0.0125
0 0.23671875 0.309375 0.0125 0.0125
0 0.2046875 0.32578125 0.0125 0.0125
0 0.12265625 0.31875 0.0109375 0.0109375
0 0.20859375 0.5921875 0.009375 0.009375
0 0.26875 0.98515625 0.0140625 0.0140625
0 0.490625 0.79453125 0.015625 0.015625
0 0.31484375 0.828125 0.01875 0.01875
0 0.38046875 0.74296875 0.0140625 0.0140625
0 0.3796875 0.7671875 0.0125 0.0125
0 0.525 0.64453125 0.0125 0.0125
0 0.61640625 0.659375 0.021875 0.021875
0 0.546875 0.5890625 0.0125 0.0125
0 0.48359375 0.40078125 0.0125 0.0125
0 0.4359375 0.58515625 0.0203125 0.0203125
0 0.434375 0.62578125 0.0125 0.0125
0 0.39765625 0.3296875 0.0109375 0.0109375
0 0.36875 0.12578125 0.0125 0.0125
0 0.48515625 0.17890625 0.009375 0.009375
0 0.59921875 0.1921875 0.009375 0.009375
0 0.66953125 0.02109375 0.0140625 0.0140625
0 0.66328125 0.0828125 0.0140625 0.0140625
0 0.70625 0.14609375 0.009375 0.009375
0 0.9640625 0.11328125 0.009375 0.009375
0 0.8 0.215625 0.015625 0.015625
0 0.74140625 0.196875 0.021875 0.021875
0 0.86015625 0.215625 0.0125 0.0125
0 0.79609375 0.35078125 0.0125 0.0125
0 0.7984375 0.33359375 0.0140625 0.0140625
0 0.6625 0.36953125 0.0125 0.0125
0 0.88515625 0.43671875 0.0203125 0.0203125
0 0.8484375 0.4859375 0.0125 0.0125
0 0.984375 0.67890625 0.0109375 0.0109375
0 0.93828125 0.5984375 0.01875 0.01875
0 0.90546875 0.525 0.0140625 0.0140625
0 0.88984375 0.5109375 0.015625 0.015625
0 0.74921875 0.646875 0.0125 0.0125
0 0.7625 0.63515625 0.0125 0.0125
0 0.825 0.803125 0.0125 0.0125
0 0.8015625 0.91953125 0.0171875 0.0171875
0 0.94765625 0.8765625 0.015625 0.015625
0 0.978125 0.8640625 0.015625 0.015625
0 0.984375 0.83984375 0.015625 0.015625