0 0.07890625 0.03359375 0.0265625 0.025
0 0.38125 0.2671875 0.015625 0.015625
0 0.353125 0.225 0.0140625 0.0125
0 0.3703125 0.37578125 0.021875 0.021875
0 0.19609375 0.50703125 0.015625 0.015625
0 0.48828125 0.28984375 0.028125 0.028125
0 0.503125 0.2171875 0.01875 0.0171875
0 0.5265625 0.2875 0.015625 0.015625
0 0.50234375 0.3796875 0.01875 0.01875
0 0.54765625 0.3453125 0.015625 0.015625
0 0.70078125 0.03203125 0.015625 0.015625
0 0.7328125 0.26875 0.01875 0.01875
0 0.18671875 0.59375 0.0171875 0.0171875
0 0.75 0.3953125 0.021875 0.021875
0 0.8234375 0.3796875 0.01875 0.01875
0 0.6734375 0.95859375 0.01875 0.01875
0 0.7390625 0.8015625 0.090625 0.0890625
0 0.8375 0.9875 0.0171875 0.0171875
0 0.85625 0.9828125 0.0171875 0.0171875
0 0.4640625 0.9859375 0.021875 0.021875
0 0.425 0.8359375 0.0125 0.0125
0 0.27421875 0.925 0.015625 0.015625
0 0.28828125 0.81171875 0.015625 0.015625
0 0.334375 0.703125 0.021875 0.021875
0 0.22734375 0.65859375 0.0203125 0.0203125
0 0.178125 0.6890625 0.0140625 0.0140625
0 0.1453125 0.64765625 0.015625 0.015625
0 0.75546875 0.9421875 0.015625 0.015625
0 0.67734375 0.628125 0.0125 0.0125
0 0.3703125 0.6296875 0.0125 0.0109375
0 0.34453125 0.67578125 0.0125 0.0125
0 0.0140625 0.33515625 0.0125 0.0125
0 0.1640625 0.32109375 0.0125 0.0125
0 0.190625 0.55703125 0.01875 0.0171875
0 0.26875 0.5515625 0.0109375 0.0109375
0 0.34453125 0.55546875 0.0140625 0.0125
0 0.53828125 0.38125 0.0109375 0.0109375
0 0.6140625 0.45859375 0.0109375 0.009375
0 0.6 0.48828125 0.0109375 0.009375
0 0.8140625 0.40546875 0.021875 0.021875
0 0.796875 0.321875 0.009375 0.009375
0 0.63984375 0.3296875 0.015625 0.015625
0 0.5046875 0.2328125 0.0140625 0.0140625
0 0.525 0.23125 0.009375 0.009375
0 0.55703125 0.3109375 0.0140625 0.0125
0 0.58984375 0.33515625 0.0140625 0.0125
0 0.5953125 0.3609375 0.015625 0.015625
0 0.63828125 0.3515625 0.0140625 0.0140625
0 0.503125 0.30546875 0.021875 0.021875
0 0.85625 0.328125 0.0140625 0.0125
0 0.87421875 0.31015625 0.0109375 0.0109375
0 0.8640625 0.30234375 0.015625 0.015625
0 0.9890625 0.50078125 0.021875 0.0234375
0 0.990625 0.35078125 0.0125 0.0125
0 0.97734375 0.2234375 0.01875 0.01875
0 0.82265625 0.1515625 0.0125 0.0109375
0 0.87421875 0.06875 0.0125 0.0125
0 0.87734375 0.015625 0.0125 0.0125
0 0.86796875 0.03984375 0.021875 0.0203125
0 0.77421875 0.01484375 0.015625 0.015625
0 0.64375 0.13046875 0.0109375 0.009375
0 0.7203125 0.10625 0.0109375 0.0109375
0 0.6703125 0.0765625 0.0125 0.0125
0 0.55546875 0.09609375 0.0265625 0.025
0 0.4734375 0.00703125 0.0125 0.0109375
0 0.55703125 0.13125 0.015625 0.015625
0 0.575 0.14921875 0.0125 0.0109375
0 0.5796875 0.1359375 0.0109375 0.0109375