0 0.7359375 0.9078125 0.0375 0.040625
0 0.6296875 0.97578125 0.03125 0.034375
0 0.790625 0.64453125 0.0671875 0.0671875
0 0.61171875 0.6078125 0.04375 0.0453125
0 0.78515625 0.55078125 0.040625 0.040625
0 0.9265625 0.4984375 0.0375 0.0375
0 0.1546875 0.12109375 0.0375 0.040625
0 0.73828125 0.0421875 0.0453125 0.0484375
0 0.8890625 0.2703125 0.0359375 0.0359375
0 0.64921875 0.6046875 0.034375 0.034375
0 0.65859375 0.56875 0.025 0.025
0 0.84140625 0.475 0.03125 0.034375
0 0.9015625 0.39453125 0.03125 0.034375
0 0.96484375 0.38125 0.0375 0.0375
0 0.9421875 0.275 0.034375 0.034375
0 0.828125 0.6078125 0.053125 0.05625
0 0.40390625 0.26953125 0.025 0.0265625
0 0.35703125 0.0921875 0.0265625 0.0265625
0 0.265625 0.196875 0.03125 0.03125
0 0.3140625 0.478125 0.0625 0.065625
0 0.10234375 0.6859375 0.0265625 0.028125
0 0.39921875 0.475 0.0359375 0.0375
0 0.459375 0.446875 0.0265625 0.028125
0 0.42890625 0.4359375 0.0265625 0.0265625