0 0.090625 0.44140625 0.0171875 0.0171875
0 0.08125 0.2984375 0.0265625 0.0265625
0 0.03125 0.57265625 0.015625 0.015625
0 0.09453125 0.853125 0.0375 0.0375
0 0.19765625 0.5203125 0.03125 0.03125
0 0.21171875 0.76484375 0.0296875 0.0296875
0 0.03203125 0.88125 0.0171875 0.0171875
0 0.559375 0.7875 0.015625 0.015625
0 0.271875 0.94765625 0.015625 0.015625
0 0.95390625 0.60859375 0.015625 0.015625
0 0.23359375 0.321875 0.021875 0.021875
0 0.58671875 0.0765625 0.0453125 0.0453125
0 0.69453125 0.0171875 0.0390625 0.034375
0 0.56640625 0.04296875 0.1078125 0.0859375
0 0.4984375 0.13359375 0.015625 0.015625
0 0.78203125 0.2046875 0.0171875 0.0171875
0 0.5890625 0.59609375 0.015625 0.015625
0 0.6953125 0.17734375 0.021875 0.021875
0 0.39140625 0.63359375 0.0296875 0.03125
0 0.9671875 0.16796875 0.015625 0.015625
0 0.86953125 0.746875 0.11875 0.11875
0 0.2296875 0.13203125 0.0265625 0.0265625
0 0.2828125 0.1421875 0.015625 0.015625
0 0.27265625 0.29296875 0.0421875 0.0421875
0 0.8140625 0.11015625 0.0140625 0.0140625
0 0.7953125 0.11875 0.0109375 0.0109375
0 0.74921875 0.18046875 0.0125 0.0125
0 0.76328125 0.309375 0.0125 0.0125
0 0.7953125 0.32578125 0.0125 0.0125
0 0.87734375 0.31875 0.0109375 0.0109375
0 0.79140625 0.5921875 0.009375 0.009375
0 0.73125 0.98515625 0.0140625 0.0140625
0 0.509375 0.79453125 0.015625 0.015625
0 0.68515625 0.828125 0.01875 0.01875
0 0.61953125 0.74296875 0.0140625 0.0140625
0 0.6203125 0.7671875 0.0125 0.0125
0 0.475 0.64453125 0.0125 0.0125
0 0.38359375 0.659375 0.021875 0.021875
0 0.453125 0.5890625 0.0125 0.0125
0 0.51640625 0.40078125 0.0125 0.0125
0 0.5640625 0.58515625 0.0203125 0.0203125
0 0.565625 0.62578125 0.0125 0.0125
0 0.60234375 0.3296875 0.0109375 0.0109375
0 0.63125 0.12578125 0.0125 0.0125
0 0.51484375 0.17890625 0.009375 0.009375
0 0.40078125 0.1921875 0.009375 0.009375
0 0.33046875 0.02109375 0.0140625 0.0140625
0 0.33671875 0.0828125 0.0140625 0.0140625
0 0.29375 0.14609375 0.009375 0.009375
0 0.0359375 0.11328125 0.009375 0.009375
0 0.2 0.215625 0.015625 0.015625
0 0.25859375 0.196875 0.021875 0.021875
0 0.13984375 0.215625 0.0125 0.0125
0 0.20390625 0.35078125 0.0125 0.0125
0 0.2015625 0.33359375 0.0140625 0.0140625
0 0.3375 0.36953125 0.0125 0.0125
0 0.11484375 0.43671875 0.0203125 0.0203125
0 0.1515625 0.4859375 0.0125 0.0125
0 0.015625 0.67890625 0.0109375 0.0109375
0 0.06171875 0.5984375 0.01875 0.01875
0 0.09453125 0.525 0.0140625 0.0140625
0 0.11015625 0.5109375 0.015625 0.015625
0 0.25078125 0.646875 0.0125 0.0125
0 0.2375 0.63515625 0.0125 0.0125
0 0.175 0.803125 0.0125 0.0125
0 0.1984375 0.91953125 0.0171875 0.0171875
0 0.05234375 0.8765625 0.015625 0.015625
0 0.021875 0.8640625 0.015625 0.015625
0 0.015625 0.83984375 0.015625 0.015625