0 0.8171875 0.259375 0.0359375 0.0359375
0 0.32890625 0.009375 0.0265625 0.01875
0 0.05078125 0.0578125 0.0265625 0.0265625
0 0.0328125 0.93125 0.06484375 0.06484375
0 0.55625 0.4625 0.03359375 0.03359375
0 0.5203125 0.7984375 0.03125 0.03125
0 0.5578125 0.8921875 0.09609375 0.09609375
0 0.7953125 0.97734375 0.0359375 0.0359375
0 0.7921875 0.6078125 0.03125 0.03125
0 0.82421875 0.8859375 0.08203125 0.08203125
0 0.9515625 0.32578125 0.0265625 0.02421875
0 0.7015625 0.48671875 0.02421875 0.02421875
0 0.2140625 0.92890625 0.0265625 0.0265625