0 0.1828125 0.259375 0.0359375 0.0359375
0 0.67109375 0.01015625 0.0265625 0.0203125
0 0.94921875 0.0578125 0.0265625 0.0265625
0 0.9671875 0.93125 0.065625 0.065625
0 0.44375 0.4625 0.034375 0.034375
0 0.4796875 0.7984375 0.03125 0.03125
0 0.4421875 0.8921875 0.096875 0.096875
0 0.2046875 0.97734375 0.0359375 0.0359375
0 0.2078125 0.6078125 0.03125 0.03125
0 0.17578125 0.8859375 0.08125 0.08125
0 0.0484375 0.32578125 0.0265625 0.025
0 0.2984375 0.48671875 0.025 0.025
0 0.7859375 0.92890625 0.0265625 0.0265625