0 0.96640625 0.07890625 0.025 0.0265625
0 0.7328125 0.38125 0.015625 0.015625
0 0.775 0.353125 0.0125 0.0140625
0 0.62421875 0.3703125 0.021875 0.021875
0 0.49296875 0.19609375 0.015625 0.015625
0 0.71015625 0.48828125 0.028125 0.028125
0 0.7828125 0.503125 0.0171875 0.01875
0 0.7125 0.5265625 0.015625 0.015625
0 0.6203125 0.50234375 0.01875 0.01875
0 0.6546875 0.54765625 0.015625 0.015625
0 0.96796875 0.70078125 0.015625 0.015625
0 0.73125 0.7328125 0.01875 0.01875
0 0.40625 0.18671875 0.0171875 0.0171875
0 0.6046875 0.75 0.021875 0.021875
0 0.6203125 0.8234375 0.01875 0.01875
0 0.04140625 0.6734375 0.01875 0.01875
0 0.1984375 0.7390625 0.0890625 0.090625
0 0.0125 0.8375 0.0171875 0.0171875
0 0.0171875 0.85625 0.0171875 0.0171875
0 0.0140625 0.4640625 0.021875 0.021875
0 0.1640625 0.425 0.0125 0.0125
0 0.075 0.27421875 0.015625 0.015625
0 0.18828125 0.28828125 0.015625 0.015625
0 0.296875 0.334375 0.021875 0.021875
0 0.34140625 0.22734375 0.0203125 0.0203125
0 0.3109375 0.178125 0.0140625 0.0140625
0 0.35234375 0.1453125 0.015625 0.015625
0 0.0578125 0.75546875 0.015625 0.015625
0 0.371875 0.67734375 0.0125 0.0125
0 0.3703125 0.3703125 0.0109375 0.0125
0 0.32421875 0.34453125 0.0125 0.0125
0 0.66484375 0.0140625 0.0125 0.0125
0 0.67890625 0.1640625 0.0125 0.0125
0 0.44296875 0.190625 0.0171875 0.01875
0 0.4484375 0.26875 0.0109375 0.0109375
0 0.44453125 0.34453125 0.0125 0.0140625
0 0.61875 0.53828125 0.0109375 0.0109375
0 0.54140625 0.6140625 0.009375 0.0109375
0 0.51171875 0.6 0.009375 0.0109375
0 0.59453125 0.8140625 0.021875 0.021875
0 0.678125 0.796875 0.009375 0.009375
0 0.6703125 0.63984375 0.015625 0.015625
0 0.7671875 0.5046875 0.0140625 0.0140625
0 0.76875 0.525 0.009375 0.009375
0 0.6890625 0.55703125 0.0125 0.0140625
0 0.66484375 0.58984375 0.0125 0.0140625
0 0.6390625 0.5953125 0.015625 0.015625
0 0.6484375 0.63828125 0.0140625 0.0140625
0 0.69453125 0.503125 0.021875 0.021875
0 0.671875 0.85625 0.0125 0.0140625
0 0.68984375 0.87421875 0.0109375 0.0109375
0 0.69765625 0.8640625 0.015625 0.015625
0 0.49921875 0.9890625 0.0234375 0.021875
0 0.64921875 0.990625 0.0125 0.0125
0 0.7765625 0.97734375 0.01875 0.01875
0 0.8484375 0.82265625 0.0109375 0.0125
0 0.93125 0.87421875 0.0125 0.0125
0 0.984375 0.87734375 0.0125 0.0125
0 0.96015625 0.86796875 0.0203125 0.021875
0 0.98515625 0.77421875 0.015625 0.015625
0 0.86953125 0.64375 0.009375 0.0109375
0 0.89375 0.7203125 0.0109375 0.0109375
0 0.9234375 0.6703125 0.0125 0.0125
0 0.90390625 0.55546875 0.025 0.0265625
0 0.99296875 0.4734375 0.0109375 0.0125
0 0.86875 0.55703125 0.015625 0.015625
0 0.85078125 0.575 0.0109375 0.0125
0 0.8640625 0.5796875 0.0109375 0.0109375