0 0.9078125 0.2640625 0.040625 0.03828125
0 0.97578125 0.3703125 0.03359375 0.03125
0 0.64453125 0.209375 0.0671875 0.0671875
0 0.6078125 0.38828125 0.0453125 0.04296875
0 0.55078125 0.21484375 0.040625 0.040625
0 0.4984375 0.0734375 0.03828125 0.03828125
0 0.12109375 0.8453125 0.040625 0.03828125
0 0.0421875 0.26171875 0.0484375 0.0453125
0 0.2703125 0.1109375 0.0359375 0.0359375
0 0.6046875 0.35078125 0.03359375 0.03359375
0 0.56875 0.34140625 0.02421875 0.02421875
0 0.475 0.15859375 0.03359375 0.03125
0 0.39453125 0.0984375 0.03359375 0.03125
0 0.38125 0.03515625 0.03828125 0.03828125
0 0.275 0.0578125 0.03359375 0.03359375
0 0.6078125 0.171875 0.05546875 0.053125
0 0.26953125 0.59609375 0.0265625 0.02421875
0 0.0921875 0.64296875 0.0265625 0.0265625
0 0.196875 0.734375 0.03125 0.03125
0 0.478125 0.6859375 0.06484375 0.0625
0 0.6859375 0.89765625 0.02890625 0.0265625
0 0.475 0.60078125 0.03828125 0.0359375
0 0.446875 0.540625 0.02890625 0.0265625
0 0.4359375 0.57109375 0.0265625 0.0265625