0 0.96640625 0.92109375 0.025 0.0265625
0 0.7328125 0.61875 0.015625 0.015625
0 0.775 0.646875 0.0125 0.0140625
0 0.62421875 0.6296875 0.021875 0.021875
0 0.49296875 0.80390625 0.015625 0.015625
0 0.71015625 0.51171875 0.028125 0.028125
0 0.7828125 0.496875 0.0171875 0.01875
0 0.7125 0.4734375 0.015625 0.015625
0 0.6203125 0.49765625 0.01875 0.01875
0 0.6546875 0.45234375 0.015625 0.015625
0 0.96796875 0.29921875 0.015625 0.015625
0 0.73125 0.2671875 0.01875 0.01875
0 0.40625 0.81328125 0.0171875 0.0171875
0 0.6046875 0.25 0.021875 0.021875
0 0.6203125 0.1765625 0.01875 0.01875
0 0.04140625 0.3265625 0.01875 0.01875
0 0.1984375 0.2609375 0.0890625 0.090625
0 0.0125 0.1625 0.0171875 0.0171875
0 0.0171875 0.14375 0.0171875 0.0171875
0 0.0140625 0.5359375 0.021875 0.021875
0 0.1640625 0.575 0.0125 0.0125
0 0.075 0.72578125 0.015625 0.015625
0 0.18828125 0.71171875 0.015625 0.015625
0 0.296875 0.665625 0.021875 0.021875
0 0.34140625 0.77265625 0.0203125 0.0203125
0 0.3109375 0.821875 0.0140625 0.0140625
0 0.35234375 0.8546875 0.015625 0.015625
0 0.0578125 0.24453125 0.015625 0.015625
0 0.371875 0.32265625 0.0125 0.0125
0 0.3703125 0.6296875 0.0109375 0.0125
0 0.32421875 0.65546875 0.0125 0.0125
0 0.66484375 0.9859375 0.0125 0.0125
0 0.67890625 0.8359375 0.0125 0.0125
0 0.44296875 0.809375 0.0171875 0.01875
0 0.4484375 0.73125 0.0109375 0.0109375
0 0.44453125 0.65546875 0.0125 0.0140625
0 0.61875 0.46171875 0.0109375 0.0109375
0 0.54140625 0.3859375 0.009375 0.0109375
0 0.51171875 0.4 0.009375 0.0109375
0 0.59453125 0.1859375 0.021875 0.021875
0 0.678125 0.203125 0.009375 0.009375
0 0.6703125 0.36015625 0.015625 0.015625
0 0.7671875 0.4953125 0.0140625 0.0140625
0 0.76875 0.475 0.009375 0.009375
0 0.6890625 0.44296875 0.0125 0.0140625
0 0.66484375 0.41015625 0.0125 0.0140625
0 0.6390625 0.4046875 0.015625 0.015625
0 0.6484375 0.36171875 0.0140625 0.0140625
0 0.69453125 0.496875 0.021875 0.021875
0 0.671875 0.14375 0.0125 0.0140625
0 0.68984375 0.12578125 0.0109375 0.0109375
0 0.69765625 0.1359375 0.015625 0.015625
0 0.49921875 0.0109375 0.0234375 0.021875
0 0.64921875 0.009375 0.0125 0.0125
0 0.7765625 0.02265625 0.01875 0.01875
0 0.8484375 0.17734375 0.0109375 0.0125
0 0.93125 0.12578125 0.0125 0.0125
0 0.984375 0.12265625 0.0125 0.0125
0 0.96015625 0.13203125 0.0203125 0.021875
0 0.98515625 0.22578125 0.015625 0.015625
0 0.86953125 0.35625 0.009375 0.0109375
0 0.89375 0.2796875 0.0109375 0.0109375
0 0.9234375 0.3296875 0.0125 0.0125
0 0.90390625 0.44453125 0.025 0.0265625
0 0.99296875 0.5265625 0.0109375 0.0125
0 0.86875 0.44296875 0.015625 0.015625
0 0.85078125 0.425 0.0109375 0.0125
0 0.8640625 0.4203125 0.0109375 0.0109375