0 0.2640625 0.0921875 0.0375 0.040625
0 0.3703125 0.02421875 0.03125 0.034375
0 0.209375 0.35546875 0.0671875 0.0671875
0 0.38828125 0.3921875 0.04375 0.0453125
0 0.21484375 0.44921875 0.040625 0.040625
0 0.0734375 0.5015625 0.0375 0.0375
0 0.8453125 0.87890625 0.0375 0.040625
0 0.26171875 0.9578125 0.0453125 0.0484375
0 0.1109375 0.7296875 0.0359375 0.0359375
0 0.35078125 0.3953125 0.034375 0.034375
0 0.34140625 0.43125 0.025 0.025
0 0.15859375 0.525 0.03125 0.034375
0 0.0984375 0.60546875 0.03125 0.034375
0 0.03515625 0.61875 0.0375 0.0390625
0 0.0578125 0.725 0.034375 0.034375
0 0.171875 0.3921875 0.053125 0.05625
0 0.59609375 0.73046875 0.025 0.0265625
0 0.64296875 0.9078125 0.0265625 0.0265625
0 0.734375 0.803125 0.03125 0.03125
0 0.6859375 0.521875 0.0625 0.065625
0 0.89765625 0.3140625 0.0265625 0.028125
0 0.60078125 0.525 0.0359375 0.0375
0 0.540625 0.553125 0.0265625 0.028125
0 0.57109375 0.5640625 0.0265625 0.0265625