0 0.92109375 0.03359375 0.0265625 0.025
0 0.61875 0.2671875 0.01640625 0.015625
0 0.646875 0.225 0.0140625 0.0125
0 0.6296875 0.37578125 0.02265625 0.021875
0 0.80390625 0.50703125 0.01640625 0.01640625
0 0.51171875 0.28984375 0.02734375 0.02734375
0 0.496875 0.2171875 0.01875 0.0171875
0 0.4734375 0.2875 0.01640625 0.01640625
0 0.49765625 0.3796875 0.01953125 0.01953125
0 0.45234375 0.3453125 0.015625 0.015625
0 0.29921875 0.03203125 0.01640625 0.015625
0 0.2671875 0.26875 0.01953125 0.01875
0 0.81328125 0.59375 0.0171875 0.0171875
0 0.25 0.3953125 0.02265625 0.02265625
0 0.1765625 0.3796875 0.01953125 0.01953125
0 0.3265625 0.95859375 0.01953125 0.01953125
0 0.2609375 0.8015625 0.08984375 0.0890625
0 0.1625 0.9875 0.0171875 0.0171875
0 0.14375 0.9828125 0.0171875 0.0171875
0 0.5359375 0.9859375 0.02265625 0.021875
0 0.575 0.8359375 0.0125 0.01171875
0 0.72578125 0.925 0.015625 0.015625
0 0.71171875 0.81171875 0.015625 0.015625
0 0.665625 0.703125 0.02265625 0.02265625
0 0.77265625 0.65859375 0.0203125 0.0203125
0 0.821875 0.6890625 0.0140625 0.0140625
0 0.8546875 0.64765625 0.01640625 0.01640625
0 0.24453125 0.9421875 0.01484375 0.01484375
0 0.32265625 0.628125 0.0125 0.0125
0 0.6296875 0.6296875 0.01171875 0.0109375
0 0.65546875 0.67578125 0.01171875 0.01171875
0 0.9859375 0.33515625 0.0125 0.0125
0 0.8359375 0.32109375 0.01171875 0.01171875
0 0.809375 0.55703125 0.01875 0.0171875
0 0.73125 0.5515625 0.0109375 0.0109375
0 0.65546875 0.55546875 0.0140625 0.0125
0 0.46171875 0.38125 0.0109375 0.0109375
0 0.3859375 0.45859375 0.0109375 0.009375
0 0.4 0.48828125 0.0109375 0.009375
0 0.1859375 0.40546875 0.021875 0.021875
0 0.203125 0.321875 0.009375 0.009375
0 0.36015625 0.3296875 0.01484375 0.01484375
0 0.4953125 0.2328125 0.0140625 0.0140625
0 0.475 0.23125 0.009375 0.009375
0 0.44296875 0.3109375 0.0140625 0.0125
0 0.41015625 0.33515625 0.0140625 0.0125
0 0.4046875 0.3609375 0.015625 0.015625
0 0.36171875 0.3515625 0.0140625 0.0140625
0 0.496875 0.30546875 0.02265625 0.021875
0 0.14375 0.328125 0.0140625 0.0125
0 0.12578125 0.31015625 0.0109375 0.0109375
0 0.1359375 0.30234375 0.01640625 0.01640625
0 0.0109375 0.50078125 0.021875 0.0234375
0 0.009375 0.35078125 0.0125 0.0125
0 0.02265625 0.2234375 0.01875 0.01875
0 0.17734375 0.1515625 0.01171875 0.0109375
0 0.12578125 0.06875 0.0125 0.0125
0 0.12265625 0.015625 0.0125 0.0125
0 0.13203125 0.03984375 0.021875 0.0203125
0 0.22578125 0.01484375 0.01484375 0.01484375
0 0.35625 0.13046875 0.0109375 0.009375
0 0.2796875 0.10625 0.0109375 0.0109375
0 0.3296875 0.0765625 0.0125 0.0125
0 0.44453125 0.09609375 0.0265625 0.025
0 0.5265625 0.00703125 0.01171875 0.0109375
0 0.44296875 0.13125 0.015625 0.01484375
0 0.425 0.14921875 0.01171875 0.0109375
0 0.4203125 0.1359375 0.0109375 0.0109375