0 0.1828125 0.259375 0.0359375 0.0359375
0 0.66953125 0.009375 0.0265625 0.01875
0 0.94921875 0.0578125 0.0265625 0.0265625
0 0.9671875 0.93125 0.06484375 0.06484375
0 0.44375 0.4625 0.03359375 0.03359375
0 0.4796875 0.7984375 0.03125 0.03125
0 0.4421875 0.8921875 0.09609375 0.09609375
0 0.2046875 0.97734375 0.0359375 0.0359375
0 0.2078125 0.6078125 0.03125 0.03125
0 0.17578125 0.8859375 0.08203125 0.08203125
0 0.0484375 0.32578125 0.0265625 0.02421875
0 0.2984375 0.48671875 0.02421875 0.02421875
0 0.7859375 0.92890625 0.0265625 0.0265625