0 0.9390625 0.1984375 0.04296875 0.040625
0 0.7921875 0.18984375 0.0265625 0.0265625
0 0.6765625 0.18984375 0.03359375 0.03359375
0 0.08671875 0.0453125 0.02890625 0.0265625
0 0.9890625 0.67578125 0.021875 0.03125
0 0.98046875 0.2984375 0.03359375 0.03125
0 0.60234375 0.98203125 0.071875 0.0359375
0 0.74375 0.9015625 0.02421875 0.02421875
0 0.475 0.87109375 0.40625 0.25703125
0 0.69375 0.37265625 0.02890625 0.0265625
0 0.19921875 0.3015625 0.30546875 0.2953125
0 0.50390625 0.23046875 0.33203125 0.321875
0 0.9109375 0.62109375 0.178125 0.478125