0 0.8015625 0.0609375 0.040625 0.04375
0 0.81015625 0.2078125 0.0265625 0.0265625
0 0.81015625 0.3234375 0.034375 0.034375
0 0.9546875 0.91328125 0.0265625 0.0296875
0 0.32421875 0.0109375 0.03125 0.021875
0 0.7015625 0.01953125 0.03125 0.034375
0 0.01796875 0.39765625 0.0359375 0.071875
0 0.0984375 0.25625 0.025 0.025
0 0.12890625 0.525 0.25625 0.40625
0 0.62734375 0.30625 0.0265625 0.028125
0 0.6984375 0.80078125 0.2953125 0.30625
0 0.76953125 0.49609375 0.321875 0.3328125
0 0.37890625 0.0890625 0.478125 0.178125