0 0.9390625 0.8015625 0.04375 0.040625
0 0.7921875 0.81015625 0.0265625 0.0265625
0 0.6765625 0.81015625 0.034375 0.034375
0 0.08671875 0.9546875 0.028125 0.0265625
0 0.9890625 0.32421875 0.021875 0.03125
0 0.98046875 0.7015625 0.034375 0.03125
0 0.60234375 0.01796875 0.071875 0.0359375
0 0.74375 0.0984375 0.025 0.025
0 0.475 0.12890625 0.40625 0.25625
0 0.69375 0.62734375 0.028125 0.0265625
0 0.19921875 0.6984375 0.30625 0.2953125
0 0.50390625 0.76953125 0.33125 0.321875
0 0.9109375 0.37890625 0.178125 0.478125