0 0.0328125 0.8234375 0.065625 0.0984375
0 0.1515625 0.97734375 0.08125 0.0453125
0 0.42421875 0.55390625 0.1125 0.1125
0 0.25625 0.47265625 0.075 0.075
0 0.93984375 0.46015625 0.040625 0.040625
0 0.79453125 0.1578125 0.059375 0.059375
0 0.96640625 0.2609375 0.0359375 0.0359375
0 0.1921875 0.16796875 0.1296875 0.1296875
0 0.12265625 0.509375 0.090625 0.090625
0 0.140625 0.02265625 0.0484375 0.0453125
0 0.65234375 0.14296875 0.115625 0.115625
0 0.7453125 0.28359375 0.0671875 0.0671875
0 0.678125 0.05390625 0.0265625 0.0265625
0 0.9109375 0.48046875 0.025 0.025
0 0.77890625 0.7828125 0.03125 0.03125
0 0.88671875 0.790625 0.0265625 0.0265625
0 0.3265625 0.9828125 0.0375 0.034375
0 0.16796875 0.803125 0.05 0.0515625
0 0.19453125 0.5671875 0.03125 0.03125
0 0.8390625 0.65 0.215625 0.228125