0 0.6390625 0.22578125 0.040625 0.0359375
0 0.89296875 0.12890625 0.2140625 0.2578125
0 0.85234375 0.03984375 0.125 0.0796875
0 0.9078125 0.78828125 0.034375 0.03125
0 0.8140625 0.69921875 0.0375 0.0359375
0 0.7515625 0.7046875 0.0375 0.0359375
0 0.61640625 0.640625 0.19375 0.1828125
0 0.8109375 0.68359375 0.378125 0.5484375
0 0.23671875 0.4015625 0.0484375 0.04375
0 0.3296875 0.334375 0.1734375 0.1625
0 0.1671875 0.36875 0.096875 0.0921875
0 0.08515625 0.6203125 0.1703125 0.2046875
0 0.4828125 0.50390625 0.16875 0.159375