0 0.1765625 0.0328125 0.0984375 0.06484375
0 0.02265625 0.1515625 0.0453125 0.08203125
0 0.44609375 0.42421875 0.11328125 0.11328125
0 0.52734375 0.25625 0.07421875 0.07421875
0 0.53984375 0.93984375 0.040625 0.040625
0 0.84375 0.7953125 0.06015625 0.06015625
0 0.7390625 0.96640625 0.0359375 0.0359375
0 0.83203125 0.1921875 0.1296875 0.1296875
0 0.490625 0.12265625 0.09140625 0.09140625
0 0.97734375 0.140625 0.0453125 0.0484375
0 0.85703125 0.65234375 0.115625 0.115625
0 0.71640625 0.7453125 0.0671875 0.0671875
0 0.94609375 0.678125 0.0265625 0.0265625
0 0.5203125 0.9109375 0.02421875 0.02421875
0 0.2171875 0.77890625 0.03125 0.03125
0 0.209375 0.88671875 0.0265625 0.0265625
0 0.0171875 0.3265625 0.03359375 0.03828125
0 0.1984375 0.16796875 0.05078125 0.05078125
0 0.4328125 0.19453125 0.03125 0.03125
0 0.35 0.8390625 0.228125 0.21640625