0 0.3609375 0.22578125 0.040625 0.0359375
0 0.10703125 0.12890625 0.2140625 0.25703125
0 0.14765625 0.03984375 0.125 0.0796875
0 0.0921875 0.78828125 0.03359375 0.03125
0 0.1859375 0.69921875 0.03828125 0.0359375
0 0.2484375 0.7046875 0.03828125 0.0359375
0 0.38359375 0.640625 0.19453125 0.1828125
0 0.1890625 0.68359375 0.37734375 0.5484375
0 0.76328125 0.4015625 0.0484375 0.04296875
0 0.6703125 0.334375 0.1734375 0.16328125
0 0.8328125 0.36875 0.09609375 0.09140625
0 0.91484375 0.6203125 0.1703125 0.2046875
0 0.5171875 0.50390625 0.16796875 0.15859375