0 0.75859375 0.8234375 0.03125 0.0296875
0 0.8640625 0.584375 0.034375 0.03125
0 0.3390625 0.74609375 0.0296875 0.0265625
0 0.09375 0.496875 0.021875 0.01875
0 0.82421875 0.4890625 0.0640625 0.059375
0 0.4578125 0.2453125 0.025 0.021875
0 0.50859375 0.440625 0.015625 0.0140625
0 0.6765625 0.30859375 0.0625 0.0578125
0 0.88984375 0.13359375 0.01875 0.0171875
0 0.46015625 0.2796875 0.0125 0.0125
0 0.2453125 0.4265625 0.0125 0.0109375
0 0.25625 0.3859375 0.0125 0.0109375
0 0.05546875 0.56640625 0.0109375 0.009375
0 0.05390625 0.8125 0.0125 0.0109375
0 0.359375 0.99296875 0.0125 0.0125
0 0.7890625 0.89140625 0.0125 0.0109375