0 0.8234375 0.0328125 0.0984375 0.065625
0 0.97734375 0.1515625 0.0453125 0.08125
0 0.55390625 0.42421875 0.1125 0.1125
0 0.47265625 0.25625 0.075 0.075
0 0.46015625 0.93984375 0.040625 0.040625
0 0.15625 0.7953125 0.059375 0.059375
0 0.2609375 0.96640625 0.0359375 0.0359375
0 0.16796875 0.1921875 0.1296875 0.1296875
0 0.509375 0.12265625 0.090625 0.090625
0 0.02265625 0.140625 0.0453125 0.0484375
0 0.14296875 0.65234375 0.115625 0.115625
0 0.28359375 0.7453125 0.0671875 0.0671875
0 0.05390625 0.678125 0.0265625 0.0265625
0 0.4796875 0.9109375 0.025 0.025
0 0.7828125 0.77890625 0.03125 0.03125
0 0.790625 0.88671875 0.0265625 0.0265625
0 0.9828125 0.3265625 0.034375 0.0375
0 0.8015625 0.16796875 0.05 0.05
0 0.5671875 0.19453125 0.03125 0.03125
0 0.65 0.8390625 0.228125 0.215625