0 0.9671875 0.1765625 0.065625 0.0984375
0 0.8484375 0.02265625 0.08125 0.0453125
0 0.57578125 0.44609375 0.1125 0.1125
0 0.74375 0.52734375 0.075 0.075
0 0.06015625 0.53984375 0.040625 0.040625
0 0.2046875 0.8421875 0.059375 0.059375
0 0.03359375 0.7390625 0.0359375 0.0359375
0 0.8078125 0.83203125 0.1296875 0.1296875
0 0.87734375 0.490625 0.090625 0.090625
0 0.859375 0.97734375 0.0484375 0.0453125
0 0.34765625 0.85703125 0.115625 0.115625
0 0.2546875 0.71640625 0.0671875 0.0671875
0 0.321875 0.94609375 0.0265625 0.0265625
0 0.0890625 0.51953125 0.025 0.025
0 0.22109375 0.2171875 0.03125 0.03125
0 0.11328125 0.209375 0.0265625 0.0265625
0 0.6734375 0.0171875 0.0375 0.034375
0 0.83203125 0.196875 0.05 0.05
0 0.80546875 0.4328125 0.03125 0.03125
0 0.1609375 0.35 0.215625 0.228125