0 0.8234375 0.24140625 0.0296875 0.03125
0 0.584375 0.1359375 0.03125 0.034375
0 0.74609375 0.6609375 0.0265625 0.0296875
0 0.496875 0.90625 0.01875 0.021875
0 0.4890625 0.17578125 0.059375 0.0640625
0 0.2453125 0.5421875 0.021875 0.025
0 0.440625 0.49140625 0.0140625 0.015625
0 0.30859375 0.3234375 0.0578125 0.0625
0 0.13359375 0.11015625 0.0171875 0.01875
0 0.2796875 0.53984375 0.0125 0.0125
0 0.4265625 0.7546875 0.0109375 0.0125
0 0.3859375 0.74375 0.0109375 0.0125
0 0.56640625 0.94453125 0.009375 0.0109375
0 0.8125 0.94609375 0.0109375 0.0125
0 0.99296875 0.640625 0.0125 0.0125
0 0.89140625 0.2109375 0.0109375 0.0125