0 0.9765625 0.03984375 0.025 0.025
0 0.978125 0.34375 0.0125 0.0125
0 0.9 0.09609375 0.059375 0.059375
0 0.92890625 0.38515625 0.028125 0.028125
0 0.4671875 0.0671875 0.025 0.025
0 0.86640625 0.31640625 0.028125 0.028125
0 0.84765625 0.275 0.021875 0.021875
0 0.70625 0.30234375 0.0265625 0.0265625
0 0.6859375 0.2625 0.034375 0.034375
0 0.67109375 0.22578125 0.0265625 0.0265625
0 0.6578125 0.18984375 0.021875 0.021875
0 0.5421875 0.3125 0.015625 0.015625
0 0.775 0.3875 0.015625 0.015625
0 0.68515625 0.41328125 0.6296875 0.8125
0 0.1078125 0.04765625 0.0234375 0.021875
0 0.02421875 0.92421875 0.015625 0.015625
0 0.084375 0.96015625 0.03125 0.03125
0 0.121875 0.81875 0.24375 0.25
0 0.2 0.53984375 0.025 0.025
0 0.334375 0.4734375 0.0171875 0.0171875
0 0.49921875 0.82578125 0.015625 0.015625
0 0.47109375 0.94609375 0.0234375 0.0234375
0 0.27421875 0.73984375 0.034375 0.034375
0 0.32265625 0.8921875 0.0171875 0.0171875
0 0.571875 0.8046875 0.0171875 0.0171875
0 0.78828125 0.5109375 0.015625 0.015625
0 0.86875 0.4921875 0.028125 0.028125
0 0.87109375 0.59765625 0.015625 0.015625
0 0.59296875 0.1578125 0.03125 0.03125
0 0.1375 0.1125 0.0265625 0.0265625
0 0.215625 0.659375 0.0265625 0.0265625
0 0.078125 0.97421875 0.0125 0.0125
0 0.14375 0.896875 0.009375 0.009375
0 0.271875 0.91875 0.009375 0.009375
0 0.7828125 0.8109375 0.021875 0.021875
0 0.7796875 0.91015625 0.0171875 0.0171875
0 0.80390625 0.81328125 0.0140625 0.0140625
0 0.79140625 0.83125 0.0171875 0.0171875
0 0.40546875 0.84140625 0.0140625 0.0140625
0 0.32890625 0.72734375 0.0125 0.0125
0 0.2859375 0.82421875 0.015625 0.015625
0 0.23359375 0.734375 0.015625 0.015625
0 0.11875 0.84609375 0.0125 0.0125
0 0.053125 0.70078125 0.0140625 0.0140625
0 0.04140625 0.690625 0.0140625 0.0140625
0 0.0296875 0.675 0.0125 0.0125
0 0.01484375 0.8671875 0.009375 0.0109375
0 0.14921875 0.65 0.015625 0.015625
0 0.22734375 0.58984375 0.0125 0.0125
0 0.29609375 0.646875 0.015625 0.015625
0 0.32265625 0.48359375 0.015625 0.015625
0 0.359375 0.45234375 0.01875 0.01875
0 0.3546875 0.51640625 0.0140625 0.0140625
0 0.66640625 0.5671875 0.0140625 0.0140625
0 0.8140625 0.63359375 0.015625 0.015625
0 0.7234375 0.60546875 0.009375 0.009375
0 0.634375 0.5390625 0.0125 0.0125
0 0.91953125 0.34453125 0.0140625 0.0140625
0 0.78046875 0.153125 0.0234375 0.0234375
0 0.715625 0.021875 0.015625 0.015625
0 0.20234375 0.24140625 0.0109375 0.0109375
0 0.159375 0.2921875 0.0109375 0.0109375
0 0.1015625 0.24296875 0.0515625 0.0515625
0 0.05078125 0.1546875 0.0109375 0.0109375
0 0.1296875 0.14140625 0.01875 0.0203125
0 0.02734375 0.13046875 0.0125 0.0125