0 0.96015625 0.9765625 0.025 0.025
0 0.65625 0.978125 0.0125 0.0125
0 0.90390625 0.9 0.059375 0.059375
0 0.61484375 0.92890625 0.028125 0.028125
0 0.9328125 0.4671875 0.025 0.025
0 0.68359375 0.86640625 0.028125 0.028125
0 0.725 0.84765625 0.021875 0.021875
0 0.69765625 0.70625 0.0265625 0.0265625
0 0.7375 0.6859375 0.034375 0.034375
0 0.77421875 0.67109375 0.0265625 0.0265625
0 0.81015625 0.6578125 0.021875 0.021875
0 0.6875 0.5421875 0.015625 0.015625
0 0.6125 0.775 0.015625 0.015625
0 0.58671875 0.68515625 0.8125 0.6296875
0 0.95234375 0.1078125 0.021875 0.021875
0 0.07578125 0.02421875 0.015625 0.015625
0 0.03984375 0.084375 0.03125 0.03125
0 0.18125 0.121875 0.25 0.24375
0 0.46015625 0.2 0.025 0.025
0 0.5265625 0.334375 0.0171875 0.0171875
0 0.17421875 0.49921875 0.015625 0.015625
0 0.05390625 0.47109375 0.0234375 0.0234375
0 0.26015625 0.27421875 0.034375 0.034375
0 0.1078125 0.32265625 0.0171875 0.0171875
0 0.1953125 0.571875 0.0171875 0.0171875
0 0.4890625 0.78828125 0.015625 0.015625
0 0.5078125 0.86875 0.028125 0.028125
0 0.40234375 0.87109375 0.015625 0.015625
0 0.8421875 0.59296875 0.03125 0.03125
0 0.8875 0.1375 0.0265625 0.0265625
0 0.340625 0.215625 0.0265625 0.0265625
0 0.02578125 0.078125 0.0125 0.0125
0 0.103125 0.14375 0.009375 0.009375
0 0.08125 0.271875 0.009375 0.009375
0 0.1890625 0.7828125 0.021875 0.021875
0 0.08984375 0.7796875 0.0171875 0.0171875
0 0.18671875 0.80390625 0.0140625 0.0140625
0 0.16875 0.79140625 0.0171875 0.0171875
0 0.15859375 0.40546875 0.0140625 0.0140625
0 0.27265625 0.32890625 0.0125 0.0125
0 0.17578125 0.2859375 0.015625 0.015625
0 0.265625 0.23359375 0.015625 0.015625
0 0.15390625 0.11875 0.0125 0.0125
0 0.29921875 0.053125 0.0140625 0.0140625
0 0.309375 0.04140625 0.0140625 0.0140625
0 0.325 0.0296875 0.0125 0.0125
0 0.1328125 0.01484375 0.0109375 0.009375
0 0.35 0.14921875 0.015625 0.015625
0 0.41015625 0.22734375 0.0125 0.0125
0 0.353125 0.29609375 0.015625 0.015625
0 0.51640625 0.32265625 0.015625 0.015625
0 0.54765625 0.359375 0.01875 0.01875
0 0.48359375 0.3546875 0.0140625 0.0140625
0 0.4328125 0.66640625 0.0140625 0.0140625
0 0.36640625 0.8140625 0.015625 0.015625
0 0.39453125 0.7234375 0.009375 0.009375
0 0.4609375 0.634375 0.0125 0.0125
0 0.65546875 0.91953125 0.0140625 0.0140625
0 0.846875 0.78046875 0.0234375 0.0234375
0 0.978125 0.715625 0.015625 0.015625
0 0.75859375 0.20234375 0.0109375 0.0109375
0 0.7078125 0.159375 0.0109375 0.0109375
0 0.75703125 0.1015625 0.0515625 0.0515625
0 0.8453125 0.05078125 0.0109375 0.0109375
0 0.85859375 0.1296875 0.01875 0.01875
0 0.86953125 0.02734375 0.0125 0.0125