0 0.0234375 0.03984375 0.025 0.025
0 0.021875 0.34375 0.01171875 0.01171875
0 0.1 0.09609375 0.059375 0.059375
0 0.07109375 0.38515625 0.028125 0.028125
0 0.5328125 0.0671875 0.025 0.025
0 0.13359375 0.31640625 0.028125 0.028125
0 0.15234375 0.275 0.021875 0.021875
0 0.29375 0.30234375 0.0265625 0.0265625
0 0.3140625 0.2625 0.03515625 0.03515625
0 0.32890625 0.22578125 0.0265625 0.0265625
0 0.3421875 0.18984375 0.021875 0.021875
0 0.4578125 0.3125 0.01484375 0.01484375
0 0.225 0.3875 0.015625 0.015625
0 0.31484375 0.41328125 0.6296875 0.81171875
0 0.8921875 0.04765625 0.02265625 0.02265625
0 0.97578125 0.92421875 0.01484375 0.01484375
0 0.915625 0.96015625 0.03125 0.03125
0 0.878125 0.81875 0.24375 0.25078125
0 0.8 0.53984375 0.02421875 0.02421875
0 0.665625 0.4734375 0.0171875 0.0171875
0 0.50078125 0.82578125 0.01640625 0.01640625
0 0.52890625 0.94609375 0.0234375 0.0234375
0 0.72578125 0.73984375 0.03515625 0.03515625
0 0.67734375 0.8921875 0.0171875 0.0171875
0 0.428125 0.8046875 0.0171875 0.0171875
0 0.21171875 0.5109375 0.01640625 0.01640625
0 0.13125 0.4921875 0.02734375 0.02734375
0 0.12890625 0.59765625 0.01640625 0.01640625
0 0.40703125 0.1578125 0.03125 0.03125
0 0.8625 0.1125 0.0265625 0.0265625
0 0.784375 0.659375 0.0265625 0.0265625
0 0.921875 0.97421875 0.01171875 0.01171875
0 0.85625 0.896875 0.009375 0.009375
0 0.728125 0.91875 0.009375 0.009375
0 0.2171875 0.8109375 0.021875 0.021875
0 0.2203125 0.91015625 0.0171875 0.0171875
0 0.19609375 0.81328125 0.0140625 0.0140625
0 0.20859375 0.83125 0.0171875 0.0171875
0 0.59453125 0.84140625 0.0140625 0.0140625
0 0.67109375 0.72734375 0.01171875 0.01171875
0 0.7140625 0.82421875 0.01640625 0.01640625
0 0.76640625 0.734375 0.015625 0.015625
0 0.88125 0.84609375 0.0125 0.0125
0 0.946875 0.70078125 0.0140625 0.0140625
0 0.95859375 0.690625 0.0140625 0.0140625
0 0.9703125 0.675 0.01171875 0.01171875
0 0.98515625 0.8671875 0.009375 0.0109375
0 0.85078125 0.65 0.01484375 0.01484375
0 0.77265625 0.58984375 0.0125 0.0125
0 0.70390625 0.646875 0.01484375 0.01484375
0 0.67734375 0.48359375 0.015625 0.015625
0 0.640625 0.45234375 0.01953125 0.01953125
0 0.6453125 0.51640625 0.0140625 0.0140625
0 0.33359375 0.5671875 0.0140625 0.0140625
0 0.1859375 0.63359375 0.01640625 0.01640625
0 0.2765625 0.60546875 0.009375 0.009375
0 0.365625 0.5390625 0.0125 0.0125
0 0.08046875 0.34453125 0.0140625 0.0140625
0 0.21953125 0.153125 0.0234375 0.0234375
0 0.284375 0.021875 0.015625 0.015625
0 0.79765625 0.24140625 0.0109375 0.0109375
0 0.840625 0.2921875 0.0109375 0.0109375
0 0.8984375 0.24296875 0.0515625 0.0515625
0 0.94921875 0.1546875 0.0109375 0.0109375
0 0.8703125 0.14140625 0.01953125 0.01953125
0 0.97265625 0.13046875 0.0125 0.0125