0 0.56171875 0.2078125 0.67109375 0.41484375
0 0.840625 0.12734375 0.01484375 0.0140625
0 0.859375 0.1421875 0.0328125 0.03046875
0 0.728125 0.56640625 0.0109375 0.009375
0 0.67109375 0.628125 0.025 0.0234375
0 0.7953125 0.384375 0.0109375 0.009375
0 0.64375 0.4765625 0.0265625 0.02421875
0 0.7984375 0.2484375 0.01171875 0.0109375
0 0.80390625 0.1375 0.03046875 0.028125
0 0.740625 0.04296875 0.0171875 0.01640625
0 0.4984375 0.56875 0.02421875 0.02265625
0 0.53828125 0.5546875 0.128125 0.1171875
0 0.58125 0.29375 0.0703125 0.0640625
0 0.55078125 0.0296875 0.0578125 0.053125
0 0.4640625 0.15625 0.02421875 0.02265625
0 0.33359375 0.403125 0.0203125 0.01875
0 0.31328125 0.521875 0.0109375 0.0109375
0 0.27265625 0.29375 0.021875 0.01953125
0 0.05859375 0.30078125 0.03984375 0.0375
0 0.0171875 0.21796875 0.034375 0.0328125
0 0.0703125 0.44140625 0.0109375 0.009375
0 0.00625 0.5296875 0.0125 0.01484375
0 0.325 0.57109375 0.0125 0.01171875
0 0.32890625 0.55625 0.03203125 0.03046875
0 0.33828125 0.56875 0.0109375 0.009375
0 0.19453125 0.5984375 0.01171875 0.0109375
0 0.246875 0.6171875 0.01171875 0.0109375
0 0.43828125 0.77265625 0.02734375 0.02421875
0 0.0359375 0.74609375 0.0125 0.01171875
0 0.0765625 0.73984375 0.0390625 0.0359375
0 0.03828125 0.64765625 0.0765625 0.13359375
0 0.12578125 0.73984375 0.09375 0.0859375
0 0.10390625 0.81796875 0.115625 0.10546875
0 0.2703125 0.8390625 0.01171875 0.0109375
0 0.31328125 0.80078125 0.01171875 0.0109375
0 0.403125 0.9546875 0.0171875 0.01640625
0 0.515625 0.715625 0.01484375 0.0140625
0 0.6265625 0.83515625 0.01484375 0.0140625
0 0.72734375 0.7515625 0.01640625 0.01484375
0 0.6859375 0.76484375 0.0109375 0.009375
0 0.8 0.8484375 0.0171875 0.01640625
0 0.859375 0.92109375 0.0140625 0.0125
0 0.5796875 0.63828125 0.0125 0.01171875
0 0.95390625 0.5734375 0.0109375 0.009375
0 0.028125 0.14765625 0.01171875 0.0109375
0 0.271875 0.2375 0.01171875 0.0109375
0 0.928125 0.65546875 0.0109375 0.009375
0 0.56875 0.74375 0.0109375 0.009375
0 0.34609375 0.89921875 0.01171875 0.0109375
0 0.19375 0.93984375 0.0125 0.01171875
0 0.025 0.97578125 0.01171875 0.0109375
0 0.49765625 0.9640625 0.0125 0.01171875