0 0.10078125 0.353125 0.2015625 0.2234375
0 0.31640625 0.678125 0.040625 0.0453125
0 0.2984375 0.75 0.0453125 0.05
0 0.92578125 0.15078125 0.1484375 0.2578125
0 0.85 0.5671875 0.0359375 0.0375
0 0.98671875 0.86640625 0.0265625 0.040625
0 0.95703125 0.98046875 0.03125 0.0359375
0 0.775 0.8390625 0.03125 0.0359375
0 0.546875 0.9171875 0.0484375 0.053125
0 0.67421875 0.8015625 0.025 0.0265625
0 0.67578125 0.8765625 0.0265625 0.0296875
0 0.49140625 0.98046875 0.034375 0.0375
0 0.44609375 0.61875 0.028125 0.034375
0 0.646875 0.928125 0.025 0.028125
0 0.70703125 0.7875 0.025 0.0265625
0 0.3171875 0.4734375 0.1421875 0.15625