0 0.646875 0.89765625 0.2234375 0.2015625
0 0.321875 0.68359375 0.0453125 0.040625
0 0.25 0.7015625 0.05 0.0453125
0 0.84765625 0.075 0.2578125 0.15
0 0.4328125 0.15 0.0375 0.0359375
0 0.13125 0.01484375 0.040625 0.0296875
0 0.0203125 0.04296875 0.0359375 0.03125
0 0.1609375 0.225 0.0359375 0.03125
0 0.0828125 0.453125 0.053125 0.0484375
0 0.1984375 0.32578125 0.0265625 0.025
0 0.1234375 0.32421875 0.028125 0.0265625
0 0.01953125 0.50859375 0.0375 0.034375
0 0.38125 0.55390625 0.034375 0.028125
0 0.071875 0.353125 0.028125 0.025
0 0.2125 0.29296875 0.0265625 0.025
0 0.5265625 0.6828125 0.15625 0.1421875