0 0.190625 0.06796875 0.0078125 0.00703125
0 0.6078125 0.66015625 0.00625 0.00625
0 0.3515625 0.92890625 0.00625 0.00625
0 0.12890625 0.915625 0.00625 0.0046875
0 0.35625 0.878125 0.00625 0.0046875
0 0.19453125 0.20390625 0.00625 0.00625
0 0.35078125 0.3640625 0.0109375 0.0109375
0 0.85859375 0.52734375 0.00625 0.00625
0 0.99609375 0.7359375 0.00625 0.00625
0 0.4390625 0.2984375 0.00703125 0.00703125
0 0.01953125 0.3265625 0.00625 0.00625
0 0.6859375 0.528125 0.00703125 0.00703125
0 0.7609375 0.5875 0.0125 0.01484375
0 0.4609375 0.24375 0.00625 0.00625
0 0.64921875 0.6546875 0.0078125 0.0078125
0 0.8015625 0.5484375 0.00703125 0.00625
0 0.87578125 0.18359375 0.00703125 0.0078125
0 0.42578125 0.8859375 0.00625 0.00625
0 0.29765625 0.6203125 0.00625 0.0046875
0 0.24453125 0.215625 0.00703125 0.00625
0 0.41875 0.89609375 0.0140625 0.0125
0 0.41875 0.1421875 0.00703125 0.00625
0 0.9265625 0.353125 0.00703125 0.00625
0 0.21328125 0.9671875 0.00703125 0.00625
0 0.6109375 0.01953125 0.00625 0.00625
0 0.39765625 0.39140625 0.00859375 0.009375
0 0.0796875 0.64296875 0.00703125 0.0046875
0 0.07421875 0.19453125 0.0140625 0.0125
0 0.87421875 0.99296875 0.00703125 0.00625
0 0.2609375 0.478125 0.00625 0.0046875
0 0.80546875 0.84921875 0.00703125 0.00703125
0 0.67421875 0.4359375 0.00703125 0.00703125
0 0.98828125 0.1890625 0.00625 0.00625
0 0.02421875 0.37890625 0.009375 0.009375
0 0.771875 0.75078125 0.00625 0.00625
0 0.778125 0.61484375 0.0140625 0.0125
0 0.871875 0.0734375 0.009375 0.00859375
0 0.19609375 0.6125 0.00625 0.00625
0 0.70703125 0.6390625 0.00625 0.00703125
0 0.275 0.065625 0.009375 0.009375
0 0.8640625 0.5921875 0.0078125 0.0078125
0 0.009375 0.75078125 0.00859375 0.00859375
0 0.365625 0.48203125 0.00703125 0.00703125
0 0.65 0.490625 0.00703125 0.00625
0 0.3296875 0.325 0.00859375 0.0078125
0 0.40234375 0.9625 0.00625 0.00703125
0 0.3921875 0.88984375 0.0078125 0.0078125
0 0.46796875 0.7796875 0.01171875 0.01171875
0 0.20234375 0.0125 0.00625 0.00625
0 0.95859375 0.88359375 0.0125 0.0140625
0 0.2203125 0.740625 0.00625 0.00625
0 0.77265625 0.79921875 0.0109375 0.00859375
0 0.76640625 0.1921875 0.00625 0.0046875
0 0.40703125 0.50625 0.00625 0.00625
0 0.059375 0.55546875 0.00703125 0.0046875
0 0.75 0.58125 0.00625 0.00703125
0 0.18828125 0.6765625 0.0078125 0.0078125
0 0.39921875 0.9 0.0109375 0.0109375
0 0.1859375 0.721875 0.0046875 0.00625
0 0.3140625 0.2203125 0.00703125 0.00703125
0 0.41640625 0.415625 0.00859375 0.0078125
0 0.17578125 0.9015625 0.0078125 0.0078125
0 0.94453125 0.42890625 0.00703125 0.00703125
0 0.3953125 0.9359375 0.0078125 0.0078125
0 0.20859375 0.93125 0.00703125 0.0078125
0 0.3546875 0.99609375 0.0078125 0.0078125
0 0.11015625 0.98515625 0.00625 0.0046875
0 0.47578125 0.06875 0.015625 0.015625
0 0.2234375 0.21953125 0.0109375 0.01171875
0 0.059375 0.92265625 0.00625 0.00625
0 0.7375 0.03203125 0.00625 0.00625
0 0.99296875 0.2296875 0.00625 0.00625
0 0.26015625 0.2921875 0.0203125 0.0203125
0 0.290625 0.1125 0.00703125 0.00625
0 0.31953125 0.78359375 0.0078125 0.00703125
0 0.74921875 0.0484375 0.00625 0.00625
0 0.2671875 0.2375 0.00859375 0.00859375
0 0.19375 0.93984375 0.0078125 0.00859375
0 0.9671875 0.38203125 0.0078125 0.00625
0 0.528125 0.553125 0.1078125 0.11796875
0 0.68046875 0.2359375 0.0078125 0.00703125
0 0.62421875 0.8890625 0.00625 0.0046875
0 0.2859375 0.75703125 0.00625 0.00625
0 0.36171875 0.8578125 0.00859375 0.0078125
0 0.7046875 0.19609375 0.00703125 0.00625
0 0.35546875 0.6828125 0.00625 0.00625
0 0.315625 0.25546875 0.00703125 0.00703125
0 0.0921875 0.55390625 0.0078125 0.00703125
0 0.7140625 0.2671875 0.01640625 0.015625
0 0.36875 0.48828125 0.00625 0.00625
0 0.1453125 0.11015625 0.0296875 0.028125
0 0.0109375 0.79140625 0.00625 0.00703125
0 0.12265625 0.73671875 0.0890625 0.0828125
0 0.63125 0.6828125 0.0109375 0.01171875
0 0.6140625 0.49375 0.00625 0.00703125
0 0.46953125 0.99296875 0.00625 0.00703125
0 0.99765625 0.20859375 0.0046875 0.0078125
0 0.56875 0.65 0.00625 0.00625
0 0.7625 0.4171875 0.00625 0.00625
0 0.30390625 0.4171875 0.00703125 0.00703125
0 0.128125 0.16015625 0.00625 0.00625
0 0.1765625 0.128125 0.00703125 0.00625
0 0.21015625 0.9109375 0.00625 0.00625
0 0.4046875 0.8625 0.0078125 0.00703125
0 0.25390625 0.18671875 0.00625 0.00625
0 0.540625 0.02890625 0.065625 0.05390625
0 0.98984375 0.35 0.00703125 0.00625
0 0.1734375 0.4453125 0.00703125 0.00625
0 0.25625 0.8484375 0.00703125 0.00625
0 0.85546875 0.7890625 0.00625 0.00625
0 0.95390625 0.659375 0.00625 0.00703125
0 0.26875 0.26875 0.00703125 0.00625
0 0.78671875 0.4328125 0.00703125 0.00625
0 0.88203125 0.709375 0.00703125 0.00703125
0 0.978125 0.34375 0.00703125 0.00625
0 0.81796875 0.2140625 0.00703125 0.00703125
0 0.24921875 0.69375 0.00625 0.00625
0 0.17578125 0.13984375 0.0078125 0.0078125
0 0.2234375 0.0109375 0.0078125 0.0078125
0 0.53046875 0.23125 0.00703125 0.00703125
0 0.02421875 0.5359375 0.00625 0.00625
0 0.32734375 0.1328125 0.00703125 0.0078125
0 0.8828125 0.17109375 0.0078125 0.00703125
0 0.3578125 0.3765625 0.0140625 0.01171875
0 0.7203125 0.90625 0.0078125 0.0078125
0 0.5296875 0.08515625 0.00625 0.00703125
0 0.19296875 0.05234375 0.00859375 0.00703125
0 0.975 0.2828125 0.00703125 0.0078125
0 0.1984375 0.38984375 0.00703125 0.00703125
0 0.196875 0.43671875 0.0125 0.01171875
0 0.2640625 0.80234375 0.0078125 0.00703125
0 0.9828125 0.13515625 0.00703125 0.00703125
0 0.6203125 0.36875 0.00625 0.00703125
0 0.6609375 0.96484375 0.00703125 0.00625
0 0.46484375 0.684375 0.00625 0.00625
0 0.3640625 0.47734375 0.00703125 0.00625
0 0.71484375 0.58515625 0.00625 0.00703125
0 0.03984375 0.33125 0.00703125 0.00625
0 0.85625 0.2921875 0.00703125 0.00625
0 0.6 0.63515625 0.0078125 0.00703125
0 0.44375 0.63359375 0.00703125 0.00625
0 0.86640625 0.4546875 0.00859375 0.0078125
0 0.7078125 0.8609375 0.00625 0.00625
0 0.75625 0.3546875 0.0078125 0.0078125
0 0.6859375 0.65 0.00625 0.00625
0 0.35078125 0.7296875 0.00625 0.00625
0 0.74921875 0.60078125 0.00703125 0.00703125
0 0.634375 0.69609375 0.00703125 0.00625
0 0.69453125 0.69140625 0.0078125 0.0078125
0 0.27421875 0.97578125 0.00703125 0.00703125
0 0.4796875 0.46171875 0.0078125 0.0078125
0 0.509375 0.1703125 0.0078125 0.00703125
0 0.09453125 0.3390625 0.0078125 0.00703125
0 0.709375 0.6109375 0.00703125 0.00625
0 0.215625 0.87890625 0.00703125 0.00625
0 0.346875 0.58984375 0.00703125 0.00625
0 0.78515625 0.56171875 0.0078125 0.0078125
0 0.30625 0.378125 0.00703125 0.00625
0 0.2125 0.6640625 0.00703125 0.00625
0 0.3578125 0.59921875 0.00703125 0.00703125
0 0.7140625 0.9125 0.00703125 0.00703125
0 0.7296875 0.10078125 0.00625 0.00625
0 0.81953125 0.7234375 0.00625 0.00625
0 0.94609375 0.7125 0.0078125 0.00703125
0 0.040625 0.7203125 0.00625 0.00625
0 0.88828125 0.73125 0.00703125 0.00703125
0 0.99375 0.334375 0.009375 0.00859375
0 0.63203125 0.775 0.0078125 0.0078125
0 0.74140625 0.8453125 0.00703125 0.00625
0 0.18515625 0.9390625 0.0125 0.0125
0 0.303125 0.10625 0.0078125 0.0078125
0 0.896875 0.53203125 0.00859375 0.0078125
0 0.8015625 0.8046875 0.00625 0.00625
0 0.709375 0.553125 0.00625 0.00625
0 0.896875 0.93203125 0.00703125 0.00703125
0 0.64921875 0.9046875 0.00703125 0.00703125
0 0.5234375 0.21015625 0.0078125 0.0078125
0 0.2609375 0.20390625 0.0078125 0.0078125
0 0.790625 0.4171875 0.0078125 0.00703125
0 0.94453125 0.46640625 0.00703125 0.00703125
0 0.990625 0.3234375 0.009375 0.00859375
0 0.12421875 0.3484375 0.00703125 0.00703125
0 0.934375 0.5078125 0.00703125 0.00625
0 0.30234375 0.55546875 0.00703125 0.00703125
0 0.3625 0.821875 0.00703125 0.00625
0 0.1625 0.08203125 0.00703125 0.0078125
0 0.87421875 0.2265625 0.0078125 0.0078125
0 0.85078125 0.6609375 0.00625 0.00703125
0 0.90859375 0.6765625 0.00703125 0.00625
0 0.3046875 0.86015625 0.00625 0.00625
0 0.70625 0.7546875 0.0078125 0.0078125
0 0.971875 0.2734375 0.0109375 0.009375
0 0.9234375 0.28046875 0.00859375 0.00859375
0 0.67578125 0.996875 0.0171875 0.0046875
0 0.834375 0.8109375 0.00859375 0.0078125
0 0.0625 0.98671875 0.009375 0.00859375
0 0.35859375 0.42109375 0.00859375 0.00859375
0 0.41796875 0.96796875 0.0078125 0.0078125
0 0.984375 0.0046875 0.0078125 0.00703125
0 0.64609375 0.2375 0.00859375 0.0078125
0 0.04921875 0.45 0.00703125 0.00625
0 0.56328125 0.80625 0.00703125 0.0078125
0 0.178125 0.07890625 0.0078125 0.0078125
0 0.5171875 0.98515625 0.00703125 0.0078125
0 0.2734375 0.246875 0.01171875 0.01171875
0 0.096875 0.29765625 0.00703125 0.00625
0 0.7921875 0.67890625 0.009375 0.009375
0 0.05234375 0.48125 0.00703125 0.00703125
0 0.01484375 0.55859375 0.009375 0.009375
0 0.0328125 0.64765625 0.065625 0.13203125
0 0.43125 0.9796875 0.00859375 0.00859375
0 0.9515625 0.58125 0.00859375 0.00859375
0 0.2875 0.2140625 0.0078125 0.0078125
0 0.7640625 0.96796875 0.00703125 0.00703125
0 0.9828125 0.58671875 0.00703125 0.00703125
0 0.97734375 0.8703125 0.00703125 0.00703125
0 0.41328125 0.6140625 0.00703125 0.00625
0 0.2984375 0.49453125 0.00703125 0.00703125
0 0.346875 0.5265625 0.00703125 0.00625
0 0.0640625 0.66484375 0.0078125 0.00703125
0 0.72265625 0.24296875 0.0078125 0.00703125
0 0.6921875 0.7125 0.0078125 0.00859375
0 0.1875 0.91171875 0.0078125 0.00703125
0 0.0921875 0.046875 0.00703125 0.00625
0 0.25078125 0.2390625 0.00703125 0.00703125
0 0.34296875 0.40546875 0.0078125 0.00703125
0 0.84296875 0.975 0.0078125 0.00703125
0 0.38515625 0.78984375 0.00703125 0.00625
0 0.778125 0.81015625 0.00703125 0.00703125
0 0.20390625 0.9921875 0.0703125 0.015625
0 0.1765625 0.3296875 0.00703125 0.00703125
0 0.62421875 0.0671875 0.00703125 0.00703125
0 0.65 0.76484375 0.00703125 0.00703125
0 0.33046875 0.84296875 0.00703125 0.00703125
0 0.44609375 0.50078125 0.009375 0.009375
0 0.66484375 0.79453125 0.00859375 0.00859375
0 0.38125 0.7609375 0.00859375 0.0078125
0 0.475 0.13203125 0.0125 0.01171875
0 0.74296875 0.92421875 0.0078125 0.00703125
0 0.5921875 0.24375 0.0109375 0.009375
0 0.05703125 0.20859375 0.00703125 0.00703125
0 0.8265625 0.79609375 0.00859375 0.00859375
0 0.03984375 0.2078125 0.00859375 0.0078125
0 0.39140625 0.46796875 0.00703125 0.00703125
0 0.80625 0.196875 0.00859375 0.0078125
0 0.43515625 0.72265625 0.00703125 0.00625
0 0.6578125 0.74375 0.00703125 0.00703125
0 0.246875 0.940625 0.00859375 0.0078125
0 0.04609375 0.553125 0.00859375 0.00859375
0 0.5 0.53671875 0.009375 0.00859375
0 0.18359375 0.92734375 0.0140625 0.0125
0 0.79609375 0.01953125 0.0078125 0.0078125
0 0.2046875 0.6234375 0.0078125 0.00703125
0 0.57109375 0.753125 0.0109375 0.009375
0 0.228125 0.7484375 0.00703125 0.00625
0 0.178125 0.35078125 0.00859375 0.00859375
0 0.315625 0.478125 0.00859375 0.00859375
0 0.67890625 0.1140625 0.00703125 0.00703125
0 0.7875 0.246875 0.0109375 0.009375
0 0.78828125 0.846875 0.01484375 0.0140625
0 0.72890625 0.13515625 0.00703125 0.00703125
0 0.9515625 0.73203125 0.0078125 0.00703125
0 0.8375 0.5921875 0.00859375 0.00859375
0 0.7046875 0.16328125 0.009375 0.00859375
0 0.0578125 0.034375 0.00859375 0.00859375
0 0.53359375 0.66171875 0.00703125 0.00703125
0 0.2375 0.71953125 0.009375 0.00859375
0 0.92734375 0.93515625 0.00859375 0.00859375
0 0.16953125 0.04453125 0.00859375 0.00859375
0 0.2 0.375 0.0078125 0.0078125
0 0.3828125 0.9890625 0.009375 0.00859375
0 0.2828125 0.259375 0.0078125 0.0078125
0 0.97734375 0.0515625 0.0109375 0.0109375
0 0.79375 0.39296875 0.0109375 0.0109375
0 0.740625 0.47734375 0.0109375 0.0109375
0 0.1265625 0.58828125 0.00703125 0.00703125
0 0.3109375 0.61875 0.00625 0.00703125
0 0.68359375 0.8109375 0.0078125 0.00703125
0 0.03828125 0.40390625 0.00859375 0.00859375
0 0.71171875 0.1 0.009375 0.009375
0 0.209375 0.69609375 0.0078125 0.0078125
0 0.8875 0.6609375 0.00859375 0.00859375
0 0.21953125 0.5015625 0.00859375 0.00859375
0 0.06953125 0.45078125 0.01171875 0.0109375
0 0.4625 0.26640625 0.009375 0.009375
0 0.20625 0.4515625 0.0109375 0.00859375
0 0.24140625 0.8765625 0.00859375 0.00859375
0 0.828125 0.7640625 0.009375 0.00859375
0 0.5671875 0.63515625 0.01171875 0.0109375
0 0.59296875 0.025 0.00703125 0.0078125
0 0.928125 0.665625 0.0109375 0.0109375
0 0.84609375 0.91875 0.01484375 0.01484375
0 0.8734375 0.43828125 0.01171875 0.0109375
0 0.2609375 0.1625 0.0109375 0.0109375
0 0.79296875 0.13515625 0.0328125 0.03046875
0 0.68359375 0.775 0.01171875 0.0109375
0 0.4875 0.96328125 0.0109375 0.0109375
0 0.14296875 0.17421875 0.00859375 0.00859375
0 0.33671875 0.575 0.0109375 0.009375
0 0.284375 0.915625 0.009375 0.009375
0 0.028125 0.98515625 0.01171875 0.0109375
0 0.1265625 0.14140625 0.0078125 0.0078125
0 0.13359375 0.3078125 0.01171875 0.0109375
0 0.33671875 0.89765625 0.01171875 0.01171875
0 0.82890625 0.12578125 0.015625 0.01484375
0 0.025 0.74375 0.0125 0.01171875
0 0.3140625 0.56875 0.0125 0.01171875
0 0.30234375 0.796875 0.0125 0.01171875
0 0.17265625 0.5171875 0.0109375 0.009375
0 0.74609375 0.796875 0.01171875 0.009375
0 0.31796875 0.553125 0.03203125 0.03203125
0 0.18359375 0.59453125 0.01171875 0.009375
0 0.29453125 0.471875 0.00859375 0.0078125
0 0.715625 0.74765625 0.0140625 0.0125
0 0.246875 0.6265625 0.01171875 0.01171875
0 0.83125 0.825 0.01171875 0.01171875
0 0.6140625 0.8328125 0.0171875 0.01640625
0 0.25859375 0.83515625 0.0109375 0.0109375
0 0.01953125 0.146875 0.01171875 0.01171875
0 0.72578125 0.575 0.01171875 0.01171875
0 0.3140625 0.5296875 0.0125 0.01171875
0 0.50546875 0.71171875 0.0125 0.0125
0 0.0484375 0.3 0.04296875 0.03984375
0 0.4515625 0.1515625 0.02265625 0.02265625
0 0.02734375 0.80234375 0.053125 0.1140625
0 0.0125 0.2171875 0.025 0.0328125
0 0.728125 0.0421875 0.015625 0.015625
0 0.39140625 0.95078125 0.0171875 0.01640625
0 0.659375 0.62421875 0.025 0.02421875
0 0.065625 0.7375 0.0421875 0.03828125
0 0.846875 0.1421875 0.034375 0.03203125
0 0.63359375 0.4734375 0.025 0.025
0 0.1 0.815625 0.103125 0.10625
0 0.56953125 0.2921875 0.06640625 0.06953125
0 0.321875 0.40078125 0.0171875 0.01640625
0 0.428125 0.76875 0.025 0.02421875
0 0.4875 0.56484375 0.0234375 0.02265625