0 0.190625 0.93203125 0.0078125 0.00625
0 0.6078125 0.33984375 0.00625 0.00625
0 0.3515625 0.07109375 0.00625 0.00625
0 0.12890625 0.084375 0.00625 0.0046875
0 0.35625 0.121875 0.00625 0.0046875
0 0.19453125 0.79609375 0.00625 0.00625
0 0.35078125 0.6359375 0.0109375 0.0109375
0 0.85859375 0.47265625 0.00625 0.00625
0 0.99609375 0.2640625 0.00625 0.00625
0 0.4390625 0.7015625 0.00625 0.00625
0 0.01953125 0.6734375 0.00625 0.00625
0 0.6859375 0.471875 0.00625 0.00625
0 0.7609375 0.4125 0.0125 0.015625
0 0.4609375 0.75625 0.00625 0.00625
0 0.64921875 0.3453125 0.0078125 0.0078125
0 0.8015625 0.4515625 0.00625 0.00625
0 0.87578125 0.81640625 0.00625 0.0078125
0 0.42578125 0.1140625 0.00625 0.00625
0 0.29765625 0.3796875 0.00625 0.0046875
0 0.24453125 0.784375 0.00625 0.00625
0 0.41875 0.10390625 0.0140625 0.0125
0 0.41875 0.8578125 0.00625 0.00625
0 0.9265625 0.646875 0.00625 0.00625
0 0.21328125 0.0328125 0.00625 0.00625
0 0.6109375 0.98046875 0.00625 0.00625
0 0.39765625 0.60859375 0.009375 0.009375
0 0.0796875 0.35703125 0.00625 0.0046875
0 0.07421875 0.80546875 0.0140625 0.0125
0 0.87421875 0.00703125 0.00625 0.00625
0 0.2609375 0.521875 0.00625 0.0046875
0 0.80546875 0.15078125 0.00625 0.00625
0 0.67421875 0.5640625 0.00625 0.00625
0 0.98828125 0.8109375 0.00625 0.00625
0 0.02421875 0.62109375 0.009375 0.009375
0 0.771875 0.24921875 0.00625 0.00625
0 0.778125 0.38515625 0.0140625 0.0125
0 0.871875 0.9265625 0.009375 0.009375
0 0.19609375 0.3875 0.00625 0.00625
0 0.70703125 0.3609375 0.00625 0.00625
0 0.275 0.934375 0.009375 0.009375
0 0.8640625 0.4078125 0.0078125 0.0078125
0 0.009375 0.24921875 0.009375 0.009375
0 0.365625 0.51796875 0.00625 0.00625
0 0.65 0.509375 0.00625 0.00625
0 0.3296875 0.675 0.009375 0.0078125
0 0.40234375 0.0375 0.00625 0.00625
0 0.3921875 0.11015625 0.0078125 0.0078125
0 0.46796875 0.2203125 0.0125 0.0125
0 0.20234375 0.9875 0.00625 0.00625
0 0.95859375 0.11640625 0.0125 0.0140625
0 0.2203125 0.259375 0.00625 0.00625
0 0.77265625 0.20078125 0.0109375 0.009375
0 0.76640625 0.8078125 0.00625 0.0046875
0 0.40703125 0.49375 0.00625 0.00625
0 0.059375 0.44453125 0.00625 0.0046875
0 0.75 0.41875 0.00625 0.00625
0 0.18828125 0.3234375 0.0078125 0.0078125
0 0.39921875 0.1 0.0109375 0.0109375
0 0.1859375 0.278125 0.0046875 0.00625
0 0.3140625 0.7796875 0.00625 0.00625
0 0.41640625 0.584375 0.009375 0.0078125
0 0.17578125 0.0984375 0.0078125 0.0078125
0 0.94453125 0.57109375 0.00625 0.00625
0 0.3953125 0.0640625 0.0078125 0.0078125
0 0.20859375 0.06875 0.00625 0.0078125
0 0.3546875 0.00390625 0.0078125 0.0078125
0 0.11015625 0.01484375 0.00625 0.0046875
0 0.47578125 0.93125 0.015625 0.015625
0 0.2234375 0.78046875 0.0109375 0.0125
0 0.059375 0.07734375 0.00625 0.00625
0 0.7375 0.96796875 0.00625 0.00625
0 0.99296875 0.7703125 0.00625 0.00625
0 0.26015625 0.7078125 0.0203125 0.0203125
0 0.290625 0.8875 0.00625 0.00625
0 0.31953125 0.21640625 0.0078125 0.00625
0 0.74921875 0.9515625 0.00625 0.00625
0 0.2671875 0.7625 0.009375 0.009375
0 0.19375 0.06015625 0.0078125 0.009375
0 0.9671875 0.61796875 0.0078125 0.00625
0 0.528125 0.446875 0.1078125 0.11875
0 0.68046875 0.7640625 0.0078125 0.00625
0 0.62421875 0.1109375 0.00625 0.0046875
0 0.2859375 0.24296875 0.00625 0.00625
0 0.36171875 0.1421875 0.009375 0.0078125
0 0.7046875 0.80390625 0.00625 0.00625
0 0.35546875 0.3171875 0.00625 0.00625
0 0.315625 0.74453125 0.00625 0.00625
0 0.0921875 0.44609375 0.0078125 0.00625
0 0.7140625 0.7328125 0.015625 0.015625
0 0.36875 0.51171875 0.00625 0.00625
0 0.1453125 0.88984375 0.0296875 0.028125
0 0.0109375 0.20859375 0.00625 0.00625
0 0.12265625 0.26328125 0.0890625 0.0828125
0 0.63125 0.3171875 0.0109375 0.0125
0 0.6140625 0.50625 0.00625 0.00625
0 0.46953125 0.00703125 0.00625 0.00625
0 0.99765625 0.79140625 0.0046875 0.0078125
0 0.56875 0.35 0.00625 0.00625
0 0.7625 0.5828125 0.00625 0.00625
0 0.30390625 0.5828125 0.00625 0.00625
0 0.128125 0.83984375 0.00625 0.00625
0 0.1765625 0.871875 0.00625 0.00625
0 0.21015625 0.0890625 0.00625 0.00625
0 0.4046875 0.1375 0.0078125 0.00625
0 0.25390625 0.81328125 0.00625 0.00625
0 0.540625 0.97109375 0.065625 0.053125
0 0.98984375 0.65 0.00625 0.00625
0 0.1734375 0.5546875 0.00625 0.00625
0 0.25625 0.1515625 0.00625 0.00625
0 0.85546875 0.2109375 0.00625 0.00625
0 0.95390625 0.340625 0.00625 0.00625
0 0.26875 0.73125 0.00625 0.00625
0 0.78671875 0.5671875 0.00625 0.00625
0 0.88203125 0.290625 0.00625 0.00625
0 0.978125 0.65625 0.00625 0.00625
0 0.81796875 0.7859375 0.00625 0.00625
0 0.24921875 0.30625 0.00625 0.00625
0 0.17578125 0.86015625 0.0078125 0.0078125
0 0.2234375 0.9890625 0.0078125 0.0078125
0 0.53046875 0.76875 0.00625 0.00625
0 0.02421875 0.4640625 0.00625 0.00625
0 0.32734375 0.8671875 0.00625 0.0078125
0 0.8828125 0.82890625 0.0078125 0.00625
0 0.3578125 0.6234375 0.0140625 0.0125
0 0.7203125 0.09375 0.0078125 0.0078125
0 0.5296875 0.91484375 0.00625 0.00625
0 0.19296875 0.94765625 0.009375 0.00625
0 0.975 0.7171875 0.00625 0.0078125
0 0.1984375 0.61015625 0.00625 0.00625
0 0.196875 0.56328125 0.0125 0.0125
0 0.2640625 0.19765625 0.0078125 0.00625
0 0.9828125 0.86484375 0.00625 0.00625
0 0.6203125 0.63125 0.00625 0.00625
0 0.6609375 0.03515625 0.00625 0.00625
0 0.46484375 0.315625 0.00625 0.00625
0 0.3640625 0.52265625 0.00625 0.00625
0 0.71484375 0.41484375 0.00625 0.00625
0 0.03984375 0.66875 0.00625 0.00625
0 0.85625 0.7078125 0.00625 0.00625
0 0.6 0.36484375 0.0078125 0.00625
0 0.44375 0.36640625 0.00625 0.00625
0 0.86640625 0.5453125 0.009375 0.0078125
0 0.7078125 0.1390625 0.00625 0.00625
0 0.75625 0.6453125 0.0078125 0.0078125
0 0.6859375 0.35 0.00625 0.00625
0 0.35078125 0.2703125 0.00625 0.00625
0 0.74921875 0.39921875 0.00625 0.00625
0 0.634375 0.30390625 0.00625 0.00625
0 0.69453125 0.30859375 0.0078125 0.0078125
0 0.27421875 0.02421875 0.00625 0.00625
0 0.4796875 0.53828125 0.0078125 0.0078125
0 0.509375 0.8296875 0.0078125 0.00625
0 0.09453125 0.6609375 0.0078125 0.00625
0 0.709375 0.3890625 0.00625 0.00625
0 0.215625 0.12109375 0.00625 0.00625
0 0.346875 0.41015625 0.00625 0.00625
0 0.78515625 0.43828125 0.0078125 0.0078125
0 0.30625 0.621875 0.00625 0.00625
0 0.2125 0.3359375 0.00625 0.00625
0 0.3578125 0.40078125 0.00625 0.00625
0 0.7140625 0.0875 0.00625 0.00625
0 0.7296875 0.89921875 0.00625 0.00625
0 0.81953125 0.2765625 0.00625 0.00625
0 0.94609375 0.2875 0.0078125 0.00625
0 0.040625 0.2796875 0.00625 0.00625
0 0.88828125 0.26875 0.00625 0.00625
0 0.99375 0.665625 0.009375 0.009375
0 0.63203125 0.225 0.0078125 0.0078125
0 0.74140625 0.1546875 0.00625 0.00625
0 0.18515625 0.0609375 0.0125 0.0125
0 0.303125 0.89375 0.0078125 0.0078125
0 0.896875 0.46796875 0.009375 0.0078125
0 0.8015625 0.1953125 0.00625 0.00625
0 0.709375 0.446875 0.00625 0.00625
0 0.896875 0.06796875 0.00625 0.00625
0 0.64921875 0.0953125 0.00625 0.00625
0 0.5234375 0.78984375 0.0078125 0.0078125
0 0.2609375 0.79609375 0.0078125 0.0078125
0 0.790625 0.5828125 0.0078125 0.00625
0 0.94453125 0.53359375 0.00625 0.00625
0 0.990625 0.6765625 0.009375 0.009375
0 0.12421875 0.6515625 0.00625 0.00625
0 0.934375 0.4921875 0.00625 0.00625
0 0.30234375 0.44453125 0.00625 0.00625
0 0.3625 0.178125 0.00625 0.00625
0 0.1625 0.91796875 0.00625 0.0078125
0 0.87421875 0.7734375 0.0078125 0.0078125
0 0.85078125 0.3390625 0.00625 0.00625
0 0.90859375 0.3234375 0.00625 0.00625
0 0.3046875 0.13984375 0.00625 0.00625
0 0.70625 0.2453125 0.0078125 0.0078125
0 0.971875 0.7265625 0.0109375 0.009375
0 0.9234375 0.71953125 0.009375 0.009375
0 0.67578125 0.003125 0.0171875 0.0046875
0 0.834375 0.1890625 0.009375 0.0078125
0 0.0625 0.01328125 0.009375 0.009375
0 0.35859375 0.57890625 0.009375 0.009375
0 0.41796875 0.03203125 0.0078125 0.0078125
0 0.984375 0.9953125 0.0078125 0.00625
0 0.64609375 0.7625 0.009375 0.0078125
0 0.04921875 0.55 0.00625 0.00625
0 0.56328125 0.19375 0.00625 0.0078125
0 0.178125 0.92109375 0.0078125 0.0078125
0 0.5171875 0.01484375 0.00625 0.0078125
0 0.2734375 0.753125 0.0125 0.0125
0 0.096875 0.70234375 0.00625 0.00625
0 0.7921875 0.32109375 0.009375 0.009375
0 0.05234375 0.51875 0.00625 0.00625
0 0.01484375 0.44140625 0.009375 0.009375
0 0.0328125 0.35234375 0.065625 0.13125
0 0.43125 0.0203125 0.009375 0.009375
0 0.9515625 0.41875 0.009375 0.009375
0 0.2875 0.7859375 0.0078125 0.0078125
0 0.7640625 0.03203125 0.00625 0.00625
0 0.9828125 0.41328125 0.00625 0.00625
0 0.97734375 0.1296875 0.00625 0.00625
0 0.41328125 0.3859375 0.00625 0.00625
0 0.2984375 0.50546875 0.00625 0.00625
0 0.346875 0.4734375 0.00625 0.00625
0 0.0640625 0.33515625 0.0078125 0.00625
0 0.72265625 0.75703125 0.0078125 0.00625
0 0.6921875 0.2875 0.0078125 0.009375
0 0.1875 0.08828125 0.0078125 0.00625
0 0.0921875 0.953125 0.00625 0.00625
0 0.25078125 0.7609375 0.00625 0.00625
0 0.34296875 0.59453125 0.0078125 0.00625
0 0.84296875 0.025 0.0078125 0.00625
0 0.38515625 0.21015625 0.00625 0.00625
0 0.778125 0.18984375 0.00625 0.00625
0 0.20390625 0.0078125 0.0703125 0.015625
0 0.1765625 0.6703125 0.00625 0.00625
0 0.62421875 0.9328125 0.00625 0.00625
0 0.65 0.23515625 0.00625 0.00625
0 0.33046875 0.15703125 0.00625 0.00625
0 0.44609375 0.49921875 0.009375 0.009375
0 0.66484375 0.20546875 0.009375 0.009375
0 0.38125 0.2390625 0.009375 0.0078125
0 0.475 0.86796875 0.0125 0.0125
0 0.74296875 0.07578125 0.0078125 0.00625
0 0.5921875 0.75625 0.0109375 0.009375
0 0.05703125 0.79140625 0.00625 0.00625
0 0.8265625 0.20390625 0.009375 0.009375
0 0.03984375 0.7921875 0.009375 0.0078125
0 0.39140625 0.53203125 0.00625 0.00625
0 0.80625 0.803125 0.009375 0.0078125
0 0.43515625 0.27734375 0.00625 0.00625
0 0.6578125 0.25625 0.00625 0.00625
0 0.246875 0.059375 0.009375 0.0078125
0 0.04609375 0.446875 0.009375 0.009375
0 0.5 0.46328125 0.009375 0.009375
0 0.18359375 0.07265625 0.0140625 0.0125
0 0.79609375 0.98046875 0.0078125 0.0078125
0 0.2046875 0.3765625 0.0078125 0.00625
0 0.57109375 0.246875 0.0109375 0.009375
0 0.228125 0.2515625 0.00625 0.00625
0 0.178125 0.64921875 0.009375 0.009375
0 0.315625 0.521875 0.009375 0.009375
0 0.67890625 0.8859375 0.00625 0.00625
0 0.7875 0.753125 0.0109375 0.009375
0 0.78828125 0.153125 0.015625 0.0140625
0 0.72890625 0.86484375 0.00625 0.00625
0 0.9515625 0.26796875 0.0078125 0.00625
0 0.8375 0.4078125 0.009375 0.009375
0 0.7046875 0.83671875 0.009375 0.009375
0 0.0578125 0.965625 0.009375 0.009375
0 0.53359375 0.33828125 0.00625 0.00625
0 0.2375 0.28046875 0.009375 0.009375
0 0.92734375 0.06484375 0.009375 0.009375
0 0.16953125 0.95546875 0.009375 0.009375
0 0.2 0.625 0.0078125 0.0078125
0 0.3828125 0.0109375 0.009375 0.009375
0 0.2828125 0.740625 0.0078125 0.0078125
0 0.97734375 0.9484375 0.0109375 0.0109375
0 0.79375 0.60703125 0.0109375 0.0109375
0 0.740625 0.52265625 0.0109375 0.0109375
0 0.1265625 0.41171875 0.00625 0.00625
0 0.3109375 0.38125 0.00625 0.00625
0 0.68359375 0.1890625 0.0078125 0.00625
0 0.03828125 0.59609375 0.009375 0.009375
0 0.71171875 0.9 0.009375 0.009375
0 0.209375 0.30390625 0.0078125 0.0078125
0 0.8875 0.3390625 0.009375 0.009375
0 0.21953125 0.4984375 0.009375 0.009375
0 0.06953125 0.54921875 0.0125 0.0109375
0 0.4625 0.73359375 0.009375 0.009375
0 0.20625 0.5484375 0.0109375 0.009375
0 0.24140625 0.1234375 0.009375 0.009375
0 0.828125 0.2359375 0.009375 0.009375
0 0.5671875 0.36484375 0.0125 0.0109375
0 0.59296875 0.975 0.00625 0.0078125
0 0.928125 0.334375 0.0109375 0.0109375
0 0.84609375 0.08125 0.015625 0.015625
0 0.8734375 0.56171875 0.0125 0.0109375
0 0.2609375 0.8375 0.0109375 0.0109375
0 0.79296875 0.86484375 0.0328125 0.03125
0 0.68359375 0.225 0.0125 0.0109375
0 0.4875 0.03671875 0.0109375 0.0109375
0 0.14296875 0.82578125 0.009375 0.009375
0 0.33671875 0.425 0.0109375 0.009375
0 0.284375 0.084375 0.009375 0.009375
0 0.028125 0.01484375 0.0125 0.0109375
0 0.1265625 0.85859375 0.0078125 0.0078125
0 0.13359375 0.6921875 0.0125 0.0109375
0 0.33671875 0.10234375 0.0125 0.0125
0 0.82890625 0.87421875 0.015625 0.015625
0 0.025 0.25625 0.0125 0.0125
0 0.3140625 0.43125 0.0125 0.0125
0 0.30234375 0.203125 0.0125 0.0125
0 0.17265625 0.4828125 0.0109375 0.009375
0 0.74609375 0.203125 0.0125 0.009375
0 0.31796875 0.446875 0.03125 0.03125
0 0.18359375 0.40546875 0.0125 0.009375
0 0.29453125 0.528125 0.009375 0.0078125
0 0.715625 0.25234375 0.0140625 0.0125
0 0.246875 0.3734375 0.0125 0.0125
0 0.83125 0.175 0.0125 0.0125
0 0.6140625 0.1671875 0.0171875 0.015625
0 0.25859375 0.16484375 0.0109375 0.0109375
0 0.01953125 0.853125 0.0125 0.0125
0 0.72578125 0.425 0.0125 0.0125
0 0.3140625 0.4703125 0.0125 0.0125
0 0.50546875 0.28828125 0.0125 0.0125
0 0.0484375 0.7 0.04375 0.040625
0 0.4515625 0.8484375 0.021875 0.021875
0 0.02734375 0.19765625 0.053125 0.1140625
0 0.0125 0.7828125 0.025 0.0328125
0 0.728125 0.9578125 0.015625 0.015625
0 0.39140625 0.04921875 0.0171875 0.015625
0 0.659375 0.37578125 0.025 0.025
0 0.065625 0.2625 0.0421875 0.0375
0 0.846875 0.8578125 0.034375 0.03125
0 0.63359375 0.5265625 0.025 0.025
0 0.1 0.184375 0.103125 0.10625
0 0.56953125 0.7078125 0.065625 0.06875
0 0.321875 0.59921875 0.0171875 0.015625
0 0.428125 0.23125 0.025 0.025
0 0.4875 0.43515625 0.0234375 0.021875