0 0.2171875 0.8859375 0.03125 0.028125
0 0.4984375 0.9890625 0.0265625 0.021875
0 0.86328125 0.9546875 0.0375 0.034375
0 0.81484375 0.59609375 0.028125 0.0265625
0 0.69375 0.7140625 0.0796875 0.075
0 0.584375 0.7984375 0.0625 0.059375
0 0.6109375 0.7671875 0.125 0.115625
0 0.5296875 0.56875 0.0359375 0.034375
0 0.1859375 0.7953125 0.0375 0.0359375
0 0.35234375 0.1890625 0.115625 0.1078125
0 0.45078125 0.0796875 0.115625 0.10625
0 0.640625 0.053125 0.0375 0.0359375
0 0.73046875 0.4203125 0.2125 0.196875
0 0.83671875 0.1203125 0.053125 0.0484375
0 0.8609375 0.06953125 0.1453125 0.134375
0 0.86171875 0.12109375 0.2765625 0.2421875
0 0.6765625 0.4390625 0.0265625 0.0265625