0 0.56171875 0.7921875 0.671875 0.415625
0 0.840625 0.87265625 0.015625 0.0140625
0 0.859375 0.8578125 0.0328125 0.03125
0 0.728125 0.43359375 0.0109375 0.009375
0 0.67109375 0.371875 0.025 0.0234375
0 0.7953125 0.615625 0.0109375 0.009375
0 0.64375 0.5234375 0.0265625 0.025
0 0.7984375 0.7515625 0.0125 0.0109375
0 0.80390625 0.8625 0.03125 0.028125
0 0.740625 0.95703125 0.0171875 0.015625
0 0.4984375 0.43125 0.025 0.021875
0 0.53828125 0.4453125 0.128125 0.1171875
0 0.58125 0.70625 0.0703125 0.0640625
0 0.55078125 0.9703125 0.0578125 0.053125
0 0.4640625 0.84375 0.025 0.021875
0 0.33359375 0.596875 0.0203125 0.01875
0 0.31328125 0.478125 0.0109375 0.0109375
0 0.27265625 0.70625 0.021875 0.01875
0 0.05859375 0.69921875 0.040625 0.0375
0 0.0171875 0.78203125 0.034375 0.0328125
0 0.0703125 0.55859375 0.0109375 0.009375
0 0.00625 0.4703125 0.0125 0.015625
0 0.325 0.42890625 0.0125 0.0125
0 0.32890625 0.44375 0.03125 0.03125
0 0.33828125 0.43125 0.0109375 0.009375
0 0.19453125 0.4015625 0.0125 0.0109375
0 0.246875 0.3828125 0.0125 0.0109375
0 0.43828125 0.22734375 0.028125 0.025
0 0.0359375 0.25390625 0.0125 0.0125
0 0.0765625 0.26015625 0.0390625 0.0359375
0 0.03828125 0.35234375 0.0765625 0.134375
0 0.12578125 0.26015625 0.09375 0.0859375
0 0.10390625 0.18203125 0.115625 0.10625
0 0.2703125 0.1609375 0.0125 0.0109375
0 0.31328125 0.19921875 0.0125 0.0109375
0 0.403125 0.0453125 0.0171875 0.015625
0 0.515625 0.284375 0.015625 0.0140625
0 0.6265625 0.16484375 0.015625 0.0140625
0 0.72734375 0.2484375 0.015625 0.015625
0 0.6859375 0.23515625 0.0109375 0.009375
0 0.8 0.1515625 0.0171875 0.015625
0 0.859375 0.07890625 0.0140625 0.0125
0 0.5796875 0.36171875 0.0125 0.0125
0 0.95390625 0.4265625 0.0109375 0.009375
0 0.028125 0.85234375 0.0125 0.0109375
0 0.271875 0.7625 0.0125 0.0109375
0 0.928125 0.34453125 0.0109375 0.009375
0 0.56875 0.25625 0.0109375 0.009375
0 0.34609375 0.10078125 0.0125 0.0109375
0 0.19375 0.06015625 0.0125 0.0125
0 0.025 0.02421875 0.0125 0.0109375
0 0.49765625 0.0359375 0.0125 0.0125