0 0.646875 0.10234375 0.2234375 0.2015625
0 0.321875 0.31640625 0.0453125 0.040625
0 0.25 0.2984375 0.05078125 0.0453125
0 0.84765625 0.925 0.2578125 0.15
0 0.4328125 0.85 0.03828125 0.0359375
0 0.13125 0.98515625 0.040625 0.0296875
0 0.0203125 0.95703125 0.0359375 0.03125
0 0.1609375 0.775 0.0359375 0.03125
0 0.0828125 0.546875 0.053125 0.0484375
0 0.1984375 0.67421875 0.0265625 0.02421875
0 0.1234375 0.67578125 0.02890625 0.0265625
0 0.01953125 0.49140625 0.03828125 0.03359375
0 0.38125 0.44609375 0.03359375 0.02890625
0 0.071875 0.646875 0.02890625 0.02421875
0 0.2125 0.70703125 0.0265625 0.02421875
0 0.5265625 0.3171875 0.15625 0.1421875