0 0.7828125 0.1140625 0.03125 0.02890625
0 0.50390625 0.009375 0.0265625 0.01875
0 0.13671875 0.0453125 0.03828125 0.03359375
0 0.18515625 0.40390625 0.02890625 0.0265625
0 0.30625 0.2859375 0.0796875 0.07421875
0 0.415625 0.203125 0.0625 0.06015625
0 0.3890625 0.2328125 0.125 0.115625
0 0.4703125 0.43125 0.0359375 0.03359375
0 0.8140625 0.2046875 0.03828125 0.0359375
0 0.64765625 0.8109375 0.115625 0.1078125
0 0.54921875 0.9203125 0.115625 0.10546875
0 0.359375 0.946875 0.03828125 0.0359375
0 0.26953125 0.5796875 0.21171875 0.196875
0 0.16328125 0.8796875 0.053125 0.0484375
0 0.1390625 0.93046875 0.14453125 0.134375
0 0.13828125 0.878125 0.2765625 0.24375
0 0.3234375 0.5609375 0.0265625 0.0265625