0 0.65390625 0.0125 0.009375 0.0109375
0 0.71953125 0.7734375 0.00625 0.00625
0 0.8140625 0.32578125 0.009375 0.009375
0 0.03671875 0.07109375 0.00625 0.00625
0 0.36328125 0.25078125 0.00625 0.00625
0 0.97265625 0.7671875 0.0546875 0.290625
0 0.0125 0.9203125 0.0078125 0.0078125
0 0.26640625 0.190625 0.009375 0.0125
0 0.45390625 0.1203125 0.00625 0.00625
0 0.36015625 0.8 0.00625 0.00625
0 0.284375 0.78671875 0.0046875 0.00625
0 0.5015625 0.99765625 0.0109375 0.0046875
0 0.4796875 0.4578125 0.00625 0.0078125
0 0.459375 0.6578125 0.00625 0.00625
0 0.434375 0.9859375 0.046875 0.028125
0 0.25859375 0.27578125 0.0078125 0.00625
0 0.746875 0.64375 0.00625 0.00625
0 0.5890625 0.571875 0.009375 0.009375
0 0.9046875 0.003125 0.00625 0.0046875
0 0.62578125 0.96875 0.00625 0.00625
0 0.596875 0.05625 0.009375 0.0125
0 0.44609375 0.39375 0.0078125 0.0078125
0 0.06328125 0.23828125 0.0078125 0.0078125
0 0.0078125 0.1046875 0.00625 0.00625
0 0.19453125 0.084375 0.00625 0.00625
0 0.73125 0.2125 0.0125 0.0140625
0 0.215625 0.94375 0.00625 0.00625
0 0.51875 0.21484375 0.00625 0.00625
0 0.9234375 0.2140625 0.00625 0.0078125
0 0.6140625 0.34140625 0.0078125 0.00625
0 0.67578125 0.68125 0.00625 0.00625
0 0.4421875 0.3390625 0.00625 0.00625
0 0.0609375 0.24765625 0.0078125 0.00625
0 0.05859375 0.88828125 0.00625 0.00625
0 0.79140625 0.2375 0.00625 0.00625
0 0.778125 0.85625 0.00625 0.00625
0 0.70625 0.9984375 0.00625 0.003125
0 0.815625 0.10234375 0.00625 0.00625
0 0.35859375 0.51640625 0.009375 0.0078125
0 0.590625 0.203125 0.00625 0.00625
0 0.646875 0.7 0.00625 0.00625
0 0.0421875 0.84453125 0.00625 0.00625
0 0.6109375 0.26484375 0.0046875 0.00625
0 0.85703125 0.99609375 0.009375 0.0078125
0 0.5546875 0.190625 0.0078125 0.009375
0 0.1421875 0.58984375 0.00625 0.00625
0 0.45 0.990625 0.053125 0.01875
0 0.184375 0.79609375 0.00625 0.00625
0 0.96796875 0.2671875 0.0625 0.3796875
0 0.70703125 0.2640625 0.00625 0.00625
0 0.1390625 0.975 0.015625 0.015625
0 0.6515625 0.8609375 0.0078125 0.0078125
0 0.7234375 0.8640625 0.00625 0.0078125
0 0.86796875 0.7484375 0.1390625 0.1421875
0 0.315625 0.209375 0.00625 0.00625
0 0.0046875 0.51484375 0.00625 0.00625
0 0.39921875 0.39140625 0.0078125 0.0078125
0 0.909375 0.48125 0.0078125 0.0078125
0 0.35859375 0.8171875 0.00625 0.00625
0 0.3703125 0.10390625 0.00625 0.00625
0 0.2765625 0.83828125 0.00625 0.00625
0 0.10078125 0.1734375 0.00625 0.00625
0 0.82890625 0.1890625 0.00625 0.00625
0 0.459375 0.7484375 0.00625 0.00625
0 0.96796875 0.39375 0.034375 0.0375
0 0.4578125 0.9828125 0.103125 0.034375
0 0.95 0.8109375 0.00625 0.00625
0 0.8546875 0.78671875 0.00625 0.00625
0 0.22734375 0.82109375 0.00625 0.0078125
0 0.71953125 0.72265625 0.00625 0.00625
0 0.7015625 0.71953125 0.009375 0.009375
0 0.0046875 0.62578125 0.00625 0.00625
0 0.57109375 0.97421875 0.00625 0.0078125
0 0.85234375 0.7375 0.00625 0.00625
0 0.52421875 0.8109375 0.00625 0.0078125
0 0.27109375 0.9609375 0.0046875 0.00625
0 0.65546875 0.759375 0.00625 0.00625
0 0.82109375 0.79296875 0.0125 0.0125
0 0.91328125 0.74609375 0.00625 0.0078125
0 0.49453125 0.021875 0.00625 0.0078125
0 0.0390625 0.9515625 0.00625 0.00625
0 0.71953125 0.36953125 0.00625 0.00625
0 0.2640625 0.18828125 0.00625 0.00625
0 0.53984375 0.00625 0.00625 0.00625
0 0.515625 0.97578125 0.0078125 0.0078125
0 0.88828125 0.2328125 0.009375 0.0078125
0 0.10078125 0.14375 0.00625 0.00625
0 0.7375 0.453125 0.00625 0.0078125
0 0.37421875 0.7453125 0.0078125 0.00625
0 0.8421875 0.8046875 0.00625 0.0078125
0 0.7375 0.2875 0.00625 0.0078125
0 0.93125 0.34921875 0.00625 0.00625
0 0.81875 0.3703125 0.00625 0.00625
0 0.6390625 0.0046875 0.0078125 0.00625
0 0.7703125 0.2375 0.00625 0.00625
0 0.721875 0.62265625 0.00625 0.00625
0 0.4640625 0.4578125 0.00625 0.00625
0 0.6375 0.2421875 0.0078125 0.0078125
0 0.1796875 0.7109375 0.009375 0.0125
0 0.07421875 0.88515625 0.0078125 0.00625
0 0.52890625 0.015625 0.0046875 0.00625
0 0.6375 0.3578125 0.00625 0.00625
0 0.93828125 0.9859375 0.009375 0.0109375
0 0.7 0.76484375 0.00625 0.00625
0 0.66015625 0.5625 0.00625 0.00625
0 0.42890625 0.65859375 0.00625 0.00625
0 0.134375 0.871875 0.00625 0.00625
0 0.2765625 0.47265625 0.0078125 0.0078125
0 0.975 0.7953125 0.0171875 0.0171875
0 0.45390625 0.99296875 0.0171875 0.0140625
0 0.88984375 0.38203125 0.00625 0.00625
0 0.21796875 0.896875 0.00625 0.00625
0 0.85234375 0.02890625 0.00625 0.00625
0 0.7265625 0.596875 0.0078125 0.009375
0 0.7328125 0.41015625 0.0078125 0.0078125
0 0.7671875 0.12265625 0.00625 0.00625
0 0.06875 0.8171875 0.0078125 0.009375
0 0.253125 0.8078125 0.009375 0.0109375
0 0.475 0.0046875 0.0078125 0.0078125
0 0.13515625 0.93046875 0.00625 0.00625
0 0.665625 0.29921875 0.00625 0.00625
0 0.72109375 0.86640625 0.00625 0.0078125
0 0.909375 0.209375 0.0078125 0.0078125
0 0.76796875 0.346875 0.00625 0.00625
0 0.8015625 0.8109375 0.00625 0.00625
0 0.6015625 0.08046875 0.009375 0.0109375
0 0.97578125 0.1171875 0.0078125 0.0078125
0 0.80703125 0.21796875 0.009375 0.0078125
0 0.91484375 0.4609375 0.0078125 0.0078125
0 0.47734375 0.875 0.00625 0.00625
0 0.84296875 0.275 0.00625 0.00625
0 0.678125 0.3625 0.00625 0.00625
0 0.54140625 0.765625 0.00625 0.00625
0 0.72578125 0.85625 0.00625 0.00625
0 0.7078125 0.740625 0.00625 0.00625
0 0.825 0.090625 0.009375 0.009375
0 0.53203125 0.321875 0.0078125 0.009375
0 0.68671875 0.9078125 0.00625 0.00625
0 0.0203125 0.95859375 0.0078125 0.009375
0 0.10859375 0.0296875 0.00625 0.00625
0 0.54921875 0.18515625 0.00625 0.00625
0 0.41875 0.4015625 0.009375 0.009375
0 0.2140625 0.37265625 0.009375 0.009375
0 0.0171875 0.73125 0.03125 0.071875
0 0.3546875 0.9953125 0.0125 0.009375
0 0.19453125 0.2546875 0.009375 0.009375
0 0.20390625 0.125 0.0078125 0.0078125
0 0.65625 0.02734375 0.0078125 0.0078125
0 0.475 0.4796875 0.009375 0.009375
0 0.0796875 0.5578125 0.0078125 0.0078125
0 0.0421875 0.61015625 0.0078125 0.0078125
0 0.678125 0.0484375 0.009375 0.009375
0 0.10546875 0.49765625 0.0140625 0.0125
0 0.5328125 0.4015625 0.00625 0.00625
0 0.05078125 0.834375 0.0078125 0.0078125
0 0.4328125 0.7828125 0.00625 0.00625
0 0.64921875 0.34609375 0.00625 0.00625
0 0.48125 0.64921875 0.00625 0.00625
0 0.3703125 0.86484375 0.00625 0.00625
0 0.7046875 0.19375 0.00625 0.0078125
0 0.896875 0.125 0.0078125 0.0078125
0 0.85234375 0.50546875 0.00625 0.00625
0 0.43671875 0.3953125 0.009375 0.009375
0 0.6640625 0.990625 0.009375 0.0109375
0 0.55859375 0.0796875 0.0125 0.0125
0 0.5578125 0.19453125 0.0078125 0.0078125
0 0.62578125 0.50859375 0.0078125 0.0078125
0 0.4421875 0.41328125 0.0078125 0.00625
0 0.31953125 0.91875 0.00625 0.00625
0 0.3265625 0.89375 0.0078125 0.0078125
0 0.6765625 0.34765625 0.0078125 0.0078125
0 0.74375 0.78828125 0.0078125 0.00625
0 0.165625 0.0328125 0.0078125 0.0078125
0 0.05625 0.13359375 0.0109375 0.0109375
0 0.15 0.95546875 0.0125 0.0125
0 0.19375 0.99375 0.0125 0.0125
0 0.678125 0.70390625 0.0078125 0.0078125
0 0.753125 0.1453125 0.0078125 0.00625
0 0.32265625 0.66875 0.009375 0.009375
0 0.6875 0.4578125 0.0078125 0.009375
0 0.2828125 0.79609375 0.0078125 0.0078125
0 0.8078125 0.86015625 0.009375 0.0109375
0 0.68125 0.21796875 0.009375 0.009375
0 0.78828125 0.20859375 0.0078125 0.009375
0 0.821875 0.309375 0.009375 0.009375
0 0.28671875 0.42421875 0.00625 0.009375
0 0.5484375 0.8953125 0.00625 0.0078125
0 0.88828125 0.34296875 0.009375 0.009375
0 0.20234375 0.7015625 0.0078125 0.0078125
0 0.6953125 0.3859375 0.009375 0.0109375
0 0.67265625 0.07890625 0.0078125 0.009375
0 0.93984375 0.0640625 0.00625 0.00625
0 0.58046875 0.82265625 0.009375 0.009375
0 0.56953125 0.5546875 0.0109375 0.0125
0 0.30546875 0.78359375 0.009375 0.009375
0 0.140625 0.48125 0.1546875 0.171875
0 0.80859375 0.184375 0.009375 0.009375
0 0.48671875 0.50703125 0.009375 0.009375
0 0.59921875 0.7359375 0.00625 0.0078125
0 0.76875 0.0640625 0.0078125 0.0078125
0 0.63515625 0.790625 0.009375 0.009375
0 0.52265625 0.12265625 0.009375 0.0109375
0 0.6421875 0.559375 0.009375 0.009375
0 0.71796875 0.49921875 0.009375 0.009375
0 0.8671875 0.13984375 0.0125 0.0125
0 0.59375 0.290625 0.009375 0.0109375
0 0.58359375 0.93125 0.0109375 0.0109375
0 0.2328125 0.896875 0.009375 0.009375
0 0.44296875 0.35625 0.0109375 0.0125
0 0.31171875 0.7578125 0.121875 0.1328125
0 0.525 0.9796875 0.0125 0.0125
0 0.6296875 0.546875 0.0125 0.0125
0 0.45234375 0.79453125 0.009375 0.0109375
0 0.76640625 0.74453125 0.0125 0.0125
0 0.846875 0.23984375 0.0109375 0.0109375
0 0.49921875 0.77890625 0.009375 0.0109375
0 0.56328125 0.7046875 0.009375 0.0109375
0 0.7921875 0.571875 0.0125 0.0109375
0 0.3203125 0.61015625 0.0140625 0.0140625
0 0.48828125 0.6296875 0.0125 0.0125
0 0.5625 0.2546875 0.0125 0.0109375
0 0.6375 0.871875 0.0140625 0.015625
0 0.64921875 0.98671875 0.0125 0.0125
0 0.85 0.82890625 0.0109375 0.0125
0 0.03359375 0.0515625 0.0125 0.0140625
0 0.809375 0.115625 0.009375 0.009375
0 0.33046875 0.21796875 0.0125 0.0140625
0 0.62890625 0.78125 0.009375 0.009375
0 0.5046875 0.0296875 0.0125 0.0125
0 0.73828125 0.42890625 0.0125 0.0125
0 0.728125 0.73125 0.0140625 0.0140625
0 0.3421875 0.46796875 0.0875 0.0984375
0 0.20234375 0.64921875 0.025 0.0265625
0 0.428125 0.91640625 0.015625 0.015625
0 0.73046875 0.8921875 0.0234375 0.025
0 0.834375 0.046875 0.015625 0.0171875
0 0.17109375 0.903125 0.06875 0.075
0 0.278125 0.19375 0.01875 0.01875
0 0.68203125 0.03046875 0.025 0.0265625
0 0.48125 0.80078125 0.0453125 0.0484375
0 0.746875 0.246875 0.0234375 0.025
0 0.63359375 0.33125 0.01875 0.0203125
0 0.9546875 0.64921875 0.0171875 0.0203125
0 0.43671875 0.26640625 0.015625 0.015625
0 0.22734375 0.01875 0.0609375 0.0375
0 0.721875 0.18125 0.025 0.0265625
0 0.61484375 0.021875 0.0828125 0.04375
0 0.43984375 0.8421875 0.046875 0.05
0 0.7375 0.60625 0.01875 0.01875
0 0.6984375 0.9359375 0.0296875 0.03125
0 0.56953125 0.0734375 0.065625 0.0765625
0 0.53203125 0.475 0.109375 0.1375
0 0.58046875 0.95859375 0.0828125 0.0828125