0 0.353125 0.89921875 0.2234375 0.2015625
0 0.678125 0.68359375 0.0453125 0.040625
0 0.75 0.7015625 0.05078125 0.0453125
0 0.15078125 0.07421875 0.2578125 0.1484375
0 0.5671875 0.15 0.03828125 0.0359375
0 0.86640625 0.01328125 0.040625 0.0265625
0 0.98046875 0.04296875 0.0359375 0.03125
0 0.8390625 0.225 0.0359375 0.03125
0 0.9171875 0.453125 0.053125 0.0484375
0 0.8015625 0.32578125 0.0265625 0.02421875
0 0.8765625 0.32421875 0.02890625 0.0265625
0 0.98046875 0.50859375 0.03828125 0.03359375
0 0.61875 0.55390625 0.03359375 0.02890625
0 0.928125 0.353125 0.02890625 0.02421875
0 0.7875 0.29296875 0.0265625 0.02421875
0 0.4734375 0.6828125 0.15625 0.1421875