0 0.7828125 0.8859375 0.03125 0.02890625
0 0.5015625 0.9890625 0.0265625 0.021875
0 0.13671875 0.9546875 0.03828125 0.03359375
0 0.18515625 0.59609375 0.02890625 0.0265625
0 0.30625 0.7140625 0.0796875 0.07421875
0 0.415625 0.7984375 0.0625 0.06015625
0 0.3890625 0.7671875 0.125 0.115625
0 0.4703125 0.56875 0.0359375 0.03359375
0 0.8140625 0.7953125 0.03828125 0.0359375
0 0.64765625 0.1890625 0.115625 0.1078125
0 0.54921875 0.0796875 0.115625 0.10546875
0 0.359375 0.053125 0.03828125 0.0359375
0 0.26953125 0.4203125 0.21171875 0.196875
0 0.16328125 0.1203125 0.053125 0.0484375
0 0.1390625 0.06953125 0.14453125 0.134375
0 0.13828125 0.12109375 0.2765625 0.2421875
0 0.3234375 0.4390625 0.0265625 0.0265625