0 0.2796875 0.86328125 0.0578125 0.05546875
0 0.33984375 0.8484375 0.02890625 0.0265625
0 0.4 0.8703125 0.02890625 0.02890625
0 0.25078125 0.95390625 0.1296875 0.0921875
0 0.82578125 0.8265625 0.03125 0.03125
0 0.84609375 0.6875 0.0265625 0.0265625
0 0.77734375 0.54921875 0.05078125 0.0484375
0 0.5671875 0.7203125 0.14921875 0.1421875
0 0.5328125 0.9015625 0.33671875 0.196875
0 0.62109375 0.0921875 0.03125 0.02890625
0 0.32578125 0.2515625 0.03359375 0.03359375
0 0.35234375 0.22109375 0.02890625 0.02890625
0 0.3640625 0.0671875 0.03125 0.02890625
0 0.15625 0.5828125 0.0265625 0.02421875