0 0.7203125 0.13671875 0.0578125 0.05625
0 0.66015625 0.1515625 0.028125 0.0265625
0 0.6 0.1296875 0.0296875 0.028125
0 0.74921875 0.04609375 0.1296875 0.0921875
0 0.17421875 0.1734375 0.03125 0.03125
0 0.15390625 0.3125 0.0265625 0.0265625
0 0.22265625 0.45078125 0.05 0.0484375
0 0.4328125 0.2796875 0.15 0.1421875
0 0.4671875 0.0984375 0.3375 0.196875
0 0.37890625 0.9078125 0.03125 0.028125
0 0.67421875 0.7484375 0.034375 0.034375
0 0.64765625 0.77890625 0.028125 0.028125
0 0.6359375 0.9328125 0.03125 0.028125
0 0.84375 0.4171875 0.0265625 0.025