0 0.76875 0.9296875 0.0125 0.0125
0 0.559375 0.6140625 0.021875 0.021875
0 0.53203125 0.61640625 0.015625 0.015625
0 0.35 0.52890625 0.015625 0.0140625
0 0.33828125 0.47578125 0.03125 0.03125
0 0.30546875 0.2609375 0.015625 0.015625
0 0.31875 0.8703125 0.0125 0.0125
0 0.41796875 0.1484375 0.015625 0.0140625
0 0.78203125 0.01328125 0.01875 0.01875
0 0.2078125 0.24453125 0.134375 0.128125
0 0.8578125 0.175 0.0125 0.0125
0 0.06484375 0.32109375 0.0109375 0.009375
0 0.28984375 0.18046875 0.0109375 0.009375