0 0.16875 0.18125 0.01171875 0.01171875
0 0.2640625 0.03828125 0.021875 0.021875
0 0.3515625 0.00859375 0.0328125 0.01640625
0 0.5453125 0.075 0.0171875 0.0171875
0 0.65546875 0.01484375 0.0140625 0.0140625
0 0.81015625 0.09296875 0.0609375 0.05859375
0 0.71484375 0.22265625 0.0140625 0.0125
0 0.78359375 0.30703125 0.01484375 0.01484375
0 0.91875 0.76015625 0.0171875 0.0171875
0 0.84140625 0.83203125 0.015625 0.015625
0 0.60234375 0.6890625 0.01953125 0.01875
0 0.2890625 0.27890625 0.0234375 0.02265625
0 0.66328125 0.33828125 0.015625 0.0171875
0 0.390625 0.67421875 0.0125 0.01171875
0 0.6046875 0.8515625 0.0140625 0.0140625
0 0.57890625 0.8734375 0.0140625 0.0125
0 0.421875 0.5015625 0.009375 0.009375
0 0.54296875 0.87421875 0.0109375 0.009375
0 0.65625 0.60078125 0.01484375 0.0140625
0 0.37265625 0.97109375 0.0109375 0.0109375
0 0.70078125 0.9734375 0.0125 0.01171875
0 0.74140625 0.26640625 0.046875 0.04609375