0 0.81875 0.83125 0.0125 0.0125
0 0.96171875 0.7359375 0.021875 0.021875
0 0.99140625 0.6484375 0.015625 0.0328125
0 0.925 0.4546875 0.0171875 0.0171875
0 0.98515625 0.34453125 0.0140625 0.0140625
0 0.90703125 0.18984375 0.059375 0.0609375
0 0.77734375 0.28515625 0.0125 0.0140625
0 0.69296875 0.21640625 0.015625 0.015625
0 0.23984375 0.08125 0.0171875 0.0171875
0 0.16796875 0.15859375 0.015625 0.015625
0 0.3109375 0.39765625 0.01875 0.01875
0 0.72109375 0.7109375 0.021875 0.0234375
0 0.66171875 0.33671875 0.0171875 0.015625
0 0.32578125 0.609375 0.0125 0.0125
0 0.1484375 0.3953125 0.0140625 0.0140625
0 0.1265625 0.42109375 0.0125 0.0140625
0 0.4984375 0.578125 0.009375 0.009375
0 0.12578125 0.45703125 0.009375 0.0109375
0 0.39921875 0.34375 0.0140625 0.015625
0 0.02890625 0.62734375 0.0109375 0.0109375
0 0.0265625 0.29921875 0.0125 0.0125
0 0.73359375 0.25859375 0.046875 0.046875