0 0.23125 0.0703125 0.0125 0.0125
0 0.440625 0.3859375 0.021875 0.021875
0 0.46796875 0.38359375 0.015625 0.015625
0 0.65 0.47109375 0.015625 0.0140625
0 0.66171875 0.52421875 0.03125 0.03125
0 0.69453125 0.7390625 0.015625 0.015625
0 0.68125 0.1296875 0.0125 0.0125
0 0.58203125 0.8515625 0.015625 0.0140625
0 0.21796875 0.98671875 0.01875 0.01875
0 0.7921875 0.75546875 0.134375 0.128125
0 0.1421875 0.825 0.0125 0.0125
0 0.93515625 0.67890625 0.0109375 0.009375
0 0.71015625 0.81953125 0.0109375 0.009375