0 0.18359375 0.3796875 0.16328125 0.15625
0 0.0890625 0.81875 0.178125 0.19921875
0 0.9671875 0.540625 0.06484375 0.0625
0 0.10546875 0.08203125 0.03828125 0.03828125
0 0.53515625 0.0203125 0.0359375 0.03359375
0 0.35078125 0.74296875 0.040625 0.03828125
0 0.38125 0.68984375 0.03828125 0.0359375
0 0.35234375 0.79296875 0.02890625 0.02890625
0 0.42890625 0.69375 0.02890625 0.0265625
0 0.38125 0.74375 0.02890625 0.0359375
0 0.9390625 0.77421875 0.03125 0.03125
0 0.08671875 0.9390625 0.03359375 0.03359375
0 0.1109375 0.14296875 0.0265625 0.02421875