0 0.25859375 0.41796875 0.034375 0.03125
0 0.13671875 0.3578125 0.03125 0.028125
0 0.47578125 0.01328125 0.06875 0.0265625
0 0.5046875 0.79453125 0.05 0.0453125
0 0.2875 0.8390625 0.0484375 0.0453125
0 0.271875 0.6 0.0265625 0.025
0 0.25703125 0.4953125 0.028125 0.0265625
0 0.053125 0.42421875 0.0265625 0.025
0 0.07421875 0.415625 0.0265625 0.025
0 0.021875 0.49375 0.028125 0.0265625
0 0.0265625 0.44609375 0.0265625 0.025
0 0.05390625 0.5171875 0.03125 0.028125
0 0.109375 0.5046875 0.0265625 0.025
0 0.1765625 0.43984375 0.028125 0.0265625
0 0.1 0.4640625 0.0375 0.0359375
0 0.10703125 0.4890625 0.0359375 0.034375
0 0.78828125 0.37734375 0.034375 0.03125
0 0.92578125 0.19375 0.028125 0.0265625
0 0.9375 0.2671875 0.125 0.175