0 0.3796875 0.81640625 0.15625 0.1625
0 0.81875 0.9109375 0.2 0.178125
0 0.540625 0.0328125 0.0625 0.065625
0 0.08046875 0.89453125 0.0375 0.0375
0 0.0203125 0.46484375 0.034375 0.0359375
0 0.74296875 0.64921875 0.0375 0.040625
0 0.68984375 0.6203125 0.0359375 0.0375
0 0.79296875 0.64765625 0.028125 0.028125
0 0.69375 0.57109375 0.0265625 0.028125
0 0.74375 0.61875 0.0359375 0.028125
0 0.77265625 0.0609375 0.03125 0.03125
0 0.9390625 0.91328125 0.034375 0.034375
0 0.14296875 0.8890625 0.025 0.0265625