0 0.18359375 0.3796875 0.1625 0.15625
0 0.0890625 0.81875 0.178125 0.2
0 0.9671875 0.540625 0.065625 0.0625
0 0.10546875 0.08203125 0.0375 0.0375
0 0.53515625 0.0203125 0.0359375 0.034375
0 0.35078125 0.74296875 0.040625 0.0375
0 0.38125 0.68984375 0.0375 0.0359375
0 0.35234375 0.79296875 0.028125 0.028125
0 0.42890625 0.69375 0.028125 0.0265625
0 0.38125 0.74375 0.028125 0.0359375
0 0.9390625 0.77421875 0.03125 0.03125
0 0.08671875 0.9390625 0.034375 0.034375
0 0.1109375 0.14296875 0.0265625 0.025