0 0.81640625 0.6203125 0.16328125 0.15625
0 0.9109375 0.18125 0.178125 0.19921875
0 0.0328125 0.459375 0.06484375 0.0625
0 0.89453125 0.91953125 0.03828125 0.03828125
0 0.46484375 0.9796875 0.0359375 0.03359375
0 0.64921875 0.25703125 0.040625 0.03828125
0 0.6203125 0.31015625 0.03828125 0.0359375
0 0.64765625 0.20703125 0.02890625 0.02890625
0 0.57109375 0.30625 0.02890625 0.0265625
0 0.61875 0.25625 0.02890625 0.0359375
0 0.0609375 0.22734375 0.03125 0.03125
0 0.91328125 0.0609375 0.03359375 0.03359375
0 0.8890625 0.85703125 0.0265625 0.02421875