0 0.9375 0.86171875 0.01875 0.01875
0 0.85703125 0.76328125 0.015625 0.015625
0 0.9390625 0.2328125 0.121875 0.1203125
0 0.59375 0.296875 0.0109375 0.0109375
0 0.15703125 0.4984375 0.01875 0.01875
0 0.0375 0.7453125 0.0203125 0.01875
0 0.05078125 0.8734375 0.0125 0.0125
0 0.365625 0.0890625 0.028125 0.028125
0 0.415625 0.12421875 0.0140625 0.0140625
0 0.31015625 0.11640625 0.0125 0.0125
0 0.34375 0.840625 0.0125 0.0125
0 0.18671875 0.740625 0.0140625 0.0125
0 0.43359375 0.76640625 0.0109375 0.0109375
0 0.275 0.72421875 0.0109375 0.0109375
0 0.9390625 0.471875 0.0109375 0.0109375