0 0.0625 0.86171875 0.01875 0.01875
0 0.14296875 0.76328125 0.015625 0.015625
0 0.0609375 0.2328125 0.121875 0.1203125
0 0.40625 0.296875 0.0109375 0.0109375
0 0.84296875 0.4984375 0.01875 0.01875
0 0.9625 0.7453125 0.01875 0.01875
0 0.94921875 0.8734375 0.0125 0.0125
0 0.634375 0.0890625 0.028125 0.028125
0 0.584375 0.12421875 0.0140625 0.0140625
0 0.68984375 0.11640625 0.0125 0.0125
0 0.65625 0.840625 0.0125 0.0125
0 0.81328125 0.740625 0.0140625 0.0125
0 0.56640625 0.76640625 0.0109375 0.0109375
0 0.725 0.72421875 0.0109375 0.0109375
0 0.0609375 0.471875 0.0109375 0.0109375