0 0.0625 0.13828125 0.01875 0.01875
0 0.14296875 0.23671875 0.015625 0.015625
0 0.0609375 0.7671875 0.12109375 0.1203125
0 0.40625 0.703125 0.0109375 0.0109375
0 0.84296875 0.5015625 0.01953125 0.01875
0 0.9625 0.2546875 0.01953125 0.01953125
0 0.94921875 0.1265625 0.0125 0.0125
0 0.634375 0.9109375 0.028125 0.028125
0 0.584375 0.87578125 0.0140625 0.0140625
0 0.68984375 0.88359375 0.01171875 0.01171875
0 0.65625 0.159375 0.01171875 0.01171875
0 0.81328125 0.259375 0.0140625 0.0125
0 0.56640625 0.23359375 0.0109375 0.0109375
0 0.725 0.27578125 0.0109375 0.0109375
0 0.0609375 0.528125 0.0109375 0.0109375