0 0.74140625 0.41796875 0.034375 0.03125
0 0.86328125 0.3578125 0.03125 0.028125
0 0.52421875 0.01328125 0.06875 0.0265625
0 0.4953125 0.79453125 0.05 0.0453125
0 0.7125 0.8390625 0.0484375 0.0453125
0 0.728125 0.6 0.0265625 0.025
0 0.74296875 0.4953125 0.028125 0.0265625
0 0.946875 0.42421875 0.0265625 0.025
0 0.92578125 0.415625 0.0265625 0.025
0 0.978125 0.49375 0.028125 0.0265625
0 0.9734375 0.44609375 0.0265625 0.025
0 0.94609375 0.5171875 0.03125 0.028125
0 0.890625 0.5046875 0.0265625 0.025
0 0.8234375 0.43984375 0.028125 0.0265625
0 0.9 0.4640625 0.0375 0.0359375
0 0.89296875 0.4890625 0.0359375 0.034375
0 0.21171875 0.37734375 0.034375 0.03125
0 0.07421875 0.19375 0.028125 0.0265625
0 0.0625 0.2671875 0.125 0.175