0 0.2078125 0.0140625 0.0140625 0.0140625
0 0.1828125 0.3609375 0.01875 0.01875
0 0.0375 0.02578125 0.071875 0.0515625
0 0.43046875 0.9546875 0.0125 0.0109375
0 0.803125 0.78671875 0.04375 0.04375
0 0.875 0.87265625 0.25 0.2546875
0 0.790625 0.353125 0.01875 0.01875
0 0.98984375 0.59453125 0.0203125 0.0359375
0 0.68046875 0.27421875 0.11875 0.11875
0 0.990625 0.2703125 0.01875 0.021875
0 0.334375 0.38359375 0.084375 0.0859375
0 0.4703125 0.121875 0.0296875 0.0296875
0 0.61328125 0.11640625 0.128125 0.128125
0 0.20859375 0.3484375 0.0328125 0.0328125
0 0.3484375 0.9171875 0.0109375 0.0109375
0 0.00234375 0.69609375 0.0046875 0.0109375
0 0.07421875 0.5796875 0.0109375 0.0109375
0 0.46015625 0.196875 0.0109375 0.0109375
0 0.4671875 0.36796875 0.015625 0.015625
0 0.559375 0.41484375 0.0109375 0.0109375
0 0.73125 0.5578125 0.0125 0.0125
0 0.41796875 0.54765625 0.009375 0.009375
0 0.43203125 0.54609375 0.015625 0.015625
0 0.5203125 0.9375 0.0125 0.0125
0 0.13515625 0.6203125 0.028125 0.028125