0 0.34609375 0.90625 0.0171875 0.01875
0 0.3765625 0.9890625 0.025 0.021875
0 0.76875 0.7734375 0.0125 0.015625
0 0.7125 0.6921875 0.021875 0.025
0 0.63125 0.52109375 0.0140625 0.015625
0 0.5125 0.61484375 0.021875 0.025
0 0.6390625 0.371875 0.03125 0.034375
0 0.34609375 0.26328125 0.028125 0.03125
0 0.23515625 0.30703125 0.015625 0.0171875
0 0.6734375 0.2890625 0.0140625 0.015625
0 0.58515625 0.29921875 0.015625 0.015625
0 0.8109375 0.27734375 0.015625 0.0171875
0 0.96640625 0.278125 0.0265625 0.03125
0 0.96640625 0.22421875 0.028125 0.03125
0 0.98671875 0.48203125 0.0265625 0.040625
0 0.51640625 0.053125 0.05 0.05625
0 0.88984375 0.640625 0.01875 0.021875
0 0.91328125 0.09453125 0.046875 0.053125
0 0.00703125 0.1359375 0.0140625 0.0203125
0 0.12578125 0.11328125 0.059375 0.065625
0 0.22890625 0.09453125 0.015625 0.01875
0 0.02578125 0.39375 0.0109375 0.0125
0 0.1703125 0.203125 0.0328125 0.0375
0 0.1375 0.7875 0.028125 0.03125
0 0.928125 0.32890625 0.0125 0.015625
0 0.68671875 0.2546875 0.0203125 0.021875
0 0.4109375 0.134375 0.021875 0.0234375
0 0.4921875 0.19453125 0.0375 0.04375
0 0.61015625 0.2875 0.015625 0.015625
0 0.6 0.69375 0.021875 0.025
0 0.659375 0.64453125 0.03125 0.034375
0 0.7546875 0.10859375 0.0109375 0.0125
0 0.8109375 0.18125 0.0109375 0.0125
0 0.9078125 0.4546875 0.0109375 0.0125
0 0.71328125 0.40703125 0.009375 0.0125
0 0.75234375 0.31328125 0.015625 0.01875
0 0.86875 0.284375 0.0171875 0.01875
0 0.9953125 0.753125 0.009375 0.0140625
0 0.72890625 0.721875 0.0125 0.015625
0 0.81875 0.7765625 0.0109375 0.0125
0 0.859375 0.828125 0.0140625 0.015625
0 0.8109375 0.76875 0.0140625 0.015625
0 0.87890625 0.78828125 0.021875 0.0234375
0 0.396875 0.93671875 0.0125 0.0140625
0 0.52890625 0.6265625 0.015625 0.0171875
0 0.33203125 0.52421875 0.009375 0.0125
0 0.4109375 0.24609375 0.0109375 0.0125
0 0.4421875 0.26171875 0.021875 0.025
0 0.46875 0.26640625 0.040625 0.046875
0 0.57109375 0.30234375 0.0125 0.015625
0 0.56484375 0.07421875 0.0109375 0.0125
0 0.32421875 0.05390625 0.0125 0.015625
0 0.58046875 0.28046875 0.015625 0.0171875
0 0.26484375 0.090625 0.0296875 0.0328125
0 0.06640625 0.415625 0.0109375 0.0125
0 0.2640625 0.5609375 0.0109375 0.0125
0 0.23359375 0.92890625 0.0109375 0.0125
0 0.36015625 0.7203125 0.015625 0.01875
0 0.5515625 0.61953125 0.01875 0.0203125
0 0.5578125 0.603125 0.01875 0.0203125
0 0.6 0.65546875 0.0234375 0.0265625
0 0.7296875 0.87734375 0.0296875 0.0328125