0 0.34609375 0.09375 0.0171875 0.01875
0 0.3765625 0.0109375 0.025 0.021875
0 0.76875 0.2265625 0.0125 0.015625
0 0.7125 0.3078125 0.021875 0.025
0 0.63125 0.47890625 0.0140625 0.015625
0 0.5125 0.38515625 0.021875 0.025
0 0.6390625 0.628125 0.03125 0.034375
0 0.34609375 0.73671875 0.028125 0.03125
0 0.23515625 0.69296875 0.015625 0.0171875
0 0.6734375 0.7109375 0.0140625 0.015625
0 0.58515625 0.70078125 0.015625 0.015625
0 0.8109375 0.72265625 0.015625 0.0171875
0 0.96640625 0.721875 0.0265625 0.03125
0 0.96640625 0.77578125 0.028125 0.03125
0 0.98671875 0.51796875 0.0265625 0.040625
0 0.51640625 0.946875 0.05 0.05625
0 0.88984375 0.359375 0.01875 0.021875
0 0.91328125 0.90546875 0.046875 0.053125
0 0.00703125 0.8640625 0.0140625 0.0203125
0 0.12578125 0.88671875 0.059375 0.065625
0 0.22890625 0.90546875 0.015625 0.01875
0 0.02578125 0.60625 0.0109375 0.0125
0 0.1703125 0.796875 0.0328125 0.0375
0 0.1375 0.2125 0.028125 0.03125
0 0.928125 0.67109375 0.0125 0.015625
0 0.68671875 0.7453125 0.0203125 0.021875
0 0.4109375 0.865625 0.021875 0.0234375
0 0.4921875 0.80546875 0.0375 0.04375
0 0.61015625 0.7125 0.015625 0.015625
0 0.6 0.30625 0.021875 0.025
0 0.659375 0.35546875 0.03125 0.034375
0 0.7546875 0.89140625 0.0109375 0.0125
0 0.8109375 0.81875 0.0109375 0.0125
0 0.9078125 0.5453125 0.0109375 0.0125
0 0.71328125 0.59296875 0.009375 0.0125
0 0.75234375 0.68671875 0.015625 0.01875
0 0.86875 0.715625 0.0171875 0.0203125
0 0.9953125 0.246875 0.009375 0.0140625
0 0.72890625 0.278125 0.0125 0.015625
0 0.81875 0.2234375 0.0109375 0.0125
0 0.859375 0.171875 0.0140625 0.015625
0 0.8109375 0.23125 0.0140625 0.015625
0 0.87890625 0.21171875 0.021875 0.025
0 0.396875 0.06328125 0.0125 0.0140625
0 0.52890625 0.3734375 0.015625 0.0171875
0 0.33203125 0.47578125 0.009375 0.0125
0 0.4109375 0.75390625 0.0109375 0.0125
0 0.4421875 0.73828125 0.021875 0.025
0 0.46875 0.73359375 0.040625 0.046875
0 0.57109375 0.69765625 0.0125 0.015625
0 0.56484375 0.92578125 0.0109375 0.0125
0 0.32421875 0.94609375 0.0125 0.015625
0 0.58046875 0.71953125 0.015625 0.0171875
0 0.26484375 0.909375 0.0296875 0.0328125
0 0.06640625 0.584375 0.0109375 0.0125
0 0.2640625 0.4390625 0.0109375 0.0125
0 0.23359375 0.07109375 0.0109375 0.0125
0 0.36015625 0.2796875 0.015625 0.01875
0 0.5515625 0.38046875 0.01875 0.0203125
0 0.5578125 0.396875 0.01875 0.0203125
0 0.6 0.34453125 0.0234375 0.0265625
0 0.7296875 0.12265625 0.0296875 0.0328125