0 0.09375 0.65390625 0.01953125 0.0171875
0 0.0109375 0.6234375 0.021875 0.025
0 0.2265625 0.23125 0.01484375 0.0125
0 0.3078125 0.2875 0.025 0.02265625
0 0.47890625 0.36875 0.015625 0.0140625
0 0.38515625 0.4875 0.025 0.02265625
0 0.628125 0.3609375 0.03515625 0.03125
0 0.73671875 0.65390625 0.03125 0.02734375
0 0.69296875 0.76484375 0.0171875 0.015625
0 0.7109375 0.3265625 0.015625 0.0140625
0 0.70078125 0.41484375 0.01640625 0.01484375
0 0.72265625 0.1890625 0.0171875 0.015625
0 0.721875 0.03359375 0.03046875 0.0265625
0 0.77578125 0.03359375 0.03203125 0.028125
0 0.51796875 0.01328125 0.03984375 0.0265625
0 0.946875 0.48359375 0.05546875 0.05
0 0.359375 0.11015625 0.021875 0.01875
0 0.90546875 0.08671875 0.05390625 0.04765625
0 0.8640625 0.99296875 0.0203125 0.0140625
0 0.88671875 0.87421875 0.065625 0.05859375
0 0.90546875 0.77109375 0.01875 0.01640625
0 0.60625 0.97421875 0.0125 0.0109375
0 0.796875 0.8296875 0.0375 0.0328125
0 0.2125 0.8625 0.03046875 0.02734375
0 0.67109375 0.071875 0.01484375 0.0125
0 0.7453125 0.31328125 0.02265625 0.0203125
0 0.865625 0.5890625 0.0234375 0.021875
0 0.80546875 0.5078125 0.04296875 0.03828125
0 0.7125 0.38984375 0.01640625 0.01484375
0 0.30625 0.4 0.02421875 0.02265625
0 0.35546875 0.340625 0.034375 0.03046875
0 0.89140625 0.2453125 0.0125 0.0109375
0 0.81875 0.1890625 0.01171875 0.0109375
0 0.5453125 0.0921875 0.01171875 0.0109375
0 0.59296875 0.28671875 0.01171875 0.009375
0 0.68671875 0.24765625 0.01875 0.01640625
0 0.715625 0.13125 0.01953125 0.0171875
0 0.246875 0.0046875 0.0140625 0.009375
0 0.278125 0.27109375 0.01484375 0.0125
0 0.2234375 0.18125 0.01171875 0.0109375
0 0.171875 0.140625 0.015625 0.0140625
0 0.23125 0.1890625 0.01484375 0.0140625
0 0.21171875 0.12109375 0.02421875 0.021875
0 0.06328125 0.603125 0.0140625 0.01171875
0 0.3734375 0.47109375 0.0171875 0.015625
0 0.47578125 0.66796875 0.01171875 0.009375
0 0.75390625 0.5890625 0.01171875 0.0109375
0 0.73828125 0.5578125 0.02421875 0.021875
0 0.73359375 0.53125 0.04609375 0.040625
0 0.69765625 0.42890625 0.01484375 0.0125
0 0.92578125 0.43515625 0.0125 0.0109375
0 0.94609375 0.67578125 0.01484375 0.0125
0 0.71953125 0.41953125 0.0171875 0.015625
0 0.909375 0.73515625 0.0328125 0.0296875
0 0.584375 0.93359375 0.01171875 0.0109375
0 0.4390625 0.7359375 0.0125 0.0109375
0 0.07109375 0.76640625 0.01171875 0.0109375
0 0.2796875 0.63984375 0.01875 0.01640625
0 0.38046875 0.4484375 0.0203125 0.01875
0 0.396875 0.4421875 0.0203125 0.01875
0 0.34453125 0.4 0.0265625 0.0234375
0 0.12265625 0.2703125 0.0328125 0.0296875