0 0.86640625 0.40703125 0.021875 0.021875
0 0.43125 0.01484375 0.01875 0.009375
0 0.56796875 0.146875 0.015625 0.0171875
0 0.10078125 0.2140625 0.046875 0.0484375
0 0.059375 0.04375 0.0125 0.0125
0 0.14921875 0.52890625 0.0125 0.0125
0 0.19453125 0.56171875 0.0234375 0.0234375
0 0.0515625 0.65546875 0.046875 0.0484375
0 0.29296875 0.6703125 0.021875 0.021875
0 0.090625 0.69296875 0.0171875 0.0171875
0 0.25625 0.79375 0.028125 0.028125
0 0.96484375 0.02109375 0.009375 0.009375
0 0.9984375 0.20234375 0.003125 0.0109375
0 0.9390625 0.28203125 0.0125 0.0125
0 0.309375 0.20234375 0.0109375 0.0109375
0 0.221875 0.5296875 0.0109375 0.0125
0 0.3625 0.790625 0.0109375 0.0125