0 0.321875 0.16171875 0.0171875 0.0171875
0 0.81875 0.06875 0.0171875 0.01640625
0 0.51171875 0.3890625 0.0203125 0.0203125
0 0.6296875 0.6453125 0.01875 0.0171875
0 0.5171875 0.46875 0.0484375 0.0484375
0 0.56171875 0.62109375 0.0578125 0.0578125
0 0.46484375 0.86953125 0.01875 0.01875
0 0.7421875 0.34921875 0.0125 0.0125
0 0.32265625 0.396875 0.084375 0.0828125
0 0.28046875 0.5921875 0.0578125 0.0578125
0 0.08125 0.3828125 0.01484375 0.01484375
0 0.240625 0.44609375 0.04765625 0.04765625
0 0.18125 0.52421875 0.1578125 0.1578125
0 0.221875 0.93046875 0.04375 0.04296875
0 0.6234375 0.76171875 0.64140625 0.4765625
0 0.15 0.840625 0.3 0.31875
0 0.95390625 0.31171875 0.015625 0.015625
0 0.8171875 0.53984375 0.015625 0.015625
0 0.8546875 0.5375 0.0609375 0.0609375
0 0.62265625 0.41484375 0.01640625 0.01640625
0 0.853125 0.575 0.0453125 0.04375
0 0.93359375 0.2296875 0.0140625 0.0140625
0 0.809375 0.19921875 0.0125 0.0125
0 0.7515625 0.21953125 0.0109375 0.0109375
0 0.50078125 0.11484375 0.01171875 0.01171875
0 0.40703125 0.21171875 0.0140625 0.0140625
0 0.265625 0.334375 0.0125 0.0125
0 0.0078125 0.528125 0.01484375 0.01484375
0 0.80078125 0.3953125 0.01171875 0.01171875
0 0.81875 0.728125 0.0109375 0.0109375
0 0.9109375 0.62578125 0.0546875 0.0546875
0 0.76875 0.81875 0.0140625 0.0140625
0 0.5734375 0.9671875 0.01171875 0.01171875