0 0.13359375 0.40703125 0.021875 0.021875
0 0.56875 0.01484375 0.01875 0.009375
0 0.43203125 0.146875 0.015625 0.0171875
0 0.89921875 0.2140625 0.046875 0.0484375
0 0.940625 0.04375 0.0125 0.0125
0 0.85078125 0.52890625 0.0125 0.0125
0 0.80546875 0.56171875 0.0234375 0.0234375
0 0.9484375 0.65546875 0.046875 0.0484375
0 0.70703125 0.6703125 0.021875 0.021875
0 0.909375 0.69296875 0.0171875 0.0171875
0 0.74375 0.79375 0.028125 0.028125
0 0.03515625 0.02109375 0.009375 0.009375
0 0.0015625 0.20234375 0.003125 0.0109375
0 0.0609375 0.28203125 0.0125 0.0125
0 0.690625 0.20234375 0.0109375 0.0109375
0 0.778125 0.5296875 0.0109375 0.0125
0 0.6375 0.790625 0.0109375 0.0125