0 0.09453125 0.0171875 0.0125 0.0125
0 0.4953125 0.065625 0.0171875 0.0171875
0 0.0390625 0.69921875 0.0359375 0.0359375
0 0.08046875 0.703125 0.0140625 0.0140625
0 0.04609375 0.4015625 0.06875 0.06875
0 0.06875 0.34609375 0.07421875 0.07421875
0 0.14765625 0.43046875 0.01484375 0.01484375
0 0.22578125 0.30625 0.03203125 0.03203125
0 0.11875 0.428125 0.05859375 0.05859375
0 0.31015625 0.5421875 0.0234375 0.0234375
0 0.5953125 0.50703125 0.0125 0.0125
0 0.72578125 0.30078125 0.0140625 0.0140625
0 0.87265625 0.15859375 0.0125 0.0125
0 0.9046875 0.515625 0.03125 0.03125
0 0.8609375 0.5921875 0.06640625 0.06640625
0 0.80546875 0.39921875 0.11015625 0.11015625
0 0.41875 0.4203125 0.83671875 0.83984375
0 0.6859375 0.9734375 0.01640625 0.01640625
0 0.440625 0.853125 0.015625 0.015625
0 0.384375 0.84296875 0.015625 0.015625
0 0.346875 0.89140625 0.01484375 0.01484375
0 0.20625 0.97890625 0.01875 0.01875
0 0.50546875 0.92734375 0.2359375 0.1453125
0 0.834375 0.75234375 0.075 0.075
0 0.653125 0.04296875 0.0109375 0.0109375
0 0.6375 0.1078125 0.0140625 0.0140625
0 0.3140625 0.15703125 0.01484375 0.01484375
0 0.059375 0.11875 0.015625 0.015625
0 0.946875 0.21171875 0.01875 0.01875
0 0.90703125 0.5328125 0.0109375 0.0109375