0 0.06484375 0.20859375 0.0578125 0.0625
0 0.01875 0.7546875 0.0375 0.04375
0 0.46953125 0.95 0.015625 0.0171875
0 0.16328125 0.7734375 0.034375 0.0359375
0 0.81796875 0.87578125 0.015625 0.0171875
0 0.5609375 0.68828125 0.0203125 0.021875
0 0.73671875 0.5875 0.0125 0.0125
0 0.79296875 0.6609375 0.040625 0.04375
0 0.71796875 0.6890625 0.0109375 0.0125
0 0.6421875 0.23671875 0.0375 0.040625
0 0.78671875 0.1109375 0.01875 0.01875
0 0.3203125 0.15546875 0.028125 0.03125
0 0.1359375 0.28125 0.0265625 0.028125
0 0.55390625 0.3328125 0.0125 0.0140625
0 0.93046875 0.02421875 0.015625 0.015625
0 0.8625 0.42890625 0.0234375 0.025
0 0.85859375 0.1046875 0.040625 0.0453125
0 0.9109375 0.5625 0.0140625 0.015625
0 0.94296875 0.6828125 0.0265625 0.028125
0 0.8546875 0.84453125 0.0140625 0.015625
0 0.1109375 0.503125 0.009375 0.0109375
0 0.3046875 0.63984375 0.0125 0.0125
0 0.25078125 0.653125 0.0125 0.0125
0 0.7078125 0.88359375 0.0109375 0.0125
0 0.675 0.5875 0.009375 0.0109375
0 0.6453125 0.415625 0.0140625 0.015625
0 0.5671875 0.253125 0.0109375 0.0125
0 0.646875 0.14765625 0.009375 0.0109375
0 0.653125 0.0921875 0.0125 0.0125
0 0.97578125 0.671875 0.0109375 0.0109375
0 0.86015625 0.74296875 0.0125 0.0140625
0 0.98203125 0.80703125 0.0125 0.0125