0 0.0171875 0.90546875 0.0125 0.0125
0 0.065625 0.5046875 0.0171875 0.0171875
0 0.69921875 0.9609375 0.0359375 0.0359375
0 0.703125 0.91953125 0.0140625 0.0140625
0 0.4015625 0.95390625 0.06875 0.06875
0 0.34609375 0.93125 0.075 0.075
0 0.43046875 0.85234375 0.015625 0.015625
0 0.30625 0.77421875 0.03125 0.03125
0 0.428125 0.88125 0.059375 0.059375
0 0.5421875 0.68984375 0.0234375 0.0234375
0 0.50703125 0.4046875 0.0125 0.0125
0 0.30078125 0.27421875 0.0140625 0.0140625
0 0.15859375 0.12734375 0.0125 0.0125
0 0.515625 0.0953125 0.03125 0.03125
0 0.5921875 0.1390625 0.065625 0.065625
0 0.39921875 0.19453125 0.109375 0.109375
0 0.4203125 0.58125 0.840625 0.8375
0 0.9734375 0.3140625 0.015625 0.015625
0 0.853125 0.559375 0.015625 0.015625
0 0.84296875 0.615625 0.015625 0.015625
0 0.89140625 0.653125 0.015625 0.015625
0 0.97890625 0.79375 0.01875 0.01875
0 0.92734375 0.49453125 0.1453125 0.2359375
0 0.75234375 0.165625 0.075 0.075
0 0.04296875 0.346875 0.0109375 0.0109375
0 0.1078125 0.3625 0.0140625 0.0140625
0 0.15703125 0.6859375 0.015625 0.015625
0 0.11875 0.940625 0.015625 0.015625
0 0.21171875 0.053125 0.01875 0.01875
0 0.5328125 0.09296875 0.0109375 0.0109375