0 0.06484375 0.79140625 0.0578125 0.0625
0 0.01875 0.2453125 0.0375 0.04375
0 0.46953125 0.05 0.015625 0.0171875
0 0.16328125 0.2265625 0.034375 0.0359375
0 0.81796875 0.12421875 0.015625 0.0171875
0 0.5609375 0.31171875 0.0203125 0.021875
0 0.73671875 0.4125 0.0125 0.0125
0 0.79296875 0.3390625 0.040625 0.04375
0 0.71796875 0.3109375 0.0109375 0.0125
0 0.6421875 0.76328125 0.0375 0.040625
0 0.78671875 0.8890625 0.01875 0.01875
0 0.3203125 0.84453125 0.028125 0.03125
0 0.1359375 0.71875 0.0265625 0.028125
0 0.55390625 0.6671875 0.0125 0.0140625
0 0.93046875 0.97578125 0.015625 0.015625
0 0.8625 0.57109375 0.0234375 0.025
0 0.85859375 0.8953125 0.040625 0.0453125
0 0.9109375 0.4375 0.0140625 0.015625
0 0.94296875 0.3171875 0.0265625 0.028125
0 0.8546875 0.15546875 0.0140625 0.015625
0 0.1109375 0.496875 0.009375 0.0109375
0 0.3046875 0.36015625 0.0125 0.0125
0 0.25078125 0.346875 0.0125 0.0125
0 0.7078125 0.11640625 0.0109375 0.0125
0 0.675 0.4125 0.009375 0.0109375
0 0.6453125 0.584375 0.0140625 0.015625
0 0.5671875 0.746875 0.0109375 0.0125
0 0.646875 0.85234375 0.009375 0.0109375
0 0.653125 0.9078125 0.0125 0.0125
0 0.97578125 0.328125 0.0109375 0.0109375
0 0.86015625 0.25703125 0.0125 0.0140625
0 0.98203125 0.19296875 0.0125 0.0125