0 0.18671875 0.346875 0.0140625 0.015625
0 0.81328125 0.34296875 0.00625 0.00625
0 0.33515625 0.2703125 0.0109375 0.0125
0 0.39140625 0.103125 0.00625 0.00625
0 0.4265625 0.01640625 0.015625 0.015625
0 0.68828125 0.25703125 0.00625 0.00625
0 0.99375 0.50625 0.0125 0.015625
0 0.3546875 0.940625 0.0125 0.0125
0 0.2875 0.20703125 0.00625 0.00625
0 0.1421875 0.59375 0.0125 0.0140625
0 0.90078125 0.059375 0.00625 0.00625
0 0.15 0.5203125 0.00625 0.00625
0 0.72578125 0.1140625 0.00625 0.00625
0 0.8421875 0.0140625 0.00625 0.00625
0 0.0703125 0.840625 0.0078125 0.0078125
0 0.33125 0.9921875 0.015625 0.015625
0 0.48359375 0.021875 0.00625 0.0078125
0 0.1109375 0.8484375 0.00625 0.0078125
0 0.92109375 0.4671875 0.009375 0.009375
0 0.30625 0.75859375 0.00625 0.00625
0 0.49921875 0.0328125 0.00625 0.00625
0 0.43125 0.23515625 0.009375 0.009375
0 0.03046875 0.0125 0.00625 0.00625
0 0.1734375 0.0015625 0.009375 0.003125
0 0.8421875 0.13515625 0.00625 0.00625
0 0.98515625 0.02890625 0.0078125 0.00625
0 0.46171875 0.80078125 0.0078125 0.0078125
0 0.51875 0.3875 0.0078125 0.009375
0 0.21484375 0.95 0.0078125 0.0078125
0 0.24765625 0.2140625 0.00625 0.0078125
0 0.98984375 0.29765625 0.0109375 0.0125
0 0.24375 0.11171875 0.0078125 0.009375
0 0.265625 0.621875 0.0125 0.0140625
0 0.70234375 0.14609375 0.0078125 0.009375
0 0.73359375 0.88125 0.009375 0.009375
0 0.80546875 0.56328125 0.015625 0.0140625
0 0.6875 0.88984375 0.0078125 0.009375
0 0.41328125 0.84921875 0.0109375 0.0109375
0 0.18046875 0.61015625 0.0140625 0.015625
0 0.2140625 0.67734375 0.0078125 0.009375
0 0.54140625 0.16171875 0.009375 0.009375
0 0.896875 0.3390625 0.009375 0.009375
0 0.43515625 0.21796875 0.009375 0.009375
0 0.65234375 0.184375 0.009375 0.0109375
0 0.86875 0.10625 0.009375 0.009375
0 0.6125 0.440625 0.0171875 0.0171875
0 0.68125 0.73125 0.009375 0.0109375
0 0.61875 0.85859375 0.009375 0.0109375
0 0.81328125 0.18828125 0.009375 0.0109375
0 0.91875 0.32734375 0.015625 0.015625
0 0.090625 0.3328125 0.009375 0.009375
0 0.59296875 0.27421875 0.0125 0.0125
0 0.76484375 0.2359375 0.0109375 0.0109375
0 0.6015625 0.30859375 0.0234375 0.0234375
0 0.96640625 0.0421875 0.015625 0.015625
0 0.8734375 0.7015625 0.021875 0.0234375