0 0.346875 0.81328125 0.01484375 0.0140625
0 0.34296875 0.18671875 0.00703125 0.00703125
0 0.2703125 0.66484375 0.01171875 0.0109375
0 0.103125 0.60859375 0.00625 0.00625
0 0.01640625 0.5734375 0.015625 0.01484375
0 0.25703125 0.31171875 0.00625 0.00625
0 0.50625 0.00625 0.01484375 0.01171875
0 0.940625 0.6453125 0.0125 0.01171875
0 0.20703125 0.7125 0.00625 0.00703125
0 0.59375 0.8578125 0.0140625 0.01171875
0 0.059375 0.09921875 0.00703125 0.00703125
0 0.5203125 0.85 0.00703125 0.00703125
0 0.1140625 0.27421875 0.00625 0.00625
0 0.0140625 0.1578125 0.00703125 0.00703125
0 0.840625 0.9296875 0.0078125 0.0078125
0 0.9921875 0.66875 0.015625 0.01640625
0 0.021875 0.51640625 0.0078125 0.00703125
0 0.8484375 0.8890625 0.0078125 0.00703125
0 0.4671875 0.07890625 0.00859375 0.00859375
0 0.75859375 0.69375 0.00703125 0.00703125
0 0.0328125 0.50078125 0.00703125 0.00703125
0 0.23515625 0.56875 0.00859375 0.00859375
0 0.0125 0.96953125 0.00625 0.00703125
0 0.0015625 0.8265625 0.003125 0.009375
0 0.13515625 0.1578125 0.00703125 0.00703125
0 0.02890625 0.01484375 0.00703125 0.0078125
0 0.80078125 0.53828125 0.0078125 0.0078125
0 0.3875 0.48125 0.00859375 0.0078125
0 0.95 0.78515625 0.0078125 0.0078125
0 0.2140625 0.75234375 0.0078125 0.00703125
0 0.29765625 0.01015625 0.01171875 0.0109375
0 0.11171875 0.75625 0.00859375 0.0078125
0 0.621875 0.734375 0.0140625 0.01171875
0 0.14609375 0.29765625 0.00859375 0.0078125
0 0.88125 0.26640625 0.00859375 0.00859375
0 0.56328125 0.19453125 0.0140625 0.015625
0 0.88984375 0.3125 0.00859375 0.0078125
0 0.84921875 0.58671875 0.0109375 0.0109375
0 0.61015625 0.81953125 0.01484375 0.0140625
0 0.67734375 0.7859375 0.00859375 0.0078125
0 0.16171875 0.45859375 0.00859375 0.00859375
0 0.3390625 0.103125 0.00859375 0.00859375
0 0.21796875 0.56484375 0.009375 0.00859375
0 0.184375 0.34765625 0.0109375 0.009375
0 0.10625 0.13125 0.009375 0.009375
0 0.440625 0.3875 0.0171875 0.0171875
0 0.73125 0.31875 0.0109375 0.009375
0 0.85859375 0.38125 0.0109375 0.009375
0 0.18828125 0.18671875 0.0109375 0.009375
0 0.32734375 0.08125 0.015625 0.01484375
0 0.3328125 0.909375 0.009375 0.009375
0 0.27421875 0.40703125 0.0125 0.01171875
0 0.2359375 0.23515625 0.0109375 0.0109375
0 0.30859375 0.3984375 0.0234375 0.0234375
0 0.0421875 0.03359375 0.01640625 0.01640625
0 0.7015625 0.1265625 0.02265625 0.02265625