0 0.859375 0.38203125 0.0109375 0.0109375
0 0.88984375 0.31171875 0.009375 0.009375
0 0.73125 0.31796875 0.009375 0.009375
0 0.7 0.125 0.025 0.025
0 0.56328125 0.1921875 0.01484375 0.0140625
0 0.440625 0.3890625 0.015625 0.015625
0 0.3109375 0.39765625 0.021875 0.021875
0 0.23359375 0.23671875 0.0109375 0.0109375
0 0.325 0.08203125 0.01171875 0.01171875
0 0.10625 0.13125 0.009375 0.009375
0 0.04140625 0.0328125 0.01640625 0.01640625
0 0.60625 0.8171875 0.0125 0.0125
0 0.8515625 0.58671875 0.0125 0.0125