0 0.04609375 0.29375 0.0171875 0.0171875
0 0.1796875 0.08046875 0.0640625 0.0640625
0 0.20625 0.16953125 0.01875 0.01875
0 0.665625 0.29140625 0.0265625 0.0265625
0 0.1984375 0.33984375 0.0171875 0.0171875
0 0.16640625 0.58359375 0.03125 0.03125
0 0.80546875 0.359375 0.0171875 0.0171875
0 0.740625 0.146875 0.0125 0.0125
0 0.90703125 0.49375 0.05 0.05
0 0.971875 0.35078125 0.05625 0.09375
0 0.54375 0.95625 0.028125 0.028125
0 0.01875 0.82890625 0.021875 0.021875
0 0.01484375 0.76875 0.01875 0.01875
0 0.13359375 0.6921875 0.0171875 0.0171875
0 0.925 0.5984375 0.01875 0.01875
0 0.434375 0.69375 0.0265625 0.0265625
0 0.63359375 0.40859375 0.015625 0.015625
0 0.4171875 0.571875 0.015625 0.015625
0 0.2875 0.33671875 0.0203125 0.0203125
0 0.34765625 0.284375 0.0125 0.0125
0 0.19375 0.0890625 0.009375 0.009375
0 0.60234375 0.0453125 0.0125 0.0125
0 0.18125 0.2671875 0.009375 0.009375
0 0.2359375 0.434375 0.0125 0.0125
0 0.1984375 0.79609375 0.0125 0.0125
0 0.4625 0.609375 0.009375 0.009375
0 0.6296875 0.63515625 0.0125 0.0125
0 0.621875 0.696875 0.0125 0.0125
0 0.5828125 0.76484375 0.0109375 0.0109375
0 0.8875 0.7453125 0.0125 0.0125