0 0.70625 0.04609375 0.0171875 0.0171875
0 0.91953125 0.1796875 0.0640625 0.0640625
0 0.83046875 0.20625 0.01875 0.01875
0 0.70859375 0.665625 0.0265625 0.0265625
0 0.66015625 0.1984375 0.0171875 0.0171875
0 0.41640625 0.16640625 0.03125 0.03125
0 0.640625 0.80546875 0.0171875 0.0171875
0 0.853125 0.740625 0.0125 0.0125
0 0.50625 0.90703125 0.05 0.05
0 0.64921875 0.971875 0.09375 0.05625
0 0.04375 0.54375 0.028125 0.028125
0 0.17109375 0.01875 0.021875 0.021875
0 0.23125 0.01484375 0.01875 0.01875
0 0.3078125 0.13359375 0.0171875 0.0171875
0 0.4015625 0.925 0.01875 0.0203125
0 0.30625 0.434375 0.0265625 0.0265625
0 0.59140625 0.63359375 0.015625 0.015625
0 0.428125 0.4171875 0.015625 0.015625
0 0.66328125 0.2875 0.0203125 0.0203125
0 0.715625 0.34765625 0.0125 0.0125
0 0.9109375 0.19375 0.009375 0.009375
0 0.9546875 0.60234375 0.0125 0.0109375
0 0.7328125 0.18125 0.009375 0.009375
0 0.565625 0.2359375 0.0125 0.0125
0 0.20390625 0.1984375 0.0125 0.0125
0 0.390625 0.4625 0.009375 0.009375
0 0.36484375 0.6296875 0.0125 0.0125
0 0.303125 0.621875 0.0125 0.0125
0 0.23515625 0.5828125 0.0109375 0.0109375
0 0.2546875 0.8875 0.0125 0.0125