0 0.25390625 0.49140625 0.02421875 0.0234375
0 0.2171875 0.0109375 0.01875 0.0171875
0 0.08125 0.290625 0.01171875 0.01171875
0 0.02109375 0.303125 0.015625 0.015625
0 0.3859375 0.12734375 0.01171875 0.01171875
0 0.38984375 0.02734375 0.015625 0.015625
0 0.63359375 0.153125 0.1859375 0.18125
0 0.30390625 0.9765625 0.0828125 0.046875
0 0.35625 0.97265625 0.09765625 0.0546875
0 0.74375 0.99140625 0.0203125 0.01640625
0 0.9609375 0.98125 0.0171875 0.01640625
0 0.6171875 0.7359375 0.02734375 0.02734375
0 0.67890625 0.23125 0.0125 0.01171875
0 0.5109375 0.24375 0.0109375 0.009375
0 0.59375 0.02578125 0.0109375 0.0109375