0 0.50859375 0.25390625 0.0234375 0.025
0 0.9890625 0.2171875 0.0171875 0.01875
0 0.709375 0.08125 0.0125 0.0125
0 0.696875 0.02109375 0.015625 0.015625
0 0.87265625 0.3859375 0.0125 0.0125
0 0.97265625 0.38984375 0.015625 0.015625
0 0.846875 0.63359375 0.18125 0.1859375
0 0.0234375 0.30390625 0.046875 0.0828125
0 0.02734375 0.35625 0.0546875 0.096875
0 0.00859375 0.74375 0.015625 0.0203125
0 0.01875 0.9609375 0.015625 0.0171875
0 0.2640625 0.6171875 0.028125 0.028125
0 0.76875 0.67890625 0.0125 0.0125
0 0.75625 0.5109375 0.009375 0.0109375
0 0.97421875 0.59375 0.0109375 0.0109375