0 0.50859375 0.74609375 0.0234375 0.025
0 0.9890625 0.7828125 0.0171875 0.01875
0 0.709375 0.91875 0.0125 0.0125
0 0.696875 0.97890625 0.015625 0.015625
0 0.87265625 0.6140625 0.0125 0.0125
0 0.97265625 0.61015625 0.015625 0.015625
0 0.846875 0.36640625 0.18125 0.1859375
0 0.0234375 0.69609375 0.046875 0.0828125
0 0.02734375 0.64375 0.0546875 0.0984375
0 0.00859375 0.25625 0.015625 0.0203125
0 0.01875 0.0390625 0.015625 0.0171875
0 0.2640625 0.3828125 0.028125 0.028125
0 0.76875 0.32109375 0.0125 0.0125
0 0.75625 0.4890625 0.009375 0.0109375
0 0.97421875 0.40625 0.0109375 0.0109375