0 0.3734375 0.10703125 0.0171875 0.0171875
0 0.9625 0.0953125 0.02734375 0.0265625
0 0.971875 0.6046875 0.0125 0.01171875
0 0.97890625 0.4125 0.0421875 0.071875
0 0.909375 0.134375 0.03046875 0.0296875
0 0.8546875 0.51640625 0.01640625 0.01640625
0 0.79609375 0.56796875 0.0171875 0.0171875
0 0.69140625 0.4625 0.0140625 0.0140625
0 0.615625 0.4921875 0.015625 0.015625
0 0.6671875 0.7953125 0.0265625 0.025
0 0.8890625 0.81015625 0.025 0.02421875
0 0.840625 0.85078125 0.021875 0.0203125
0 0.53671875 0.28515625 0.0125 0.01171875
0 0.19375 0.55390625 0.075 0.0734375
0 0.40546875 0.74453125 0.01484375 0.01484375
0 0.03359375 0.82265625 0.05859375 0.05625
0 0.61796875 0.32734375 0.0140625 0.0125
0 0.81640625 0.1390625 0.0125 0.0125
0 0.9515625 0.115625 0.0109375 0.009375
0 0.934375 0.15546875 0.01953125 0.01875
0 0.93203125 0.1921875 0.0109375 0.0109375
0 0.865625 0.32109375 0.0125 0.01171875
0 0.86796875 0.33203125 0.015625 0.01484375
0 0.88125 0.37109375 0.0109375 0.0109375
0 0.79375 0.3625 0.01484375 0.01484375
0 0.9859375 0.1 0.021875 0.0203125
0 0.96171875 0.51015625 0.0140625 0.0140625
0 0.75703125 0.54375 0.0109375 0.0109375
0 0.73984375 0.4609375 0.01171875 0.0109375
0 0.52265625 0.603125 0.0109375 0.0109375
0 0.2625 0.384375 0.0109375 0.009375
0 0.1296875 0.365625 0.0109375 0.0109375
0 0.1484375 0.33125 0.01875 0.01875
0 0.49453125 0.3953125 0.04296875 0.0421875
0 0.45703125 0.37421875 0.053125 0.05078125
0 0.39375 0.74140625 0.015625 0.015625
0 0.75390625 0.69375 0.01484375 0.01484375
0 0.69375 0.8546875 0.01484375 0.01484375
0 0.7140625 0.86796875 0.009375 0.009375
0 0.715625 0.88671875 0.0140625 0.0140625
0 0.7125 0.90546875 0.01875 0.01875
0 0.61484375 0.85859375 0.0171875 0.01640625
0 0.7015625 0.85 0.0109375 0.0109375