0 0.77109375 0.103125 0.0140625 0.0140625
0 0.4203125 0.25078125 0.02265625 0.02265625
0 0.38359375 0.3 0.01484375 0.0140625
0 0.20390625 0.2015625 0.0171875 0.0171875
0 0.2140625 0.73125 0.1328125 0.128125
0 0.5828125 0.4171875 0.01640625 0.015625
0 0.7453125 0.89375 0.01953125 0.01875
0 0.7265625 0.94140625 0.015625 0.015625
0 0.77421875 0.9171875 0.0140625 0.0140625
0 0.8046875 0.4328125 0.390625 0.58125
0 0.49375 0.7265625 0.01484375 0.01484375
0 0.6421875 0.246875 0.0125 0.0125
0 0.128125 0.06484375 0.0125 0.0125
0 0.065625 0.1796875 0.01171875 0.0109375
0 0.08046875 0.06171875 0.02421875 0.0234375
0 0.02421875 0.41484375 0.028125 0.02734375
0 0.00859375 0.49140625 0.0125 0.01171875
0 0.38125 0.3328125 0.01484375 0.01484375
0 0.53828125 0.38984375 0.0125 0.01171875
0 0.5984375 0.590625 0.0109375 0.0109375
0 0.57109375 0.6203125 0.0109375 0.009375
0 0.51484375 0.59140625 0.0265625 0.025
0 0.96875 0.4640625 0.0109375 0.009375
0 0.61484375 0.8859375 0.0109375 0.0109375
0 0.6 0.796875 0.0140625 0.0125
0 0.2828125 0.64609375 0.01171875 0.0109375
0 0.465625 0.82734375 0.0171875 0.0171875
0 0.12421875 0.83515625 0.01484375 0.0140625
0 0.278125 0.74140625 0.02734375 0.0265625