0 0.103125 0.77109375 0.0140625 0.0140625
0 0.25078125 0.4203125 0.021875 0.021875
0 0.3 0.38359375 0.0140625 0.015625
0 0.2015625 0.20390625 0.0171875 0.0171875
0 0.73125 0.2140625 0.128125 0.1328125
0 0.4171875 0.5828125 0.015625 0.015625
0 0.89375 0.7453125 0.01875 0.01875
0 0.94140625 0.7265625 0.015625 0.015625
0 0.9171875 0.77421875 0.0140625 0.0140625
0 0.4328125 0.8046875 0.58125 0.390625
0 0.7265625 0.49375 0.015625 0.015625
0 0.246875 0.6421875 0.0125 0.0125
0 0.06484375 0.128125 0.0125 0.0125
0 0.1796875 0.065625 0.0109375 0.0125
0 0.06171875 0.08046875 0.0234375 0.025
0 0.41484375 0.02421875 0.028125 0.028125
0 0.49140625 0.00859375 0.0125 0.0125
0 0.3328125 0.38125 0.015625 0.015625
0 0.38984375 0.53828125 0.0125 0.0125
0 0.590625 0.5984375 0.0109375 0.0109375
0 0.6203125 0.57109375 0.009375 0.0109375
0 0.59140625 0.51484375 0.025 0.0265625
0 0.4640625 0.96875 0.009375 0.0109375
0 0.8859375 0.61484375 0.0109375 0.0109375
0 0.796875 0.6 0.0125 0.0140625
0 0.64609375 0.2828125 0.0109375 0.0125
0 0.82734375 0.465625 0.0171875 0.0171875
0 0.83515625 0.12421875 0.0140625 0.015625
0 0.74140625 0.278125 0.0265625 0.028125