0 0.22890625 0.103125 0.0140625 0.0140625
0 0.5796875 0.25078125 0.021875 0.021875
0 0.61640625 0.3 0.015625 0.0140625
0 0.79609375 0.2015625 0.0171875 0.0171875
0 0.7859375 0.73125 0.1328125 0.128125
0 0.4171875 0.4171875 0.015625 0.015625
0 0.2546875 0.89375 0.01875 0.01875
0 0.2734375 0.94140625 0.015625 0.015625
0 0.22578125 0.9171875 0.0140625 0.0140625
0 0.1953125 0.4328125 0.390625 0.58125
0 0.50625 0.7265625 0.015625 0.015625
0 0.3578125 0.246875 0.0125 0.0125
0 0.871875 0.06484375 0.0125 0.0125
0 0.934375 0.1796875 0.0125 0.0109375
0 0.91953125 0.06171875 0.025 0.0234375
0 0.97578125 0.41484375 0.028125 0.028125
0 0.99140625 0.49140625 0.0125 0.0125
0 0.61875 0.3328125 0.015625 0.015625
0 0.46171875 0.38984375 0.0125 0.0125
0 0.4015625 0.590625 0.0109375 0.0109375
0 0.42890625 0.6203125 0.0109375 0.009375
0 0.48515625 0.59140625 0.0265625 0.025
0 0.03125 0.4640625 0.0109375 0.009375
0 0.38515625 0.8859375 0.0109375 0.0109375
0 0.4 0.796875 0.0140625 0.0125
0 0.7171875 0.64609375 0.0125 0.0109375
0 0.534375 0.82734375 0.0171875 0.0171875
0 0.87578125 0.83515625 0.015625 0.0140625
0 0.721875 0.74140625 0.028125 0.0265625