0 0.02265625 0.1609375 0.0265625 0.028125
0 0.07421875 0.30390625 0.03125 0.034375
0 0.07890625 0.18203125 0.03125 0.0328125
0 0.08671875 0.48359375 0.0125 0.0125
0 0.17890625 0.98359375 0.053125 0.0328125
0 0.30625 0.60625 0.0125 0.0140625
0 0.27265625 0.7546875 0.0125 0.0125
0 0.13828125 0.35078125 0.01875 0.01875
0 0.6515625 0.278125 0.0296875 0.03125
0 0.571875 0.29375 0.0125 0.0125
0 0.8171875 0.3625 0.015625 0.015625
0 0.65078125 0.3140625 0.01875 0.01875
0 0.7109375 0.69375 0.4609375 0.484375
0 0.790625 0.77578125 0.0109375 0.0109375
0 0.89296875 0.478125 0.15625 0.165625
0 0.86875 0.38671875 0.028125 0.0296875
0 0.85234375 0.40625 0.028125 0.0296875
0 0.159375 0.215625 0.0125 0.0125
0 0.7859375 0.175 0.0125 0.0125
0 0.91953125 0.178125 0.0125 0.0140625
0 0.4078125 0.2359375 0.0125 0.0125
0 0.5703125 0.284375 0.028125 0.03125
0 0.384375 0.2953125 0.0125 0.0125
0 0.10625 0.71484375 0.0109375 0.0125
0 0.1578125 0.41171875 0.0125 0.0125
0 0.221875 0.46328125 0.009375 0.0109375
0 0.22734375 0.3078125 0.0140625 0.015625
0 0.45859375 0.48515625 0.009375 0.0109375
0 0.37734375 0.86484375 0.015625 0.015625
0 0.76171875 0.70546875 0.0109375 0.0125
0 0.8234375 0.128125 0.009375 0.0109375
0 0.8859375 0.08359375 0.015625 0.015625
0 0.98046875 0.1625 0.0109375 0.0125
0 0.95078125 0.4109375 0.0125 0.0140625