0 0.8390625 0.02265625 0.028125 0.0265625
0 0.69609375 0.07421875 0.034375 0.03125
0 0.81796875 0.07890625 0.0328125 0.03125
0 0.51640625 0.08671875 0.0125 0.0125
0 0.01640625 0.17890625 0.0328125 0.053125
0 0.39375 0.30625 0.0140625 0.0125
0 0.2453125 0.27265625 0.0125 0.0125
0 0.64921875 0.13828125 0.0203125 0.01875
0 0.721875 0.6515625 0.03125 0.0296875
0 0.70625 0.571875 0.0125 0.0125
0 0.6375 0.8171875 0.015625 0.015625
0 0.6859375 0.65078125 0.01875 0.01875
0 0.30625 0.7109375 0.4859375 0.4609375
0 0.22421875 0.790625 0.0109375 0.0109375
0 0.521875 0.89296875 0.165625 0.15625
0 0.61328125 0.86875 0.0296875 0.028125
0 0.59375 0.85234375 0.0296875 0.028125
0 0.784375 0.159375 0.0125 0.0125
0 0.825 0.7859375 0.0125 0.0125
0 0.821875 0.91953125 0.0140625 0.0125
0 0.7640625 0.4078125 0.0125 0.0125
0 0.715625 0.5703125 0.03125 0.028125
0 0.7046875 0.384375 0.0125 0.0125
0 0.28515625 0.10625 0.0125 0.0109375
0 0.58828125 0.1578125 0.0125 0.0125
0 0.53671875 0.221875 0.0109375 0.009375
0 0.6921875 0.22734375 0.015625 0.0140625
0 0.51484375 0.45859375 0.0109375 0.009375
0 0.13515625 0.37734375 0.015625 0.015625
0 0.29453125 0.76171875 0.0125 0.0109375
0 0.871875 0.8234375 0.0109375 0.009375
0 0.91640625 0.8859375 0.015625 0.015625
0 0.8375 0.98046875 0.0125 0.0109375
0 0.5890625 0.95078125 0.0140625 0.0125