0 0.98359375 0.01875 0.0234375 0.021875
0 0.6890625 0.06484375 0.0109375 0.0109375
0 0.75078125 0.028125 0.01171875 0.0109375
0 0.7078125 0.034375 0.0125 0.01171875
0 0.44453125 0.07109375 0.1109375 0.103125
0 0.69296875 0.1796875 0.0140625 0.0125
0 0.7578125 0.175 0.0140625 0.0125
0 0.7296875 0.18828125 0.015625 0.0140625
0 0.68671875 0.21953125 0.01171875 0.0109375
0 0.73125 0.24609375 0.01484375 0.0140625
0 0.7671875 0.21953125 0.01171875 0.0109375
0 0.64453125 0.24609375 0.01171875 0.0109375
0 0.30859375 0.134375 0.1078125 0.10078125
0 0.30625 0.22421875 0.03046875 0.028125
0 0.21328125 0.1703125 0.078125 0.071875
0 0.5984375 0.33671875 0.01171875 0.0109375
0 0.66875 0.384375 0.0109375 0.009375
0 0.7484375 0.30859375 0.0140625 0.0140625
0 0.790625 0.31640625 0.01875 0.0171875
0 0.8625 0.3015625 0.0140625 0.0125
0 0.84453125 0.321875 0.01640625 0.015625
0 0.809375 0.32421875 0.0125 0.0125
0 0.7703125 0.353125 0.01640625 0.015625
0 0.790625 0.3484375 0.0171875 0.015625
0 0.73515625 0.38828125 0.015625 0.01484375
0 0.7703125 0.38515625 0.04296875 0.03984375
0 0.796875 0.371875 0.02421875 0.02265625
0 0.81875 0.38359375 0.0171875 0.01640625
0 0.81171875 0.4109375 0.0203125 0.01953125
0 0.84296875 0.3984375 0.01875 0.0171875
0 0.8421875 0.415625 0.0203125 0.01875
0 0.765625 0.325 0.0203125 0.01875
0 0.0609375 0.209375 0.0140625 0.0125
0 0.61015625 0.80390625 0.01484375 0.0140625
0 0.359375 0.98671875 0.01640625 0.015625
0 0.796875 0.840625 0.0234375 0.02265625
0 0.98125 0.85625 0.021875 0.0203125
0 0.9078125 0.565625 0.0359375 0.034375
0 0.9125 0.52109375 0.0109375 0.009375
0 0.771875 0.50234375 0.0171875 0.01640625
0 0.878125 0.4453125 0.01640625 0.015625
0 0.90703125 0.4359375 0.01171875 0.01171875
0 0.896875 0.4734375 0.0109375 0.0109375
0 0.81484375 0.465625 0.01640625 0.015625
0 0.8671875 0.42890625 0.01640625 0.015625
0 0.31875 0.06171875 0.02265625 0.0203125
0 0.834375 0.21796875 0.01171875 0.0109375
0 0.79375 0.2609375 0.0109375 0.009375
0 0.7140625 0.27578125 0.0109375 0.009375
0 0.80234375 0.23359375 0.01171875 0.01171875
0 0.78984375 0.18125 0.01171875 0.0109375
0 0.7625 0.46796875 0.01171875 0.0109375
0 0.8859375 0.3765625 0.0109375 0.009375
0 0.73359375 0.31171875 0.0109375 0.0109375
0 0.22734375 0.6765625 0.01640625 0.015625
0 0.75703125 0.95625 0.01484375 0.0140625