0 0.01640625 0.98125 0.0234375 0.021875
0 0.3109375 0.93515625 0.0109375 0.0109375
0 0.24921875 0.971875 0.0125 0.0109375
0 0.2921875 0.965625 0.0125 0.0125
0 0.55546875 0.92890625 0.1109375 0.103125
0 0.30703125 0.8203125 0.0140625 0.0125
0 0.2421875 0.825 0.0140625 0.0125
0 0.2703125 0.81171875 0.015625 0.0140625
0 0.31328125 0.78046875 0.0125 0.0109375
0 0.26875 0.75390625 0.015625 0.0140625
0 0.2328125 0.78046875 0.0125 0.0109375
0 0.35546875 0.75390625 0.0125 0.0109375
0 0.69140625 0.865625 0.1078125 0.1
0 0.69375 0.77578125 0.03125 0.028125
0 0.78671875 0.8296875 0.078125 0.071875
0 0.4015625 0.66328125 0.0125 0.0109375
0 0.33125 0.615625 0.0109375 0.009375
0 0.2515625 0.69140625 0.0140625 0.0140625
0 0.209375 0.68359375 0.01875 0.0171875
0 0.1375 0.6984375 0.0140625 0.0125
0 0.15546875 0.678125 0.015625 0.015625
0 0.190625 0.67578125 0.0125 0.0125
0 0.2296875 0.646875 0.015625 0.015625
0 0.209375 0.6515625 0.0171875 0.015625
0 0.26484375 0.61171875 0.015625 0.015625
0 0.2296875 0.61484375 0.04375 0.040625
0 0.203125 0.628125 0.025 0.021875
0 0.18125 0.61640625 0.0171875 0.015625
0 0.18828125 0.5890625 0.0203125 0.01875
0 0.15703125 0.6015625 0.01875 0.0171875
0 0.1578125 0.584375 0.0203125 0.01875
0 0.234375 0.675 0.0203125 0.01875
0 0.9390625 0.790625 0.0140625 0.0125
0 0.38984375 0.19609375 0.015625 0.0140625
0 0.640625 0.01328125 0.015625 0.015625
0 0.203125 0.159375 0.0234375 0.021875
0 0.01875 0.14375 0.021875 0.0203125
0 0.0921875 0.434375 0.0359375 0.034375
0 0.0875 0.47890625 0.0109375 0.009375
0 0.228125 0.49765625 0.0171875 0.015625
0 0.121875 0.5546875 0.015625 0.015625
0 0.09296875 0.5640625 0.0125 0.0125
0 0.103125 0.5265625 0.0109375 0.0109375
0 0.18515625 0.534375 0.015625 0.015625
0 0.1328125 0.57109375 0.015625 0.015625
0 0.68125 0.93828125 0.021875 0.0203125
0 0.165625 0.78203125 0.0125 0.0109375
0 0.20625 0.7390625 0.0109375 0.009375
0 0.2859375 0.72421875 0.0109375 0.009375
0 0.19765625 0.76640625 0.0125 0.0125
0 0.21015625 0.81875 0.0125 0.0109375
0 0.2375 0.53203125 0.0125 0.0109375
0 0.1140625 0.6234375 0.0109375 0.009375
0 0.26640625 0.68828125 0.0109375 0.0109375
0 0.77265625 0.3234375 0.015625 0.015625
0 0.24296875 0.04375 0.015625 0.0140625