0 0.92421875 0.12421875 0.0125 0.01171875
0 0.58515625 0.7875 0.03125 0.028125
0 0.30234375 0.665625 0.0546875 0.05
0 0.340625 0.72890625 0.0140625 0.0125
0 0.35234375 0.3484375 0.0125 0.01171875
0 0.384375 0.20390625 0.01171875 0.0109375
0 0.06171875 0.940625 0.01640625 0.01484375
0 0.63515625 0.91953125 0.0828125 0.0765625
0 0.58359375 0.38828125 0.0125 0.01171875
0 0.45234375 0.46796875 0.0109375 0.009375
0 0.4515625 0.25 0.01171875 0.0109375
0 0.19921875 0.4859375 0.0109375 0.009375
0 0.02734375 0.77734375 0.0109375 0.009375