0 0.07578125 0.87578125 0.0125 0.0125
0 0.41484375 0.2125 0.03125 0.028125
0 0.69765625 0.334375 0.0546875 0.05
0 0.659375 0.27109375 0.0140625 0.0125
0 0.64765625 0.6515625 0.0125 0.0125
0 0.615625 0.79609375 0.0125 0.0109375
0 0.93828125 0.059375 0.015625 0.015625
0 0.36484375 0.08046875 0.0828125 0.0765625
0 0.41640625 0.61171875 0.0125 0.0125
0 0.54765625 0.53203125 0.0109375 0.009375
0 0.5484375 0.75 0.0125 0.0109375
0 0.80078125 0.5140625 0.0109375 0.009375
0 0.97265625 0.22265625 0.0109375 0.009375