0 0.21875 0.121875 0.0296875 0.0265625
0 0.05625 0.05546875 0.015625 0.0140625
0 0.03125 0.09140625 0.0625 0.0671875
0 0.15 0.10078125 0.13125 0.11875
0 0.37890625 0.03515625 0.015625 0.015625
0 0.965625 0.6671875 0.0109375 0.009375
0 0.87421875 0.75078125 0.0109375 0.009375
0 0.74140625 0.61015625 0.015625 0.0140625
0 0.575 0.58828125 0.0140625 0.0125
0 0.50625 0.728125 0.021875 0.0203125
0 0.7765625 0.8875 0.0140625 0.0125
0 0.56953125 0.89296875 0.025 0.021875
0 0.30625 0.615625 0.0109375 0.009375
0 0.740625 0.4015625 0.0125 0.0125
0 0.17109375 0.8078125 0.021875 0.01875
0 0.19375 0.846875 0.015625 0.0125
0 0.0703125 0.60859375 0.0375 0.034375
0 0.0265625 0.6640625 0.0421875 0.0375
0 0.26484375 0.45078125 0.165625 0.15
0 0.45546875 0.30546875 0.05 0.0453125
0 0.490625 0.14140625 0.0359375 0.03125
0 0.57890625 0.2046875 0.01875 0.0171875
0 0.0890625 0.128125 0.0125 0.0109375
0 0.6453125 0.1109375 0.0125 0.009375
0 0.71328125 0.175 0.0125 0.0109375
0 0.6328125 0.2484375 0.0125 0.0109375
0 0.4234375 0.4984375 0.0125 0.0125
0 0.3515625 0.52265625 0.0109375 0.009375
0 0.5046875 0.50234375 0.015625 0.0140625