0 0.78125 0.121875 0.0296875 0.0265625
0 0.94375 0.05546875 0.01484375 0.0140625
0 0.96875 0.09140625 0.0625 0.0671875
0 0.85 0.10078125 0.13203125 0.11796875
0 0.62109375 0.03515625 0.01640625 0.01484375
0 0.034375 0.6671875 0.0109375 0.009375
0 0.12578125 0.75078125 0.0109375 0.009375
0 0.25859375 0.61015625 0.01484375 0.0140625
0 0.425 0.58828125 0.0140625 0.0125
0 0.49375 0.728125 0.02265625 0.0203125
0 0.2234375 0.8875 0.0140625 0.0125
0 0.43046875 0.89296875 0.02421875 0.02265625
0 0.69375 0.615625 0.0109375 0.009375
0 0.259375 0.4015625 0.0125 0.01171875
0 0.82890625 0.8078125 0.021875 0.01953125
0 0.80625 0.846875 0.01484375 0.0125
0 0.9296875 0.60859375 0.0375 0.034375
0 0.9734375 0.6640625 0.0421875 0.03828125
0 0.73515625 0.45078125 0.165625 0.14921875
0 0.54453125 0.30546875 0.05 0.0453125
0 0.509375 0.14140625 0.0359375 0.03203125
0 0.42109375 0.2046875 0.01953125 0.0171875
0 0.9109375 0.128125 0.01171875 0.0109375
0 0.3546875 0.1109375 0.01171875 0.009375
0 0.28671875 0.175 0.0125 0.0109375
0 0.3671875 0.2484375 0.01171875 0.0109375
0 0.5765625 0.4984375 0.0125 0.01171875
0 0.6484375 0.52265625 0.0109375 0.009375
0 0.4953125 0.50234375 0.015625 0.0140625