0 0.46015625 0.52421875 0.09375 0.08125
0 0.7515625 0.2640625 0.025 0.015625
0 0.80234375 0.3265625 0.01875 0.0171875
0 0.81171875 0.48359375 0.075 0.0640625
0 0.6390625 0.63671875 0.015625 0.015625
0 0.96015625 0.04765625 0.0671875 0.0578125
0 0.41171875 0.278125 0.0140625 0.0125
0 0.525 0.978125 0.084375 0.04375
0 0.12890625 0.9296875 0.0171875 0.015625
0 0.7921875 0.8859375 0.028125 0.025
0 0.7328125 0.87265625 0.025 0.021875
0 0.9453125 0.84375 0.078125 0.0671875
0 0.41484375 0.859375 0.4515625 0.28125
0 0.99296875 0.9375 0.0140625 0.015625
0 0.7125 0.078125 0.015625 0.0140625
0 0.7296875 0.0109375 0.015625 0.0125
0 0.03671875 0.753125 0.0125 0.009375
0 0.8015625 0.746875 0.0125 0.009375
0 0.34921875 0.80390625 0.0109375 0.009375