0 0.47578125 0.46015625 0.08125 0.09375
0 0.7359375 0.7515625 0.015625 0.025
0 0.6734375 0.80234375 0.0171875 0.01875
0 0.51640625 0.81171875 0.0640625 0.075
0 0.36328125 0.6390625 0.015625 0.015625
0 0.95234375 0.96015625 0.0578125 0.0671875
0 0.721875 0.41171875 0.0125 0.0140625
0 0.021875 0.525 0.04375 0.084375
0 0.0703125 0.12890625 0.015625 0.0171875
0 0.1140625 0.7921875 0.025 0.028125
0 0.12734375 0.7328125 0.021875 0.025
0 0.15625 0.9453125 0.0671875 0.078125
0 0.140625 0.41484375 0.28125 0.4515625
0 0.0625 0.99296875 0.015625 0.0140625
0 0.921875 0.7125 0.0140625 0.015625
0 0.9890625 0.7296875 0.0125 0.015625
0 0.246875 0.03671875 0.009375 0.0125
0 0.253125 0.8015625 0.009375 0.0125
0 0.19609375 0.34921875 0.009375 0.0109375