0 0.53984375 0.52421875 0.09375 0.08203125
0 0.2484375 0.2640625 0.02421875 0.01640625
0 0.19765625 0.3265625 0.01796875 0.0171875
0 0.18828125 0.48359375 0.07421875 0.0640625
0 0.3609375 0.63671875 0.01640625 0.01484375
0 0.03984375 0.04765625 0.0671875 0.0578125
0 0.58828125 0.278125 0.0140625 0.01171875
0 0.475 0.978125 0.08515625 0.04296875
0 0.87109375 0.9296875 0.0171875 0.015625
0 0.2078125 0.8859375 0.028125 0.02421875
0 0.2671875 0.87265625 0.02421875 0.021875
0 0.0546875 0.84375 0.07734375 0.0671875
0 0.58515625 0.859375 0.4515625 0.28125
0 0.00703125 0.9375 0.0140625 0.015625
0 0.2875 0.078125 0.015625 0.0140625
0 0.2703125 0.0109375 0.01484375 0.0125
0 0.96328125 0.753125 0.01171875 0.009375
0 0.1984375 0.746875 0.01171875 0.009375
0 0.65078125 0.80390625 0.0109375 0.009375