0 0.0203125 0.13125 0.0125 0.0125
0 0.1328125 0.1796875 0.0125 0.0125
0 0.1640625 0.16953125 0.0140625 0.0140625
0 0.1296875 0.090625 0.075 0.075
0 0.753125 0.81953125 0.021875 0.021875
0 0.7984375 0.46015625 0.025 0.025
0 0.9109375 0.45078125 0.04375 0.04375
0 0.96171875 0.3703125 0.0296875 0.0296875
0 0.271875 0.59375 0.021875 0.021875
0 0.7265625 0.15703125 0.0234375 0.021875
0 0.22265625 0.31484375 0.021875 0.021875
0 0.17578125 0.30703125 0.3515625 0.4421875
0 0.3265625 0.47734375 0.1109375 0.1109375
0 0.978125 0.42890625 0.04375 0.075
0 0.4453125 0.884375 0.09375 0.09375
0 0.47421875 0.82734375 0.0171875 0.0171875
0 0.5125 0.43828125 0.025 0.025
0 0.29140625 0.15390625 0.015625 0.015625
0 0.1390625 0.96015625 0.021875 0.021875
0 0.76171875 0.86328125 0.0109375 0.0109375
0 0.7625 0.54296875 0.0109375 0.0109375
0 0.2203125 0.6484375 0.009375 0.009375
0 0.16484375 0.74609375 0.0125 0.0125
0 0.45625 0.7484375 0.0796875 0.0796875
0 0.1125 0.52265625 0.0109375 0.0109375
0 0.253125 0.428125 0.0109375 0.0109375
0 0.359375 0.43125 0.015625 0.015625
0 0.34453125 0.2984375 0.01875 0.01875
0 0.4890625 0.28671875 0.06875 0.06875
0 0.496875 0.14765625 0.0125 0.0125
0 0.69375 0.071875 0.0171875 0.015625
0 0.20234375 0.06875 0.0109375 0.0109375