0 0.13125 0.9796875 0.0125 0.0125
0 0.1796875 0.8671875 0.0125 0.0125
0 0.16953125 0.8359375 0.0140625 0.0140625
0 0.090625 0.8703125 0.075 0.075
0 0.81953125 0.246875 0.021875 0.021875
0 0.46015625 0.2015625 0.025 0.025
0 0.45078125 0.0890625 0.04375 0.04375
0 0.3703125 0.03828125 0.0296875 0.0296875
0 0.59375 0.728125 0.021875 0.021875
0 0.15703125 0.2734375 0.021875 0.0234375
0 0.31484375 0.77734375 0.021875 0.021875
0 0.30703125 0.82421875 0.4421875 0.3515625
0 0.47734375 0.6734375 0.1109375 0.1109375
0 0.42890625 0.021875 0.075 0.04375
0 0.884375 0.5546875 0.09375 0.0953125
0 0.82734375 0.52578125 0.0171875 0.0171875
0 0.43828125 0.4875 0.025 0.025
0 0.15390625 0.70859375 0.015625 0.015625
0 0.96015625 0.8609375 0.021875 0.021875
0 0.86328125 0.23828125 0.0109375 0.0109375
0 0.54296875 0.2375 0.0109375 0.0109375
0 0.6484375 0.7796875 0.009375 0.009375
0 0.74609375 0.83515625 0.0125 0.0125
0 0.7484375 0.54375 0.0796875 0.0796875
0 0.52265625 0.8875 0.0109375 0.0109375
0 0.428125 0.746875 0.0109375 0.0109375
0 0.43125 0.640625 0.015625 0.015625
0 0.2984375 0.65546875 0.01875 0.01875
0 0.28671875 0.5109375 0.06875 0.06875
0 0.14765625 0.503125 0.0125 0.0125
0 0.071875 0.30625 0.015625 0.0171875
0 0.06875 0.79765625 0.0109375 0.0109375