0 0.9796875 0.86875 0.0125 0.0125
0 0.8671875 0.8203125 0.0125 0.0125
0 0.8359375 0.83046875 0.0140625 0.0140625
0 0.8703125 0.909375 0.07421875 0.07421875
0 0.246875 0.18046875 0.021875 0.021875
0 0.2015625 0.53984375 0.02421875 0.02421875
0 0.0890625 0.54921875 0.04296875 0.04296875
0 0.03828125 0.6296875 0.0296875 0.0296875
0 0.728125 0.40625 0.02265625 0.02265625
0 0.2734375 0.84296875 0.0234375 0.021875
0 0.77734375 0.68515625 0.021875 0.021875
0 0.82421875 0.69296875 0.3515625 0.4421875
0 0.6734375 0.52265625 0.1109375 0.1109375
0 0.021875 0.57109375 0.04375 0.075
0 0.5546875 0.115625 0.09453125 0.09453125
0 0.52578125 0.17265625 0.0171875 0.0171875
0 0.4875 0.56171875 0.02421875 0.02421875
0 0.70859375 0.84609375 0.01640625 0.01640625
0 0.8609375 0.03984375 0.02265625 0.02265625
0 0.23828125 0.13671875 0.0109375 0.0109375
0 0.2375 0.45703125 0.0109375 0.0109375
0 0.7796875 0.3515625 0.009375 0.009375
0 0.83515625 0.25390625 0.0125 0.0125
0 0.54375 0.2515625 0.0796875 0.0796875
0 0.8875 0.47734375 0.0109375 0.0109375
0 0.746875 0.571875 0.0109375 0.0109375
0 0.640625 0.56875 0.01484375 0.01484375
0 0.65546875 0.7015625 0.01875 0.01875
0 0.5109375 0.71328125 0.06875 0.06875
0 0.503125 0.85234375 0.01171875 0.01171875
0 0.30625 0.928125 0.0171875 0.01640625
0 0.79765625 0.93125 0.0109375 0.0109375