0 0.7984375 0.16484375 0.0765625 0.0765625
0 0.67890625 0.11640625 0.11015625 0.11015625
0 0.65703125 0.31953125 0.175 0.1734375
0 0.1140625 0.21484375 0.228125 0.3171875
0 0.6265625 0.98984375 0.034375 0.0203125
0 0.9734375 0.56171875 0.034375 0.034375
0 0.659375 0.590625 0.3390625 0.3375
0 0.79765625 0.67890625 0.0234375 0.0234375
0 0.84609375 0.83515625 0.09765625 0.09765625
0 0.77734375 0.8421875 0.1421875 0.14140625
0 0.83671875 0.17109375 0.0171875 0.0171875
0 0.70859375 0.15625 0.015625 0.015625
0 0.7359375 0.88828125 0.01953125 0.01953125
0 0.921875 0.0984375 0.01953125 0.01953125
0 0.9796875 0.034375 0.0125 0.0125
0 0.67421875 0.39140625 0.0125 0.0125
0 0.14375 0.1578125 0.0109375 0.0109375
0 0.403125 0.65703125 0.01484375 0.01484375
0 0.4625 0.59921875 0.0140625 0.0140625
0 0.7328125 0.740625 0.01171875 0.01171875
0 0.77109375 0.803125 0.0125 0.0125
0 0.78515625 0.72109375 0.015625 0.015625
0 0.7515625 0.9859375 0.0109375 0.00625
0 0.5484375 0.9359375 0.01875 0.01875