0 0.83515625 0.2015625 0.0765625 0.0765625
0 0.88359375 0.32109375 0.109375 0.109375
0 0.68046875 0.34296875 0.1734375 0.175
0 0.78515625 0.8859375 0.3171875 0.228125
0 0.01015625 0.3734375 0.0203125 0.034375
0 0.43828125 0.0265625 0.034375 0.034375
0 0.409375 0.340625 0.3375 0.3390625
0 0.32109375 0.20234375 0.0234375 0.0234375
0 0.16484375 0.15390625 0.096875 0.096875
0 0.1578125 0.22265625 0.140625 0.1421875
0 0.82890625 0.16328125 0.0171875 0.0171875
0 0.84375 0.29140625 0.015625 0.015625
0 0.11171875 0.2640625 0.01875 0.01875
0 0.9015625 0.078125 0.01875 0.01875
0 0.965625 0.0203125 0.0125 0.0125
0 0.60859375 0.32578125 0.0125 0.0125
0 0.8421875 0.85625 0.0109375 0.0109375
0 0.34296875 0.596875 0.015625 0.015625
0 0.40078125 0.5375 0.0140625 0.0140625
0 0.259375 0.2671875 0.0125 0.0125
0 0.196875 0.22890625 0.0125 0.0125
0 0.27890625 0.21484375 0.015625 0.015625
0 0.0140625 0.2484375 0.00625 0.0109375
0 0.0640625 0.4515625 0.01875 0.01875