0 0.128125 0.8640625 0.028125 0.0296875
0 0.13671875 0.9640625 0.0203125 0.0203125
0 0.2921875 0.78046875 0.040625 0.040625
0 0.30078125 0.5015625 0.021875 0.021875
0 0.56953125 0.4546875 0.0125 0.0125
0 0.57890625 0.90703125 0.125 0.125
0 0.50234375 0.709375 0.2109375 0.2140625
0 0.7328125 0.83125 0.0375 0.0375
0 0.85078125 0.53671875 0.2203125 0.221875
0 0.82109375 0.378125 0.1125 0.1140625
0 0.3265625 0.06015625 0.0359375 0.0359375
0 0.5578125 0.02109375 0.0265625 0.028125
0 0.1171875 0.97734375 0.01875 0.0203125
0 0.94765625 0.603125 0.1046875 0.1171875
0 0.56015625 0.50546875 0.0125 0.0125
0 0.51796875 0.3625 0.021875 0.021875
0 0.5640625 0.38359375 0.015625 0.015625
0 0.65234375 0.584375 0.0125 0.0125
0 0.68125 0.58125 0.0125 0.0125
0 0.0359375 0.334375 0.0109375 0.0109375
0 0.2890625 0.1578125 0.03125 0.03125
0 0.946875 0.8140625 0.0109375 0.0109375