0 0.68125 0.121875 0.03203125 0.03125
0 0.690625 0.1375 0.03125 0.03125
0 0.49296875 0.115625 0.0234375 0.02265625
0 0.2390625 0.23359375 0.0203125 0.0203125
0 0.0796875 0.7234375 0.08515625 0.0828125
0 0.0515625 0.753125 0.028125 0.028125
0 0.31875 0.809375 0.015625 0.015625
0 0.36953125 0.5953125 0.065625 0.0640625
0 0.465625 0.975 0.015625 0.015625
0 0.89765625 0.99453125 0.01484375 0.0109375
0 0.846875 0.93359375 0.05390625 0.05390625
0 0.7859375 0.9734375 0.0328125 0.03203125
0 0.82109375 0.84296875 0.01484375 0.01484375
0 0.8953125 0.615625 0.01875 0.01875
0 0.95625 0.98359375 0.01171875 0.009375
0 0.9109375 0.3890625 0.01171875 0.01171875