0 0.06015625 0.71171875 0.02890625 0.02890625
0 0.08515625 0.6734375 0.02890625 0.0265625
0 0.25 0.46015625 0.040625 0.03828125
0 0.34609375 0.07421875 0.125 0.11796875
0 0.03359375 0.09609375 0.0671875 0.06484375
0 0.5796875 0.5375 0.0484375 0.0453125
0 0.61640625 0.771875 0.02890625 0.0265625
0 0.72265625 0.10703125 0.0484375 0.0453125
0 0.91796875 0.19140625 0.06953125 0.06484375
0 0.87734375 0.26796875 0.0453125 0.04296875
0 0.92421875 0.4546875 0.1515625 0.2359375
0 0.6078125 0.2390625 0.03125 0.03125
0 0.1984375 0.03984375 0.0265625 0.0265625
0 0.83125 0.0921875 0.3375 0.184375