0 0.01953125 0.45078125 0.02421875 0.03125
0 0.3859375 0.65390625 0.040625 0.03828125
0 0.2921875 0.95078125 0.03125 0.02890625
0 0.63203125 0.4484375 0.03359375 0.03359375
0 0.7859375 0.3546875 0.1734375 0.16328125
0 0.953125 0.4484375 0.09375 0.0890625
0 0.91484375 0.12890625 0.03359375 0.03125
0 0.75234375 0.79921875 0.0265625 0.0265625
0 0.93984375 0.80078125 0.0265625 0.02421875
0 0.5828125 0.83671875 0.53125 0.3265625
0 0.6359375 0.53359375 0.02890625 0.0265625
0 0.43984375 0.25234375 0.0265625 0.02421875
0 0.22734375 0.6265625 0.04296875 0.040625
0 0.2671875 0.8375 0.0265625 0.02421875
0 0.71484375 0.2234375 0.02890625 0.0265625
0 0.540625 0.26796875 0.03828125 0.0359375