0 0.0609375 0.025 0.0765625 0.05
0 0.26796875 0.025 0.0125 0.0125
0 0.29375 0.025 0.0109375 0.0109375
0 0.08515625 0.375 0.01171875 0.01171875
0 0.1359375 0.4859375 0.01640625 0.01640625
0 0.2515625 0.19375 0.0140625 0.0140625
0 0.2171875 0.5125 0.059375 0.059375
0 0.05234375 0.56171875 0.0296875 0.028125
0 0.04609375 0.48515625 0.06640625 0.065625
0 0.4203125 0.409375 0.0140625 0.0125
0 0.4703125 0.2265625 0.0140625 0.0140625
0 0.6109375 0.2609375 0.0140625 0.0140625
0 0.72578125 0.17265625 0.0171875 0.0171875
0 0.7015625 0.390625 0.0171875 0.01640625
0 0.39921875 0.2828125 0.0734375 0.071875
0 0.5515625 0.23515625 0.01953125 0.01875
0 0.4078125 0.22578125 0.51875 0.4515625
0 0.88828125 0.1765625 0.021875 0.021875
0 0.95234375 0.71953125 0.0125 0.01171875
0 0.88125 0.85546875 0.2375 0.2890625
0 0.80625 0.98515625 0.01484375 0.01484375
0 0.890625 0.8890625 0.0140625 0.0140625
0 0.7859375 0.8078125 0.01171875 0.01171875
0 0.86875 0.6390625 0.0109375 0.0109375
0 0.5921875 0.73125 0.0515625 0.05078125
0 0.55546875 0.8046875 0.01953125 0.01953125
0 0.63515625 0.95859375 0.0125 0.01171875
0 0.4234375 0.61796875 0.0171875 0.0171875
0 0.290625 0.75703125 0.01171875 0.01171875
0 0.2 0.8109375 0.05 0.05
0 0.39140625 0.51875 0.0109375 0.0109375
0 0.0734375 0.86875 0.0375 0.0375
0 0.01875 0.88359375 0.015625 0.015625
0 0.0625 0.28671875 0.009375 0.009375
0 0.1421875 0.2625 0.0109375 0.0109375
0 0.17890625 0.47578125 0.01171875 0.01171875
0 0.7390625 0.4125 0.0140625 0.0140625
0 0.8625 0.23515625 0.009375 0.009375
0 0.87890625 0.64296875 0.009375 0.009375
0 0.47578125 0.878125 0.0109375 0.009375
0 0.2125 0.546875 0.0203125 0.0203125
0 0.0140625 0.95 0.009375 0.009375