0 0.01953125 0.54921875 0.025 0.03125
0 0.3859375 0.34609375 0.040625 0.0375
0 0.2921875 0.04921875 0.03125 0.028125
0 0.63203125 0.5515625 0.034375 0.034375
0 0.7859375 0.6453125 0.1734375 0.1625
0 0.953125 0.5515625 0.09375 0.0890625
0 0.91484375 0.87109375 0.034375 0.03125
0 0.75234375 0.20078125 0.0265625 0.0265625
0 0.93984375 0.19921875 0.0265625 0.025
0 0.5828125 0.16328125 0.53125 0.3265625
0 0.6359375 0.46640625 0.028125 0.0265625
0 0.43984375 0.74765625 0.0265625 0.025
0 0.22734375 0.3734375 0.04375 0.040625
0 0.2671875 0.1625 0.0265625 0.025
0 0.71484375 0.7765625 0.028125 0.0265625
0 0.540625 0.73203125 0.0375 0.0359375