0 0.975 0.0609375 0.05 0.0765625
0 0.975 0.26796875 0.0125 0.0125
0 0.975 0.29375 0.0109375 0.0109375
0 0.625 0.08515625 0.0125 0.0125
0 0.5140625 0.1359375 0.015625 0.015625
0 0.80625 0.2515625 0.0140625 0.0140625
0 0.4875 0.2171875 0.059375 0.059375
0 0.43828125 0.05234375 0.028125 0.0296875
0 0.51484375 0.04609375 0.065625 0.065625
0 0.590625 0.4203125 0.0125 0.0140625
0 0.7734375 0.4703125 0.0140625 0.0140625
0 0.7390625 0.6109375 0.0140625 0.0140625
0 0.82734375 0.72578125 0.0171875 0.0171875
0 0.609375 0.7015625 0.015625 0.0171875
0 0.7171875 0.39921875 0.071875 0.0734375
0 0.76484375 0.5515625 0.01875 0.01875
0 0.77421875 0.4078125 0.4515625 0.51875
0 0.8234375 0.88828125 0.021875 0.021875
0 0.28046875 0.95234375 0.0125 0.0125
0 0.14453125 0.88125 0.2890625 0.2375
0 0.01484375 0.80625 0.015625 0.015625
0 0.1109375 0.890625 0.0140625 0.0140625
0 0.1921875 0.7859375 0.0125 0.0125
0 0.3609375 0.86875 0.0109375 0.0109375
0 0.26875 0.5921875 0.05 0.0515625
0 0.1953125 0.55546875 0.01875 0.01875
0 0.04140625 0.63515625 0.0125 0.0125
0 0.38203125 0.4234375 0.0171875 0.0171875
0 0.24296875 0.290625 0.0125 0.0125
0 0.1890625 0.2 0.05 0.05
0 0.48125 0.39140625 0.0109375 0.0109375
0 0.13125 0.0734375 0.0375 0.0375
0 0.11640625 0.01875 0.015625 0.015625
0 0.71328125 0.0625 0.009375 0.009375
0 0.7375 0.1421875 0.0109375 0.0109375
0 0.52421875 0.17890625 0.0125 0.0125
0 0.5875 0.7390625 0.0140625 0.0140625
0 0.76484375 0.8625 0.009375 0.009375
0 0.35703125 0.87890625 0.009375 0.009375
0 0.121875 0.47578125 0.009375 0.0109375
0 0.453125 0.2125 0.0203125 0.0203125
0 0.05 0.0140625 0.009375 0.009375