0 0.45078125 0.01953125 0.03125 0.025
0 0.65390625 0.3859375 0.0375 0.040625
0 0.95078125 0.2921875 0.028125 0.03125
0 0.4484375 0.63203125 0.034375 0.034375
0 0.3546875 0.7859375 0.1625 0.1734375
0 0.4484375 0.953125 0.0890625 0.09375
0 0.12890625 0.91484375 0.03125 0.034375
0 0.79921875 0.75234375 0.0265625 0.0265625
0 0.80078125 0.93984375 0.025 0.0265625
0 0.83671875 0.5828125 0.3265625 0.53125
0 0.53359375 0.6359375 0.0265625 0.028125
0 0.25234375 0.43984375 0.025 0.0265625
0 0.6265625 0.22734375 0.040625 0.04375
0 0.8375 0.2671875 0.025 0.0265625
0 0.2234375 0.71484375 0.0265625 0.028125
0 0.26796875 0.540625 0.0359375 0.0375