0 0.9390625 0.025 0.0765625 0.05
0 0.73203125 0.025 0.0125 0.0125
0 0.70625 0.025 0.0109375 0.0109375
0 0.91484375 0.375 0.0125 0.0125
0 0.8640625 0.4859375 0.015625 0.015625
0 0.7484375 0.19375 0.0140625 0.0140625
0 0.7828125 0.5125 0.059375 0.059375
0 0.94765625 0.56171875 0.0296875 0.028125
0 0.95390625 0.48515625 0.065625 0.065625
0 0.5796875 0.409375 0.0140625 0.0125
0 0.5296875 0.2265625 0.0140625 0.0140625
0 0.3890625 0.2609375 0.0140625 0.0140625
0 0.27421875 0.17265625 0.0171875 0.0171875
0 0.2984375 0.390625 0.0171875 0.015625
0 0.60078125 0.2828125 0.0734375 0.071875
0 0.4484375 0.23515625 0.01875 0.01875
0 0.5921875 0.22578125 0.51875 0.4515625
0 0.11171875 0.1765625 0.021875 0.021875
0 0.04765625 0.71953125 0.0125 0.0125
0 0.11875 0.85546875 0.2375 0.2890625
0 0.19375 0.98515625 0.015625 0.015625
0 0.109375 0.8890625 0.0140625 0.0140625
0 0.2140625 0.8078125 0.0125 0.0125
0 0.13125 0.6390625 0.0109375 0.0109375
0 0.4078125 0.73125 0.0515625 0.05
0 0.44453125 0.8046875 0.01875 0.01875
0 0.36484375 0.95859375 0.0125 0.0125
0 0.5765625 0.61796875 0.0171875 0.0171875
0 0.709375 0.75703125 0.0125 0.0125
0 0.8 0.8109375 0.05 0.05
0 0.60859375 0.51875 0.0109375 0.0109375
0 0.9265625 0.86875 0.0375 0.0375
0 0.98125 0.88359375 0.015625 0.015625
0 0.9375 0.28671875 0.009375 0.009375
0 0.8578125 0.2625 0.0109375 0.0109375
0 0.82109375 0.47578125 0.0125 0.0125
0 0.2609375 0.4125 0.0140625 0.0140625
0 0.1375 0.23515625 0.009375 0.009375
0 0.12109375 0.64296875 0.009375 0.009375
0 0.52421875 0.878125 0.0109375 0.009375
0 0.7875 0.546875 0.0203125 0.0203125
0 0.9859375 0.95 0.009375 0.009375