0 0.91328125 0.99140625 0.015625 0.0140625
0 0.41328125 0.87265625 0.0296875 0.028125
0 0.37578125 0.603125 0.090625 0.0875
0 0.58046875 0.53359375 0.015625 0.015625
0 0.45390625 0.459375 0.0234375 0.021875
0 0.5140625 0.42734375 0.03125 0.028125
0 0.33515625 0.4 0.0203125 0.01875
0 0.2015625 0.609375 0.015625 0.015625
0 0.13828125 0.25546875 0.03125 0.03125
0 0.27421875 0.21953125 0.028125 0.0265625
0 0.2671875 0.1578125 0.0125 0.0125
0 0.36796875 0.2109375 0.0125 0.0125
0 0.43046875 0.24375 0.0625 0.0625
0 0.57734375 0.31796875 0.04375 0.0421875
0 0.51328125 0.33671875 0.0109375 0.009375
0 0.68046875 0.39296875 0.0109375 0.0109375
0 0.7296875 0.7375 0.0109375 0.009375
0 0.68125 0.97890625 0.0109375 0.0109375
0 0.62421875 0.89921875 0.0109375 0.009375
0 0.52109375 0.8109375 0.0109375 0.0109375
0 0.1125 0.7828125 0.0109375 0.0109375
0 0.10234375 0.42421875 0.0109375 0.009375
0 0.059375 0.68984375 0.0125 0.0109375
0 0.3703125 0.646875 0.03125 0.0296875
0 0.853125 0.4890625 0.015625 0.0140625
0 0.72578125 0.115625 0.015625 0.015625