0 0.08671875 0.00859375 0.01484375 0.0140625
0 0.58671875 0.12734375 0.0296875 0.02734375
0 0.62421875 0.396875 0.090625 0.08671875
0 0.41953125 0.46640625 0.01640625 0.015625
0 0.54609375 0.540625 0.0234375 0.02265625
0 0.4859375 0.57265625 0.03046875 0.028125
0 0.66484375 0.6 0.0203125 0.01953125
0 0.7984375 0.390625 0.015625 0.01484375
0 0.86171875 0.74453125 0.03203125 0.03125
0 0.72578125 0.78046875 0.02734375 0.0265625
0 0.7328125 0.8421875 0.0125 0.01171875
0 0.63203125 0.7890625 0.0125 0.0125
0 0.56953125 0.75625 0.06328125 0.06171875
0 0.42265625 0.68203125 0.04375 0.0421875
0 0.48671875 0.66328125 0.0109375 0.009375
0 0.31953125 0.60703125 0.0109375 0.0109375
0 0.2703125 0.2625 0.0109375 0.009375
0 0.31875 0.02109375 0.0109375 0.0109375
0 0.37578125 0.10078125 0.0109375 0.009375
0 0.47890625 0.1890625 0.0109375 0.0109375
0 0.8875 0.2171875 0.0109375 0.0109375
0 0.89765625 0.57578125 0.0109375 0.009375
0 0.940625 0.31015625 0.01171875 0.0109375
0 0.6296875 0.353125 0.03046875 0.0296875
0 0.146875 0.5109375 0.01484375 0.0140625
0 0.27421875 0.884375 0.01640625 0.01640625