0 0.9484375 0.80234375 0.096875 0.1
0 0.946875 0.65546875 0.015625 0.015625
0 0.6625 0.5140625 0.046875 0.046875
0 0.85078125 0.690625 0.0109375 0.0109375
0 0.46953125 0.696875 0.009375 0.009375
0 0.95390625 0.90078125 0.0109375 0.0125
0 0.40703125 0.69921875 0.0125 0.0125
0 0.8375 0.39609375 0.0328125 0.034375
0 0.74765625 0.28046875 0.021875 0.021875
0 0.61796875 0.15859375 0.065625 0.06875
0 0.88046875 0.32421875 0.075 0.078125
0 0.94140625 0.2046875 0.059375 0.0625
0 0.51875 0.4125 0.01875 0.01875
0 0.215625 0.2328125 0.0265625 0.028125
0 0.0328125 0.42578125 0.028125 0.028125
0 0.28125 0.88046875 0.0359375 0.0359375
0 0.07734375 0.9734375 0.0296875 0.0296875
0 0.31875 0.56953125 0.0421875 0.04375
0 0.2171875 0.4359375 0.05 0.0515625
0 0.34453125 0.71796875 0.0296875 0.03125
0 0.92890625 0.99140625 0.0140625 0.0140625
0 0.92109375 0.9984375 0.009375 0.003125
0 0.903125 0.96953125 0.0125 0.0125
0 0.559375 0.56796875 0.0125 0.0125
0 0.38828125 0.328125 0.0125 0.0125
0 0.34609375 0.4265625 0.0125 0.0125
0 0.1796875 0.8984375 0.009375 0.009375