0 0.80625 0.315625 0.09375 0.0984375
0 0.8953125 0.35 0.0875 0.0921875
0 0.81875 0.23359375 0.3625 0.4640625
0 0.95625 0.51875 0.0390625 0.040625
0 0.96953125 0.4921875 0.0609375 0.06875
0 0.98671875 0.83515625 0.0265625 0.046875
0 0.78984375 0.79375 0.0109375 0.0125
0 0.65859375 0.9015625 0.0125 0.0109375
0 0.6484375 0.96328125 0.015625 0.015625
0 0.0984375 0.96953125 0.0140625 0.015625
0 0.17265625 0.89296875 0.015625 0.015625
0 0.446875 0.7078125 0.0625 0.0640625
0 0.5796875 0.58671875 0.034375 0.034375
0 0.06015625 0.54296875 0.04375 0.0453125
0 0.21171875 0.4859375 0.0125 0.0125
0 0.20546875 0.45546875 0.015625 0.015625
0 0.25703125 0.35625 0.028125 0.0296875
0 0.0921875 0.3296875 0.0140625 0.0140625
0 0.29609375 0.1 0.01875 0.01875
0 0.3015625 0.01171875 0.015625 0.015625
0 0.409375 0.06171875 0.0125 0.0125
0 0.4703125 0.1109375 0.025 0.0265625
0 0.575 0.35390625 0.009375 0.009375
0 0.26953125 0.98515625 0.01875 0.0203125
0 0.85390625 0.28984375 0.015625 0.015625
0 0.79765625 0.5109375 0.0125 0.0140625
0 0.91015625 0.5484375 0.0125 0.0140625
0 0.41328125 0.3109375 0.0125 0.0125
0 0.55546875 0.1234375 0.015625 0.0171875
0 0.596875 0.0140625 0.0125 0.009375
0 0.56328125 0.1046875 0.0140625 0.0140625
0 0.35 0.32109375 0.021875 0.021875
0 0.2703125 0.4796875 0.0125 0.0125
0 0.04296875 0.46484375 0.0109375 0.0109375
0 0.09296875 0.59296875 0.015625 0.0171875
0 0.01953125 0.8125 0.0109375 0.0109375
0 0.1671875 0.88203125 0.334375 0.2359375