0 0.19765625 0.0515625 0.1 0.09765625
0 0.34453125 0.053125 0.01640625 0.01640625
0 0.4859375 0.3375 0.04765625 0.046875
0 0.309375 0.14921875 0.0109375 0.0109375
0 0.303125 0.53046875 0.009375 0.009375
0 0.09921875 0.04609375 0.01171875 0.0109375
0 0.30078125 0.59296875 0.0125 0.0125
0 0.60390625 0.1625 0.034375 0.0328125
0 0.71953125 0.25234375 0.021875 0.021875
0 0.84140625 0.38203125 0.06875 0.06640625
0 0.67578125 0.11953125 0.07734375 0.075
0 0.7953125 0.05859375 0.06171875 0.059375
0 0.5875 0.48125 0.01953125 0.01953125
0 0.7671875 0.784375 0.02734375 0.0265625
0 0.57421875 0.9671875 0.028125 0.02734375
0 0.11953125 0.71875 0.0359375 0.0359375
0 0.0265625 0.92265625 0.0296875 0.0296875
0 0.43046875 0.68125 0.04296875 0.0421875
0 0.5640625 0.7828125 0.0515625 0.05078125
0 0.28203125 0.65546875 0.03046875 0.0296875
0 0.98515625 0.00078125 0.009375 0.00078125
0 0.00859375 0.07109375 0.0140625 0.0140625
0 0.0015625 0.07890625 0.003125 0.009375
0 0.03046875 0.096875 0.0125 0.0125
0 0.43203125 0.440625 0.0125 0.0125
0 0.671875 0.61171875 0.0125 0.0125
0 0.5734375 0.65390625 0.01171875 0.01171875
0 0.1015625 0.8203125 0.009375 0.009375