0 0.00859375 0.08671875 0.0140625 0.015625
0 0.12734375 0.58671875 0.028125 0.0296875
0 0.396875 0.62421875 0.0875 0.090625
0 0.46640625 0.41953125 0.015625 0.015625
0 0.540625 0.54609375 0.021875 0.0234375
0 0.57265625 0.4859375 0.028125 0.03125
0 0.6 0.66484375 0.01875 0.0203125
0 0.390625 0.7984375 0.015625 0.015625
0 0.74453125 0.86171875 0.03125 0.03125
0 0.78046875 0.72578125 0.0265625 0.028125
0 0.8421875 0.7328125 0.0125 0.0125
0 0.7890625 0.63203125 0.0125 0.0125
0 0.75625 0.56953125 0.0625 0.0625
0 0.68203125 0.42265625 0.0421875 0.04375
0 0.66328125 0.48671875 0.009375 0.0109375
0 0.60703125 0.31953125 0.0109375 0.0109375
0 0.2625 0.2703125 0.009375 0.0109375
0 0.02109375 0.31875 0.0109375 0.0109375
0 0.10078125 0.37578125 0.009375 0.0109375
0 0.1890625 0.47890625 0.0109375 0.0109375
0 0.2171875 0.8875 0.0109375 0.0109375
0 0.57578125 0.89765625 0.009375 0.0109375
0 0.31015625 0.940625 0.0109375 0.0125
0 0.353125 0.6296875 0.0296875 0.03125
0 0.5109375 0.146875 0.0140625 0.015625
0 0.884375 0.27421875 0.015625 0.015625