0 0.684375 0.19375 0.0984375 0.09453125
0 0.65 0.1046875 0.0921875 0.0875
0 0.76640625 0.18125 0.4640625 0.3625
0 0.48125 0.04375 0.040625 0.0390625
0 0.5078125 0.03046875 0.06875 0.0609375
0 0.16484375 0.01328125 0.04765625 0.0265625
0 0.20625 0.21015625 0.01171875 0.0109375
0 0.0984375 0.34140625 0.01171875 0.01171875
0 0.03671875 0.3515625 0.01640625 0.015625
0 0.03046875 0.9015625 0.01484375 0.0140625
0 0.10703125 0.82734375 0.015625 0.015625
0 0.2921875 0.553125 0.0640625 0.0625
0 0.41328125 0.4203125 0.03515625 0.034375
0 0.45703125 0.93984375 0.0453125 0.04296875
0 0.5140625 0.78828125 0.0125 0.0125
0 0.54453125 0.79453125 0.015625 0.015625
0 0.64375 0.74296875 0.0296875 0.028125
0 0.6703125 0.9078125 0.0140625 0.0140625
0 0.9 0.70390625 0.01953125 0.01875
0 0.98828125 0.6984375 0.01640625 0.01640625
0 0.93828125 0.590625 0.01171875 0.01171875
0 0.8890625 0.5296875 0.0265625 0.025
0 0.64609375 0.425 0.009375 0.009375
0 0.01484375 0.73046875 0.0203125 0.01953125
0 0.71015625 0.14609375 0.01640625 0.015625
0 0.4890625 0.20234375 0.0140625 0.0125
0 0.4515625 0.08984375 0.0140625 0.0125
0 0.6890625 0.58671875 0.0125 0.0125
0 0.8765625 0.44453125 0.0171875 0.01640625
0 0.9859375 0.403125 0.009375 0.0125
0 0.8953125 0.43671875 0.0140625 0.0140625
0 0.67890625 0.65 0.021875 0.021875
0 0.5203125 0.7296875 0.01171875 0.01171875
0 0.53515625 0.95703125 0.0109375 0.0109375
0 0.40703125 0.90703125 0.0171875 0.01640625
0 0.1875 0.98046875 0.0109375 0.0109375
0 0.11796875 0.8328125 0.23515625 0.334375