0 0.946875 0.053125 0.01171875 0.01171875
0 0.9265625 0.21640625 0.03515625 0.034375
0 0.90546875 0.24296875 0.034375 0.0328125
0 0.7390625 0.31484375 0.0140625 0.0125
0 0.69765625 0.1828125 0.01171875 0.01171875
0 0.83359375 0.6671875 0.2625 0.25625
0 0.65625 0.55234375 0.015625 0.01484375
0 0.3484375 0.54765625 0.0171875 0.0171875
0 0.59765625 0.48359375 0.346875 0.33671875
0 0.25 0.97578125 0.0421875 0.040625
0 0.440625 0.98203125 0.05 0.0359375
0 0.23359375 0.18359375 0.3609375 0.35078125
0 0.4140625 0.103125 0.01171875 0.0109375
0 0.04453125 0.00625 0.0140625 0.01171875
0 0.04140625 0.01796875 0.01484375 0.01484375
0 0.1671875 0.21328125 0.0125 0.0125
0 0.20390625 0.27421875 0.0109375 0.009375
0 0.42578125 0.278125 0.01171875 0.0109375
0 0.83046875 0.54453125 0.01171875 0.0109375
0 0.7859375 0.51484375 0.0171875 0.01640625
0 0.6140625 0.53125 0.009375 0.009375
0 0.51875 0.46953125 0.01484375 0.01484375
0 0.5796875 0.35859375 0.01953125 0.01953125
0 0.50859375 0.5953125 0.01171875 0.0109375
0 0.5046875 0.621875 0.0171875 0.0171875
0 0.2765625 0.690625 0.015625 0.015625
0 0.13984375 0.37421875 0.0109375 0.009375
0 0.0125 0.98671875 0.015625 0.01484375
0 0.3078125 0.78828125 0.01171875 0.01171875
0 0.36796875 0.725 0.0140625 0.0140625
0 0.359375 0.77109375 0.01484375 0.01484375
0 0.71328125 0.8328125 0.0125 0.01171875