0 0.053125 0.053125 0.0125 0.0125
0 0.21640625 0.0734375 0.034375 0.034375
0 0.24296875 0.09453125 0.0328125 0.034375
0 0.31484375 0.2609375 0.0125 0.0140625
0 0.1828125 0.30234375 0.0125 0.0125
0 0.6671875 0.16640625 0.25625 0.2625
0 0.55234375 0.34375 0.015625 0.015625
0 0.54765625 0.6515625 0.0171875 0.0171875
0 0.48359375 0.40234375 0.3375 0.346875
0 0.97578125 0.75 0.040625 0.0421875
0 0.98203125 0.559375 0.0359375 0.05
0 0.18359375 0.76640625 0.35 0.3609375
0 0.103125 0.5859375 0.0109375 0.0125
0 0.00625 0.95546875 0.0125 0.0140625
0 0.01796875 0.95859375 0.015625 0.015625
0 0.21328125 0.8328125 0.0125 0.0125
0 0.27421875 0.79609375 0.009375 0.0109375
0 0.278125 0.57421875 0.0109375 0.0125
0 0.54453125 0.16953125 0.0109375 0.0125
0 0.51484375 0.2140625 0.015625 0.0171875
0 0.53125 0.3859375 0.009375 0.009375
0 0.46953125 0.48125 0.015625 0.015625
0 0.35859375 0.4203125 0.01875 0.01875
0 0.5953125 0.49140625 0.0109375 0.0125
0 0.621875 0.4953125 0.0171875 0.0171875
0 0.690625 0.7234375 0.015625 0.015625
0 0.37421875 0.86015625 0.009375 0.0109375
0 0.98671875 0.9875 0.015625 0.015625
0 0.78828125 0.6921875 0.0125 0.0125
0 0.725 0.63203125 0.0140625 0.0140625
0 0.77109375 0.640625 0.015625 0.015625
0 0.8328125 0.28671875 0.0125 0.0125