0 0.66328125 0.01953125 0.0203125 0.01875
0 0.06796875 0.5890625 0.0234375 0.021875
0 0.071875 0.5875 0.0109375 0.0109375
0 0.12734375 0.2796875 0.03125 0.0296875
0 0.30546875 0.59375 0.1515625 0.14375
0 0.42734375 0.753125 0.0234375 0.021875
0 0.19453125 0.14375 0.0140625 0.0125
0 0.42421875 0.36796875 0.01875 0.0171875
0 0.42421875 0.5 0.015625 0.015625
0 0.51875 0.2546875 0.0140625 0.0140625
0 0.425 0.84375 0.0109375 0.009375
0 0.0421875 0.84453125 0.0125 0.0125
0 0.196875 0.38515625 0.0109375 0.0109375
0 0.3609375 0.53828125 0.0125 0.0125
0 0.60078125 0.5765625 0.0125 0.0125
0 0.6578125 0.10078125 0.0375 0.034375
0 0.7359375 0.5890625 0.015625 0.0140625
0 0.5796875 0.91484375 0.015625 0.015625
0 0.7625 0.6546875 0.046875 0.046875
0 0.14921875 0.03203125 0.0109375 0.009375
0 0.53203125 0.2328125 0.0125 0.0125
0 0.56484375 0.01875 0.0109375 0.0109375
0 0.615625 0.734375 0.01875 0.0171875
0 0.87578125 0.99296875 0.0125 0.0125