0 0.33671875 0.98046875 0.0203125 0.01875
0 0.93203125 0.4109375 0.0234375 0.021875
0 0.928125 0.4125 0.0109375 0.0109375
0 0.87265625 0.7203125 0.03125 0.0296875
0 0.69453125 0.40625 0.1515625 0.14375
0 0.57265625 0.246875 0.0234375 0.021875
0 0.80546875 0.85625 0.0140625 0.0125
0 0.57578125 0.63203125 0.01875 0.0171875
0 0.57578125 0.5 0.015625 0.015625
0 0.48125 0.7453125 0.0140625 0.0140625
0 0.575 0.15625 0.0109375 0.009375
0 0.9578125 0.15546875 0.0125 0.0125
0 0.803125 0.61484375 0.0109375 0.0109375
0 0.6390625 0.46171875 0.0125 0.0125
0 0.39921875 0.4234375 0.0125 0.0125
0 0.3421875 0.89921875 0.0375 0.034375
0 0.2640625 0.4109375 0.015625 0.0140625
0 0.4203125 0.08515625 0.015625 0.015625
0 0.2375 0.3453125 0.046875 0.046875
0 0.85078125 0.96796875 0.0109375 0.009375
0 0.46796875 0.7671875 0.0125 0.0125
0 0.43515625 0.98125 0.0109375 0.0109375
0 0.384375 0.265625 0.01875 0.0171875
0 0.12421875 0.00703125 0.0125 0.0125