0 0.053125 0.946875 0.0125 0.0125
0 0.0734375 0.78359375 0.034375 0.034375
0 0.09453125 0.75703125 0.034375 0.0328125
0 0.2609375 0.68515625 0.0140625 0.0125
0 0.30234375 0.8171875 0.0125 0.0125
0 0.16640625 0.3328125 0.2625 0.25625
0 0.34375 0.44765625 0.015625 0.015625
0 0.6515625 0.45234375 0.0171875 0.0171875
0 0.40234375 0.51640625 0.346875 0.3375
0 0.75 0.02421875 0.0421875 0.040625
0 0.559375 0.01796875 0.05 0.0359375
0 0.76640625 0.81640625 0.3609375 0.3515625
0 0.5859375 0.896875 0.0125 0.0109375
0 0.95546875 0.99375 0.0140625 0.0125
0 0.95859375 0.98203125 0.015625 0.015625
0 0.8328125 0.78671875 0.0125 0.0125
0 0.79609375 0.72578125 0.0109375 0.009375
0 0.57421875 0.721875 0.0125 0.0109375
0 0.16953125 0.45546875 0.0125 0.0109375
0 0.2140625 0.48515625 0.0171875 0.015625
0 0.3859375 0.46875 0.009375 0.009375
0 0.48125 0.53046875 0.015625 0.015625
0 0.4203125 0.64140625 0.01875 0.01875
0 0.49140625 0.4046875 0.0125 0.0109375
0 0.4953125 0.378125 0.0171875 0.0171875
0 0.7234375 0.309375 0.015625 0.015625
0 0.86015625 0.62578125 0.0109375 0.009375
0 0.9875 0.01328125 0.015625 0.015625
0 0.6921875 0.21171875 0.0125 0.0125
0 0.63203125 0.275 0.0140625 0.0140625
0 0.640625 0.22890625 0.015625 0.015625
0 0.28671875 0.1671875 0.0125 0.0125