0 0.984375 0.74609375 0.03125 0.04375
0 0.8546875 0.66875 0.028125 0.028125
0 0.75078125 0.9609375 0.0140625 0.0140625
0 0.61015625 0.709375 0.015625 0.015625
0 0.59296875 0.9671875 0.03125 0.03125
0 0.1890625 0.8390625 0.0171875 0.0171875
0 0.13671875 0.7640625 0.0109375 0.0109375
0 0.5 0.64375 1 0.7125
0 0.6125 0.8765625 0.009375 0.009375
0 0.37578125 0.31953125 0.0421875 0.040625
0 0.59453125 0.46484375 0.015625 0.015625
0 0.67109375 0.146875 0.025 0.025
0 0.6890625 0.09453125 0.0125 0.0125
0 0.76328125 0.35546875 0.0171875 0.0171875
0 0.84375 0.10234375 0.0125 0.0125
0 0.31875 0.6265625 0.0171875 0.0171875
0 0.2609375 0.5 0.015625 0.015625
0 0.16328125 0.5203125 0.01875 0.01875
0 0.1296875 0.409375 0.015625 0.015625
0 0.28515625 0.24609375 0.01875 0.01875
0 0.40546875 0.29140625 0.04375 0.0421875
0 0.8484375 0.709375 0.0125 0.0125
0 0.0734375 0.30625 0.0109375 0.0109375