0 0.43203125 0.2453125 0.03125 0.03125
0 0.8765625 0.5890625 0.01875 0.01875
0 0.95859375 0.7453125 0.015625 0.015625
0 0.840625 0.71328125 0.0375 0.0375
0 0.33671875 0.52421875 0.015625 0.015625
0 0.65859375 0.75859375 0.0109375 0.0109375
0 0.51484375 0.7859375 0.1578125 0.159375
0 0.23125 0.775 0.0203125 0.0203125
0 0.04609375 0.35390625 0.009375 0.009375
0 0.9046875 0.4671875 0.1734375 0.175
0 0.59609375 0.48203125 0.0125 0.0125
0 0.50859375 0.7609375 0.0421875 0.0421875
0 0.2234375 0.128125 0.0109375 0.0125
0 0.15078125 0.0734375 0.0109375 0.0109375