0 0.2453125 0.56796875 0.03046875 0.03046875
0 0.5890625 0.1234375 0.01875 0.01875
0 0.7453125 0.04140625 0.01484375 0.01484375
0 0.71328125 0.159375 0.03828125 0.0375
0 0.52421875 0.66328125 0.01640625 0.015625
0 0.75859375 0.34140625 0.0109375 0.0109375
0 0.7859375 0.48515625 0.159375 0.1578125
0 0.775 0.76875 0.0203125 0.0203125
0 0.35390625 0.95390625 0.009375 0.009375
0 0.4671875 0.0953125 0.175 0.1734375
0 0.48203125 0.40390625 0.01171875 0.01171875
0 0.7609375 0.49140625 0.0421875 0.0421875
0 0.128125 0.7765625 0.01171875 0.0109375
0 0.0734375 0.84921875 0.0109375 0.0109375