0 0.03984375 0.64375 0.0125 0.0125
0 0.8859375 0.1625 0.0203125 0.0203125
0 0.4546875 0.1171875 0.05625 0.0578125
0 0.51171875 0.17421875 0.03125 0.03125
0 0.35859375 0.0546875 0.025 0.0265625
0 0.25859375 0.05078125 0.05 0.0515625
0 0.68203125 0.3 0.009375 0.009375
0 0.74765625 0.359375 0.0109375 0.0109375
0 0.7 0.59453125 0.0375 0.0375
0 0.71171875 0.6375 0.0125 0.0125
0 0.44375 0.6421875 0.075 0.0765625
0 0.3265625 0.628125 0.0125 0.0125
0 0.3203125 0.16875 0.0109375 0.0109375
0 0.86015625 0.6046875 0.015625 0.015625
0 0.765625 0.39296875 0.2765625 0.2796875
0 0.3640625 0.7484375 0.0296875 0.03125
0 0.42265625 0.7234375 0.01875 0.01875
0 0.046875 0.55859375 0.0109375 0.0109375
0 0.109375 0.1734375 0.0109375 0.0109375
0 0.16171875 0.4015625 0.0109375 0.0109375
0 0.70234375 0.84296875 0.0125 0.0125
0 0.66875 0.64921875 0.0140625 0.0140625
0 0.83828125 0.275 0.015625 0.015625
0 0.8453125 0.83203125 0.0109375 0.0109375
0 0.9390625 0.93203125 0.0125 0.0125
0 0.96015625 0.946875 0.009375 0.009375