0 0.80625 0.29375 0.015625 0.015625
0 0.66875 0.38203125 0.02265625 0.021875
0 0.88828125 0.4625 0.0125 0.0125
0 0.9875 0.290625 0.0109375 0.0109375
0 0.9921875 0.3953125 0.015625 0.0203125
0 0.925 0.3765625 0.009375 0.009375
0 0.50546875 0.0140625 0.01953125 0.01953125
0 0.39375 0.10078125 0.0296875 0.028125
0 0.1890625 0.08828125 0.0125 0.0125
0 0.10546875 0.14453125 0.01171875 0.01171875
0 0.2125 0.74921875 0.0375 0.0375
0 0.3640625 0.86875 0.021875 0.0203125
0 0.2765625 0.9765625 0.05 0.046875
0 0.11640625 0.46875 0.05390625 0.053125
0 0.17421875 0.440625 0.01171875 0.01171875
0 0.38515625 0.55703125 0.13125 0.12890625
0 0.7765625 0.88046875 0.0421875 0.040625
0 0.74375 0.79140625 0.01484375 0.01484375
0 0.84609375 0.89921875 0.01171875 0.01171875
0 0.9703125 0.83828125 0.01484375 0.01484375
0 0.96796875 0.815625 0.01171875 0.01171875
0 0.3765625 0.378125 0.0109375 0.0109375
0 0.3078125 0.3609375 0.0109375 0.0109375
0 0.4953125 0.1328125 0.01484375 0.01484375
0 0.60859375 0.51796875 0.009375 0.009375
0 0.04375 0.6421875 0.009375 0.009375
0 0.23515625 0.76171875 0.01171875 0.01171875
0 0.665625 0.9078125 0.01171875 0.01171875