0 0.70625 0.19375 0.015625 0.015625
0 0.61796875 0.33125 0.021875 0.021875
0 0.5375 0.11171875 0.0125 0.0125
0 0.709375 0.0125 0.0109375 0.0109375
0 0.6046875 0.0078125 0.0203125 0.015625
0 0.6234375 0.075 0.009375 0.009375
0 0.9859375 0.49453125 0.01875 0.01875
0 0.89921875 0.60625 0.028125 0.0296875
0 0.91171875 0.8109375 0.0125 0.0125
0 0.85546875 0.89453125 0.0125 0.0125
0 0.25078125 0.7875 0.0375 0.0375
0 0.13125 0.6359375 0.0203125 0.021875
0 0.0234375 0.7234375 0.046875 0.05
0 0.53125 0.88359375 0.053125 0.053125
0 0.559375 0.82578125 0.0125 0.0125
0 0.44296875 0.61484375 0.128125 0.13125
0 0.11953125 0.2234375 0.040625 0.0421875
0 0.20859375 0.25625 0.015625 0.015625
0 0.10078125 0.15390625 0.0125 0.0125
0 0.16171875 0.0296875 0.015625 0.015625
0 0.184375 0.03203125 0.0125 0.0125
0 0.621875 0.6234375 0.0109375 0.0109375
0 0.6390625 0.6921875 0.0109375 0.0109375
0 0.8671875 0.5046875 0.015625 0.015625
0 0.48203125 0.39140625 0.009375 0.009375
0 0.3578125 0.95625 0.009375 0.009375
0 0.23828125 0.76484375 0.0125 0.0125
0 0.0921875 0.334375 0.0125 0.0125