0 0.1546875 0.4203125 0.034375 0.0359375
0 0.19375 0.27890625 0.0265625 0.028125
0 0.2984375 0.27421875 0.028125 0.03125
0 0.30546875 0.2203125 0.025 0.0265625
0 0.74609375 0.47734375 0.115625 0.128125
0 0.96484375 0.8234375 0.028125 0.03125
0 0.90859375 0.22265625 0.0265625 0.028125
0 0.47421875 0.025 0.0453125 0.05
0 0.35234375 0.16328125 0.03125 0.034375
0 0.01015625 0.34921875 0.0203125 0.0359375
0 0.16953125 0.3703125 0.0375 0.040625
0 0.91796875 0.31484375 0.025 0.0265625
0 0.18359375 0.18984375 0.0265625 0.0265625
0 0.2671875 0.88125 0.021875 0.0265625