0 0.4203125 0.8453125 0.0359375 0.03359375
0 0.27890625 0.80625 0.02890625 0.0265625
0 0.27421875 0.7015625 0.03125 0.02890625
0 0.2203125 0.69453125 0.0265625 0.02421875
0 0.47734375 0.25390625 0.12734375 0.115625
0 0.8234375 0.03515625 0.03125 0.02890625
0 0.22265625 0.09140625 0.02890625 0.0265625
0 0.025 0.52578125 0.05 0.0453125
0 0.16328125 0.64765625 0.03359375 0.03125
0 0.34921875 0.98984375 0.0359375 0.0203125
0 0.3703125 0.83046875 0.040625 0.03828125
0 0.31484375 0.08203125 0.0265625 0.02421875
0 0.18984375 0.81640625 0.0265625 0.0265625
0 0.88125 0.7328125 0.0265625 0.021875