0 0.42578125 0.15859375 0.0359375 0.03359375
0 0.275 0.19609375 0.02890625 0.0265625
0 0.27734375 0.2984375 0.03125 0.02890625
0 0.2234375 0.30625 0.0265625 0.02421875
0 0.47265625 0.75859375 0.12734375 0.115625
0 0.82421875 0.96484375 0.03125 0.02890625
0 0.2203125 0.9125 0.02890625 0.0265625
0 0.02734375 0.478125 0.05078125 0.0453125
0 0.1546875 0.353125 0.03359375 0.03125
0 0.34921875 0.009375 0.0359375 0.01875
0 0.3703125 0.17421875 0.040625 0.03828125
0 0.3171875 0.92421875 0.0265625 0.02421875