0 0.26796875 0.87734375 0.0375 0.0375
0 0.24765625 0.85 0.0484375 0.0484375
0 0.0453125 0.96484375 0.0671875 0.0671875
0 0.1984375 0.9390625 0.034375 0.034375
0 0.3328125 0.97109375 0.0359375 0.0359375
0 0.10546875 0.6765625 0.0375 0.0375
0 0.16328125 0.68359375 0.1375 0.1375
0 0.01484375 0.41484375 0.0296875 0.0484375
0 0.0171875 0.3390625 0.034375 0.0375
0 0.203125 0.3328125 0.05625 0.05625
0 0.2765625 0.31640625 0.04375 0.04375
0 0.51328125 0.99296875 0.0484375 0.0140625
0 0.4859375 0.95703125 0.059375 0.059375
0 0.540625 0.88671875 0.0359375 0.0359375
0 0.66328125 0.91796875 0.03125 0.03125
0 0.821875 0.89921875 0.04375 0.04375
0 0.78125 0.83046875 0.06875 0.06875
0 0.74375 0.7796875 0.0671875 0.0671875
0 0.70546875 0.74140625 0.059375 0.059375
0 0.66953125 0.71640625 0.040625 0.040625
0 0.6390625 0.69453125 0.0359375 0.0359375
0 0.73203125 0.67890625 0.0484375 0.0484375
0 0.7546875 0.72109375 0.040625 0.040625
0 0.80078125 0.60546875 0.0359375 0.0359375
0 0.93359375 0.77421875 0.0359375 0.0359375
0 0.99140625 0.76953125 0.0171875 0.034375
0 0.9328125 0.44140625 0.04375 0.04375
0 0.6734375 0.4484375 0.040625 0.040625
0 0.61796875 0.32578125 0.04375 0.04375
0 0.6078125 0.59609375 0.028125 0.028125
0 0.76171875 0.59140625 0.0453125 0.0453125
0 0.96640625 0.35546875 0.065625 0.0671875
0 0.5 0.853125 0.0875 0.0875
0 0.525 0.31484375 0.0625 0.0625
0 0.4796875 0.25859375 0.08125 0.08125
0 0.6265625 0.2484375 0.0765625 0.0765625
0 0.91015625 0.134375 0.05 0.05
0 0.959375 0.0171875 0.034375 0.034375
0 0.76796875 0.3078125 0.025 0.025
0 0.9890625 0.9703125 0.021875 0.034375
0 0.98671875 0.78828125 0.0265625 0.0265625
0 0.890625 0.765625 0.025 0.025
0 0.23203125 0.0953125 0.05625 0.05625
0 0.2171875 0.0296875 0.059375 0.059375
0 0.0984375 0.04453125 0.0359375 0.0359375
0 0.07421875 0.27890625 0.040625 0.040625
0 0.10703125 0.06875 0.0375 0.0375
0 0.321875 0.05390625 0.0375 0.0375
0 0.37890625 0.01796875 0.0453125 0.0359375
0 0.390625 0.05859375 0.028125 0.028125
0 0.38125 0.1625 0.0578125 0.0578125
0 0.3734375 0.26171875 0.0984375 0.0984375
0 0.915625 0.39453125 0.0375 0.0375
0 0.67890625 0.37265625 0.0265625 0.0265625
0 0.56875 0.37109375 0.0453125 0.0453125
0 0.63203125 0.43125 0.0359375 0.0359375
0 0.61171875 0.484375 0.0453125 0.0453125
0 0.57578125 0.4328125 0.0359375 0.0359375
0 0.66953125 0.5203125 0.0625 0.0625
0 0.6515625 0.5734375 0.0484375 0.0484375
0 0.70078125 0.5515625 0.065625 0.065625
0 0.7390625 0.57578125 0.03125 0.03125
0 0.50625 0.59375 0.034375 0.034375
0 0.521875 0.640625 0.0484375 0.0484375
0 0.45078125 0.54921875 0.0765625 0.0765625
0 0.4109375 0.4078125 0.075 0.075
0 0.5171875 0.69375 0.08125 0.08125
0 0.56484375 0.671875 0.0671875 0.0671875
0 0.6046875 0.96875 0.03125 0.034375
0 0.328125 0.84609375 0.0359375 0.0359375
0 0.19375 0.54921875 0.04375 0.04375
0 0.275 0.9953125 0.0265625 0.009375
0 0.80390625 0.7453125 0.0265625 0.0265625
0 0.8609375 0.8171875 0.0265625 0.0265625
0 0.6609375 0.63125 0.025 0.025
0 0.50390625 0.7515625 0.0453125 0.0453125
0 0.4640625 0.65234375 0.0375 0.0375
0 0.384375 0.35 0.096875 0.096875
0 0.1046875 0.41484375 0.0453125 0.0453125