0 0.87734375 0.73203125 0.03828125 0.03828125
0 0.85 0.75234375 0.0484375 0.0484375
0 0.96484375 0.9546875 0.0671875 0.0671875
0 0.9390625 0.8015625 0.03359375 0.03359375
0 0.97109375 0.6671875 0.0359375 0.0359375
0 0.6765625 0.89453125 0.03828125 0.03828125
0 0.68359375 0.83671875 0.13671875 0.13671875
0 0.41484375 0.98515625 0.0484375 0.0296875
0 0.3390625 0.9828125 0.03828125 0.03359375
0 0.3328125 0.796875 0.05546875 0.05546875
0 0.31640625 0.7234375 0.04296875 0.04296875
0 0.99296875 0.48671875 0.0140625 0.0484375
0 0.95703125 0.5140625 0.06015625 0.06015625
0 0.88671875 0.459375 0.0359375 0.0359375
0 0.91796875 0.33671875 0.03125 0.03125
0 0.89921875 0.178125 0.04296875 0.04296875
0 0.83046875 0.21875 0.06953125 0.06953125
0 0.7796875 0.25625 0.0671875 0.0671875
0 0.74140625 0.29453125 0.06015625 0.06015625
0 0.71640625 0.33046875 0.040625 0.040625
0 0.69453125 0.3609375 0.0359375 0.0359375
0 0.67890625 0.26796875 0.0484375 0.0484375
0 0.72109375 0.2453125 0.040625 0.040625
0 0.60546875 0.19921875 0.0359375 0.0359375
0 0.77421875 0.06640625 0.0359375 0.0359375
0 0.76953125 0.00859375 0.03359375 0.0171875
0 0.44140625 0.0671875 0.04296875 0.04296875
0 0.4484375 0.3265625 0.040625 0.040625
0 0.32578125 0.38203125 0.04296875 0.04296875
0 0.59609375 0.3921875 0.02890625 0.02890625
0 0.59140625 0.23828125 0.0453125 0.0453125
0 0.35546875 0.03359375 0.0671875 0.06484375
0 0.853125 0.5 0.08671875 0.08671875
0 0.31484375 0.475 0.0625 0.0625
0 0.25859375 0.5203125 0.08203125 0.08203125
0 0.2484375 0.3734375 0.0765625 0.0765625
0 0.134375 0.08984375 0.05078125 0.05078125
0 0.0171875 0.040625 0.03359375 0.03359375
0 0.3078125 0.23203125 0.02421875 0.02421875
0 0.9703125 0.0109375 0.03359375 0.021875
0 0.78828125 0.01328125 0.0265625 0.0265625
0 0.765625 0.109375 0.02421875 0.02421875
0 0.0953125 0.76796875 0.05546875 0.05546875
0 0.0296875 0.7828125 0.059375 0.059375
0 0.04453125 0.9015625 0.0359375 0.0359375
0 0.27890625 0.92578125 0.040625 0.040625
0 0.06875 0.89296875 0.03828125 0.03828125
0 0.05390625 0.678125 0.03828125 0.03828125
0 0.01796875 0.62109375 0.0359375 0.0453125
0 0.05859375 0.609375 0.02890625 0.02890625
0 0.1625 0.61875 0.0578125 0.0578125
0 0.26171875 0.6265625 0.0984375 0.0984375
0 0.39453125 0.084375 0.03828125 0.03828125
0 0.37265625 0.32109375 0.0265625 0.0265625
0 0.37109375 0.43125 0.0453125 0.0453125
0 0.43125 0.36796875 0.0359375 0.0359375
0 0.484375 0.38828125 0.0453125 0.0453125
0 0.4328125 0.42421875 0.0359375 0.0359375
0 0.5203125 0.33046875 0.0625 0.0625
0 0.5734375 0.3484375 0.0484375 0.0484375
0 0.5515625 0.29921875 0.06484375 0.06484375
0 0.57578125 0.2609375 0.03125 0.03125
0 0.59375 0.49375 0.03359375 0.03359375
0 0.640625 0.478125 0.0484375 0.0484375
0 0.54921875 0.54921875 0.0765625 0.0765625
0 0.4078125 0.5890625 0.07421875 0.07421875
0 0.69375 0.4828125 0.08203125 0.08203125
0 0.671875 0.43515625 0.0671875 0.0671875
0 0.96875 0.3953125 0.03359375 0.03125
0 0.84609375 0.671875 0.0359375 0.0359375
0 0.54921875 0.80625 0.04296875 0.04296875
0 0.9953125 0.725 0.009375 0.0265625
0 0.7453125 0.19609375 0.0265625 0.0265625
0 0.8171875 0.1390625 0.0265625 0.0265625
0 0.63125 0.3390625 0.02421875 0.02421875
0 0.7515625 0.49609375 0.0453125 0.0453125
0 0.65234375 0.5359375 0.03828125 0.03828125
0 0.35 0.615625 0.09609375 0.09609375
0 0.41484375 0.8953125 0.0453125 0.0453125