0 0.12734375 0.40703125 0.015625 0.015625
0 0.23515625 0.33046875 0.02421875 0.02421875
0 0.2609375 0.32890625 0.03125 0.03125
0 0.08203125 0.0796875 0.1640625 0.159375
0 0.45 0.4140625 0.01640625 0.01640625
0 0.69296875 0.2703125 0.07421875 0.0734375
0 0.784375 0.14140625 0.0265625 0.0265625
0 0.590625 0.2 0.0125 0.0125
0 0.4 0.28984375 0.16015625 0.159375
0 0.6046875 0.45078125 0.146875 0.1453125
0 0.32109375 0.43671875 0.01171875 0.01171875
0 0.925 0.21953125 0.0109375 0.0109375
0 0.98359375 0.31328125 0.0140625 0.0125
0 0.9203125 0.359375 0.01640625 0.01640625
0 0.9734375 0.58515625 0.0296875 0.0296875
0 0.97109375 0.7421875 0.0234375 0.0234375
0 0.9875 0.8359375 0.025 0.025
0 0.9796875 0.88125 0.01171875 0.01171875
0 0.88359375 0.94609375 0.0125 0.0125
0 0.7953125 0.96171875 0.01171875 0.01171875
0 0.77265625 0.92421875 0.01171875 0.01171875
0 0.7625 0.94453125 0.0953125 0.09453125
0 0.89296875 0.68984375 0.01484375 0.01484375
0 0.715625 0.578125 0.015625 0.015625
0 0.646875 0.61640625 0.0125 0.0125
0 0.725 0.6703125 0.053125 0.0515625
0 0.76875 0.7515625 0.0265625 0.0265625
0 0.78984375 0.8640625 0.0140625 0.0140625
0 0.7609375 0.74921875 0.09375 0.09375
0 0.7140625 0.70703125 0.02265625 0.02265625
0 0.60625 0.9390625 0.01953125 0.01953125
0 0.578125 0.925 0.01640625 0.01640625
0 0.5171875 0.89140625 0.0125 0.0125
0 0.46953125 0.859375 0.0125 0.0125
0 0.540625 0.7984375 0.0125 0.0125
0 0.61328125 0.75234375 0.05625 0.05625
0 0.5453125 0.62421875 0.0140625 0.0140625
0 0.36015625 0.93359375 0.0125 0.0125
0 0.38984375 0.97578125 0.0125 0.0125
0 0.0765625 0.9875 0.0203125 0.0203125
0 0.21484375 0.74140625 0.0125 0.01171875
0 0.1 0.70078125 0.01640625 0.01640625
0 0.08359375 0.721875 0.01484375 0.01484375
0 0.07890625 0.77109375 0.046875 0.04609375
0 0.05546875 0.59453125 0.015625 0.015625
0 0.0265625 0.684375 0.01171875 0.01171875
0 0.3296875 0.41484375 0.0140625 0.0140625
0 0.40703125 0.3234375 0.01171875 0.01171875
0 0.7515625 0.52109375 0.01640625 0.01640625
0 0.515625 0.109375 0.0140625 0.0140625
0 0.378125 0.1078125 0.0140625 0.0140625
0 0.653125 0.2234375 0.0140625 0.0125
0 0.83984375 0.46796875 0.0125 0.0125
0 0.91640625 0.646875 0.0140625 0.0125
0 0.6359375 0.87890625 0.0125 0.0125
0 0.58984375 0.87734375 0.01484375 0.01484375
0 0.57109375 0.8734375 0.01484375 0.01484375
0 0.60859375 0.8359375 0.01640625 0.01640625
0 0.5984375 0.81171875 0.03125 0.03125
0 0.3 0.65 0.0109375 0.0109375
0 0.3203125 0.784375 0.009375 0.009375
0 0.31484375 0.859375 0.009375 0.009375
0 0.08671875 0.76875 0.0109375 0.0109375
0 0.60625 0.9828125 0.0109375 0.0109375
0 0.96796875 0.95625 0.0109375 0.0109375
0 0.990625 0.2453125 0.01484375 0.01484375
0 0.040625 0.64765625 0.01171875 0.01171875
0 0.0375 0.8703125 0.075 0.25859375