0 0.40703125 0.87265625 0.015625 0.015625
0 0.33046875 0.76484375 0.025 0.025
0 0.32890625 0.7390625 0.03125 0.03125
0 0.0796875 0.91796875 0.159375 0.1640625
0 0.4140625 0.55 0.015625 0.015625
0 0.2703125 0.30703125 0.0734375 0.075
0 0.14140625 0.215625 0.0265625 0.0265625
0 0.2 0.409375 0.0125 0.0125
0 0.28984375 0.6 0.159375 0.159375
0 0.45078125 0.3953125 0.1453125 0.146875
0 0.43671875 0.67890625 0.0125 0.0125
0 0.21953125 0.075 0.0109375 0.0109375
0 0.31328125 0.01640625 0.0125 0.0140625
0 0.359375 0.0796875 0.015625 0.015625
0 0.58515625 0.0265625 0.0296875 0.0296875
0 0.7421875 0.02890625 0.0234375 0.0234375
0 0.8359375 0.0125 0.025 0.025
0 0.88125 0.0203125 0.0125 0.0125
0 0.94609375 0.11640625 0.0125 0.0125
0 0.96171875 0.2046875 0.0125 0.0125
0 0.92421875 0.22734375 0.0125 0.0125
0 0.94453125 0.2375 0.09375 0.0953125
0 0.68984375 0.10703125 0.015625 0.015625
0 0.578125 0.284375 0.015625 0.015625
0 0.61640625 0.353125 0.0125 0.0125
0 0.6703125 0.275 0.0515625 0.053125
0 0.7515625 0.23125 0.0265625 0.0265625
0 0.8640625 0.21015625 0.0140625 0.0140625
0 0.74921875 0.2390625 0.09375 0.09375
0 0.70703125 0.2859375 0.021875 0.021875
0 0.9390625 0.39375 0.01875 0.01875
0 0.925 0.421875 0.015625 0.015625
0 0.89140625 0.4828125 0.0125 0.0125
0 0.859375 0.53046875 0.0125 0.0125
0 0.7984375 0.459375 0.0125 0.0125
0 0.75234375 0.38671875 0.05625 0.05625
0 0.62421875 0.4546875 0.0140625 0.0140625
0 0.93359375 0.63984375 0.0125 0.0125
0 0.97578125 0.61015625 0.0125 0.0125
0 0.9875 0.9234375 0.0203125 0.0203125
0 0.74140625 0.78515625 0.0125 0.0125
0 0.70078125 0.9 0.015625 0.015625
0 0.721875 0.91640625 0.015625 0.015625
0 0.77109375 0.92109375 0.046875 0.046875
0 0.59453125 0.94453125 0.015625 0.015625
0 0.684375 0.9734375 0.0125 0.0125
0 0.41484375 0.6703125 0.0140625 0.0140625
0 0.3234375 0.59296875 0.0125 0.0125
0 0.52109375 0.2484375 0.015625 0.015625
0 0.109375 0.484375 0.0140625 0.0140625
0 0.1078125 0.621875 0.0140625 0.0140625
0 0.2234375 0.346875 0.0125 0.0140625
0 0.46796875 0.16015625 0.0125 0.0125
0 0.646875 0.08359375 0.0125 0.0140625
0 0.87890625 0.3640625 0.0125 0.0125
0 0.87734375 0.41015625 0.015625 0.015625
0 0.8734375 0.42890625 0.015625 0.015625
0 0.8359375 0.39140625 0.015625 0.015625
0 0.81171875 0.4015625 0.03125 0.03125
0 0.65 0.7 0.0109375 0.0109375
0 0.784375 0.6796875 0.009375 0.009375
0 0.859375 0.68515625 0.009375 0.009375
0 0.76875 0.91328125 0.0109375 0.0109375
0 0.9828125 0.39375 0.0109375 0.0109375
0 0.95625 0.03203125 0.0109375 0.0109375
0 0.2453125 0.009375 0.015625 0.015625
0 0.64765625 0.959375 0.0125 0.0125
0 0.8703125 0.9625 0.259375 0.075