0 0.315625 0.0890625 0.02421875 0.0234375
0 0.965625 0.8 0.06875 0.09296875
0 0.86171875 0.57421875 0.015625 0.015625
0 0.78828125 0.2859375 0.03125 0.03125
0 0.6921875 0.3546875 0.01484375 0.01484375
0 0.609375 0.63359375 0.015625 0.015625
0 0.11171875 0.81015625 0.0171875 0.01640625
0 0.2015625 0.5015625 0.05546875 0.05546875
0 0.68125 0.96171875 0.0421875 0.040625
0 0.71171875 0.1328125 0.01171875 0.0109375
0 0.3765625 0.3140625 0.0234375 0.0234375
0 0.3 0.3515625 0.009375 0.009375
0 0.1765625 0.57421875 0.0109375 0.0109375
0 0.2375 0.6046875 0.0125 0.01171875
0 0.88125 0.70703125 0.009375 0.009375
0 0.7875 0.778125 0.0109375 0.0109375
0 0.73984375 0.784375 0.01171875 0.01171875
0 0.00078125 0.79609375 0.0015625 0.0109375