0 0.04921875 0.3140625 0.0125 0.0125
0 0.5265625 0.22578125 0.3015625 0.296875
0 0.70078125 0.01640625 0.0421875 0.03125
0 0.83671875 0.053125 0.015625 0.015625
0 0.9625 0.134375 0.04375 0.04375
0 0.2828125 0.0234375 0.0125 0.0125
0 0.121875 0.10234375 0.0125 0.0125
0 0.63828125 0.015625 0.015625 0.0140625
0 0.9171875 0.67890625 0.025 0.025
0 0.85703125 0.76640625 0.01875 0.01875
0 0.509375 0.8296875 0.01875 0.0171875
0 0.7546875 0.70390625 0.0109375 0.0109375
0 0.7859375 0.62421875 0.0125 0.0125
0 0.7 0.53984375 0.03125 0.0296875
0 0.7046875 0.4765625 0.009375 0.009375
0 0.040625 0.93046875 0.0140625 0.0140625
0 0.028125 0.746875 0.028125 0.0265625
0 0.73046875 0.1609375 0.0125 0.0109375
0 0.32734375 0.60390625 0.0109375 0.0109375
0 0.76328125 0.8125 0.009375 0.009375
0 0.83671875 0.83046875 0.009375 0.009375
0 0.30390625 0.95390625 0.0125 0.0125