0 0.95078125 0.3140625 0.01171875 0.01171875
0 0.4734375 0.22578125 0.3015625 0.296875
0 0.29921875 0.01640625 0.0421875 0.03203125
0 0.16328125 0.053125 0.01484375 0.01484375
0 0.0375 0.134375 0.04375 0.04375
0 0.7171875 0.0234375 0.01171875 0.01171875
0 0.878125 0.10234375 0.0125 0.0125
0 0.36171875 0.015625 0.01484375 0.0140625
0 0.0828125 0.67890625 0.02421875 0.02421875
0 0.14296875 0.76640625 0.01875 0.01875
0 0.490625 0.8296875 0.01875 0.0171875
0 0.2453125 0.70390625 0.0109375 0.0109375
0 0.2140625 0.62421875 0.0125 0.01171875
0 0.3 0.53984375 0.03046875 0.0296875
0 0.2953125 0.4765625 0.009375 0.009375
0 0.959375 0.93046875 0.0140625 0.0140625
0 0.971875 0.746875 0.02734375 0.0265625
0 0.26953125 0.1609375 0.01171875 0.0109375
0 0.67265625 0.60390625 0.0109375 0.0109375
0 0.23671875 0.8125 0.009375 0.009375
0 0.16328125 0.83046875 0.009375 0.009375
0 0.69609375 0.95390625 0.0125 0.01171875