0 0.04921875 0.6859375 0.0125 0.0125
0 0.5265625 0.77421875 0.3015625 0.296875
0 0.70078125 0.98359375 0.0421875 0.03125
0 0.83671875 0.946875 0.015625 0.015625
0 0.9625 0.865625 0.04375 0.04375
0 0.2828125 0.9765625 0.0125 0.0125
0 0.121875 0.89765625 0.0125 0.0125
0 0.63828125 0.984375 0.015625 0.0140625
0 0.9171875 0.32109375 0.025 0.025
0 0.85703125 0.23359375 0.01875 0.01875
0 0.509375 0.1703125 0.01875 0.0171875
0 0.7546875 0.29609375 0.0109375 0.0109375
0 0.7859375 0.37578125 0.0125 0.0125
0 0.7 0.46015625 0.03125 0.0296875
0 0.7046875 0.5234375 0.009375 0.009375
0 0.040625 0.06953125 0.0140625 0.0140625
0 0.028125 0.253125 0.028125 0.0265625
0 0.73046875 0.8390625 0.0125 0.0109375
0 0.32734375 0.39609375 0.0109375 0.0109375
0 0.76328125 0.1875 0.009375 0.009375
0 0.83671875 0.16953125 0.009375 0.009375
0 0.30390625 0.04609375 0.0125 0.0125