0 0.40625 0.64453125 0.03125 0.03125
0 0.68984375 0.740625 0.06484375 0.06484375
0 0.68359375 0.41796875 0.03125 0.03125
0 0.83203125 0.60078125 0.03125 0.03125
0 0.9078125 0.421875 0.02890625 0.02890625
0 0.8171875 0.71015625 0.03828125 0.03828125
0 0.96640625 0.8078125 0.0359375 0.0359375
0 0.928125 0.8265625 0.02890625 0.02890625
0 0.68359375 0.1390625 0.02890625 0.02890625
0 0.8125 0.24296875 0.02890625 0.02890625
0 0.3609375 0.32421875 0.02890625 0.02890625
0 0.27734375 0.328125 0.07421875 0.071875
0 0.025 0.80390625 0.03125 0.03359375