0 0.59375 0.64453125 0.03125 0.03125
0 0.31015625 0.740625 0.065625 0.065625
0 0.31640625 0.41796875 0.03125 0.03125
0 0.16796875 0.60078125 0.03125 0.03125
0 0.0921875 0.421875 0.0296875 0.028125
0 0.1828125 0.71015625 0.0390625 0.0375
0 0.03359375 0.8078125 0.0359375 0.0359375
0 0.071875 0.8265625 0.0296875 0.028125
0 0.31640625 0.1390625 0.028125 0.028125
0 0.1875 0.24296875 0.028125 0.028125
0 0.6390625 0.32421875 0.028125 0.028125
0 0.72265625 0.328125 0.075 0.071875
0 0.975 0.80390625 0.03125 0.034375