0 0.35546875 0.40625 0.03125 0.03125
0 0.259375 0.68984375 0.065625 0.065625
0 0.58203125 0.68359375 0.03125 0.03125
0 0.39921875 0.83203125 0.03125 0.03125
0 0.578125 0.9078125 0.028125 0.0296875
0 0.28984375 0.8171875 0.0375 0.0375
0 0.1921875 0.96640625 0.0359375 0.0359375
0 0.1734375 0.928125 0.028125 0.028125
0 0.8609375 0.68359375 0.028125 0.0296875
0 0.75703125 0.8125 0.028125 0.0296875
0 0.67578125 0.3609375 0.028125 0.028125
0 0.671875 0.27734375 0.071875 0.075
0 0.19609375 0.025 0.034375 0.03125