0 0.853125 0.8140625 0.0984375 0.0984375
0 0.8375 0.62265625 0.0796875 0.0796875
0 0.6453125 0.921875 0.0625 0.0625
0 0.25234375 0.634375 0.05078125 0.05078125
0 0.13203125 0.66953125 0.03359375 0.03359375
0 0.415625 0.75625 0.0484375 0.0484375
0 0.69453125 0.63359375 0.02421875 0.02421875
0 0.13125 0.16015625 0.03828125 0.03828125
0 0.08203125 0.4828125 0.0265625 0.0265625
0 0.8078125 0.2546875 0.02890625 0.02890625
0 0.8078125 0.134375 0.03125 0.03125
0 0.80859375 0.040625 0.03125 0.03125
0 0.984375 0.0875 0.03125 0.03125
0 0.45078125 0.3140625 0.03828125 0.03828125
0 0.25 0.5484375 0.04296875 0.04296875
0 0.31953125 0.1578125 0.125 0.125
0 0.65859375 0.50234375 0.0265625 0.0265625
0 0.64921875 0.45546875 0.0265625 0.0265625
0 0.06875 0.22109375 0.02890625 0.02890625
0 0.08515625 0.2140625 0.02890625 0.02890625
0 0.22109375 0.77265625 0.02421875 0.02421875
0 0.3109375 0.625 0.0265625 0.0265625
0 0.4015625 0.55625 0.02421875 0.02421875
0 0.4421875 0.553125 0.03125 0.03125
0 0.4671875 0.65234375 0.0359375 0.0359375
0 0.6671875 0.7859375 0.03359375 0.03359375
0 0.69921875 0.7484375 0.03359375 0.03359375
0 0.703125 0.44375 0.0359375 0.0359375
0 0.53984375 0.3328125 0.02890625 0.02890625
0 0.38359375 0.509375 0.03125 0.03125
0 0.4265625 0.48203125 0.0359375 0.0359375
0 0.78984375 0.50859375 0.02890625 0.02890625
0 0.321875 0.68125 0.03359375 0.03359375
0 0.353125 0.6921875 0.0265625 0.0265625
0 0.396875 0.78359375 0.0265625 0.0265625
0 0.23671875 0.15625 0.05546875 0.05546875
0 0.63359375 0.0140625 0.0296875 0.028125
0 0.8015625 0.75703125 0.03125 0.03125