0 0.5984375 0.6421875 0.03125 0.03125
0 0.31640625 0.74140625 0.06484375 0.06484375
0 0.31015625 0.42578125 0.03125 0.03125
0 0.16953125 0.60234375 0.03125 0.03125
0 0.10078125 0.41953125 0.02890625 0.02890625
0 0.19140625 0.71015625 0.03828125 0.03828125
0 0.02265625 0.80625 0.0359375 0.0359375
0 0.07578125 0.83046875 0.02890625 0.02890625
0 0.31875 0.14296875 0.02890625 0.02890625
0 0.1921875 0.24375 0.02890625 0.02890625
0 0.6453125 0.33046875 0.02890625 0.02890625
0 0.71171875 0.3265625 0.07421875 0.071875