0 0.146875 0.1859375 0.0984375 0.0984375
0 0.1625 0.37734375 0.0796875 0.0796875
0 0.3546875 0.078125 0.0625 0.0625
0 0.74765625 0.365625 0.05 0.05
0 0.86796875 0.33046875 0.034375 0.034375
0 0.584375 0.24375 0.0484375 0.0484375
0 0.30546875 0.36640625 0.025 0.025
0 0.86875 0.83984375 0.0375 0.0375
0 0.91796875 0.5171875 0.0265625 0.0265625
0 0.1921875 0.7453125 0.0296875 0.028125
0 0.1921875 0.865625 0.03125 0.03125
0 0.19140625 0.959375 0.03125 0.03125
0 0.015625 0.9125 0.03125 0.03125
0 0.54921875 0.6859375 0.0375 0.0375
0 0.75 0.4515625 0.04375 0.04375
0 0.68046875 0.8421875 0.125 0.125
0 0.34140625 0.49765625 0.0265625 0.0265625
0 0.35078125 0.54453125 0.0265625 0.0265625
0 0.93125 0.77890625 0.028125 0.028125
0 0.91484375 0.7859375 0.028125 0.0296875
0 0.77890625 0.22734375 0.025 0.025
0 0.6890625 0.375 0.0265625 0.0265625
0 0.5984375 0.44375 0.025 0.025
0 0.5578125 0.446875 0.03125 0.03125
0 0.5328125 0.34765625 0.0359375 0.0359375
0 0.3328125 0.2140625 0.034375 0.034375
0 0.30078125 0.2515625 0.034375 0.034375
0 0.296875 0.55625 0.0359375 0.0359375
0 0.46015625 0.6671875 0.028125 0.028125
0 0.61640625 0.490625 0.03125 0.03125
0 0.5734375 0.51796875 0.0359375 0.0359375
0 0.21015625 0.49140625 0.028125 0.028125
0 0.678125 0.31875 0.034375 0.034375
0 0.646875 0.3078125 0.0265625 0.0265625
0 0.603125 0.21640625 0.0265625 0.0265625
0 0.76328125 0.84375 0.05625 0.05625
0 0.36640625 0.9859375 0.0296875 0.028125
0 0.1984375 0.24296875 0.03125 0.03125