0 0.59375 0.35546875 0.03125 0.03125
0 0.31015625 0.259375 0.065625 0.065625
0 0.31640625 0.58203125 0.03125 0.03125
0 0.16796875 0.39921875 0.03125 0.03125
0 0.0921875 0.578125 0.0296875 0.028125
0 0.1828125 0.28984375 0.0375 0.0375
0 0.03359375 0.1921875 0.0359375 0.0359375
0 0.071875 0.1734375 0.0296875 0.028125
0 0.31640625 0.8609375 0.028125 0.028125
0 0.1875 0.75703125 0.0296875 0.028125
0 0.6390625 0.67578125 0.028125 0.028125
0 0.72265625 0.671875 0.075 0.071875
0 0.975 0.19609375 0.03125 0.034375