0 0.853125 0.1859375 0.0984375 0.0984375
0 0.8375 0.37734375 0.0796875 0.0796875
0 0.6453125 0.078125 0.0625 0.0625
0 0.25234375 0.365625 0.05078125 0.05078125
0 0.13203125 0.33046875 0.03359375 0.03359375
0 0.415625 0.24375 0.0484375 0.0484375
0 0.69453125 0.36640625 0.02421875 0.02421875
0 0.13125 0.83984375 0.03828125 0.03828125
0 0.08203125 0.5171875 0.0265625 0.0265625
0 0.8078125 0.7453125 0.02890625 0.02890625
0 0.8078125 0.865625 0.03125 0.03125
0 0.80859375 0.959375 0.03125 0.03125
0 0.984375 0.9125 0.03125 0.03125
0 0.45078125 0.6859375 0.03828125 0.03828125
0 0.25 0.4515625 0.04296875 0.04296875
0 0.31953125 0.8421875 0.125 0.125
0 0.65859375 0.49765625 0.0265625 0.0265625
0 0.64921875 0.54453125 0.0265625 0.0265625
0 0.06875 0.77890625 0.02890625 0.02890625
0 0.08515625 0.7859375 0.02890625 0.02890625
0 0.22109375 0.22734375 0.02421875 0.02421875
0 0.3109375 0.375 0.0265625 0.0265625
0 0.4015625 0.44375 0.02421875 0.02421875
0 0.4421875 0.446875 0.03125 0.03125
0 0.4671875 0.34765625 0.0359375 0.0359375
0 0.6671875 0.2140625 0.03359375 0.03359375
0 0.69921875 0.2515625 0.03359375 0.03359375
0 0.703125 0.55625 0.0359375 0.0359375
0 0.53984375 0.6671875 0.02890625 0.02890625
0 0.38359375 0.490625 0.03125 0.03125
0 0.4265625 0.51796875 0.0359375 0.0359375
0 0.78984375 0.49140625 0.02890625 0.02890625
0 0.321875 0.31875 0.03359375 0.03359375
0 0.353125 0.3078125 0.0265625 0.0265625
0 0.396875 0.21640625 0.0265625 0.0265625
0 0.23671875 0.84375 0.05546875 0.05546875
0 0.63359375 0.98515625 0.0296875 0.0296875
0 0.8015625 0.24296875 0.03125 0.03125