0 0.64453125 0.59375 0.03125 0.03125
0 0.740625 0.31015625 0.065625 0.065625
0 0.41796875 0.31640625 0.03125 0.03125
0 0.60078125 0.16796875 0.03125 0.03125
0 0.421875 0.0921875 0.028125 0.028125
0 0.71015625 0.1828125 0.0375 0.0375
0 0.8078125 0.03359375 0.0359375 0.0359375
0 0.8265625 0.071875 0.028125 0.028125
0 0.1390625 0.31640625 0.028125 0.028125
0 0.24296875 0.1875 0.028125 0.028125
0 0.32421875 0.6390625 0.028125 0.028125
0 0.328125 0.72265625 0.071875 0.075
0 0.80390625 0.975 0.034375 0.03125