0 0.0109375 0.1609375 0.021875 0.034375
0 0.31328125 0.07578125 0.028125 0.028125
0 0.02890625 0.32265625 0.01484375 0.01484375
0 0.34375 0.4125 0.021875 0.021875
0 0.46328125 0.34453125 0.06171875 0.06171875
0 0.77265625 0.1515625 0.02734375 0.02734375
0 0.725 0.99609375 0.01640625 0.0078125
0 0.32734375 0.9421875 0.06640625 0.06640625
0 0.40859375 0.8359375 0.0171875 0.0171875
0 0.15234375 0.784375 0.0203125 0.0203125
0 0.1765625 0.9296875 0.015625 0.015625
0 0.36953125 0.00546875 0.01484375 0.0109375
0 0.79375 0.09453125 0.01171875 0.01171875
0 0.98203125 0.44765625 0.01171875 0.01171875
0 0.796875 0.24921875 0.009375 0.009375
0 0.27578125 0.2625 0.0109375 0.0109375
0 0.57578125 0.68515625 0.01171875 0.01171875
0 0.74453125 0.6625 0.01484375 0.01484375
0 0.778125 0.62265625 0.0125 0.0125
0 0.703125 0.71875 0.0125 0.0125
0 0.72265625 0.7109375 0.0125 0.0125
0 0.60234375 0.709375 0.015625 0.015625
0 0.80703125 0.83125 0.0234375 0.0234375
0 0.9515625 0.9375 0.0109375 0.0109375
0 0.56640625 0.91328125 0.015625 0.015625
0 0.44765625 0.9234375 0.01875 0.01875