0 0.1609375 0.9890625 0.034375 0.021875
0 0.07578125 0.68671875 0.028125 0.028125
0 0.32265625 0.97109375 0.015625 0.015625
0 0.4125 0.65625 0.021875 0.021875
0 0.34453125 0.53671875 0.0625 0.0625
0 0.1515625 0.22734375 0.028125 0.028125
0 0.99609375 0.275 0.0078125 0.015625
0 0.9421875 0.67265625 0.065625 0.065625
0 0.8359375 0.59140625 0.0171875 0.0171875
0 0.784375 0.84765625 0.0203125 0.0203125
0 0.9296875 0.8234375 0.015625 0.015625
0 0.00546875 0.63046875 0.0109375 0.015625
0 0.09453125 0.20625 0.0125 0.0125
0 0.44765625 0.01796875 0.0125 0.0125
0 0.24921875 0.203125 0.009375 0.009375
0 0.2625 0.72421875 0.0109375 0.0109375
0 0.68515625 0.42421875 0.0125 0.0125
0 0.6625 0.25546875 0.015625 0.015625
0 0.62265625 0.221875 0.0125 0.0125
0 0.71875 0.296875 0.0125 0.0125
0 0.7109375 0.27734375 0.0125 0.0125
0 0.709375 0.39765625 0.015625 0.015625
0 0.83125 0.19296875 0.0234375 0.0234375
0 0.9375 0.0484375 0.0109375 0.0109375
0 0.91328125 0.43359375 0.015625 0.015625
0 0.9234375 0.55234375 0.01875 0.01875