0 0.1109375 0.19609375 0.0390625 0.03828125
0 0.13828125 0.28046875 0.01953125 0.01953125
0 0.22578125 0.11015625 0.01640625 0.015625
0 0.2234375 0.42578125 0.01484375 0.01484375
0 0.0203125 0.45859375 0.01484375 0.01484375
0 0.06796875 0.4125 0.1359375 0.2046875
0 0.41328125 0.0578125 0.01171875 0.01171875
0 0.0390625 0.61640625 0.0234375 0.02265625
0 0.91875 0.1890625 0.015625 0.01484375
0 0.875 0.2953125 0.0171875 0.0171875
0 0.825 0.521875 0.0125 0.0125
0 0.81328125 0.62109375 0.0109375 0.0109375
0 0.8515625 0.11875 0.13984375 0.13671875
0 0.8703125 0.8671875 0.01171875 0.01171875
0 0.82734375 0.92734375 0.01484375 0.01484375
0 0.84296875 0.80390625 0.0671875 0.065625
0 0.7140625 0.68359375 0.0125 0.01171875
0 0.65625 0.684375 0.0171875 0.0171875
0 0.64921875 0.97421875 0.0546875 0.0515625
0 0.6078125 0.7953125 0.0125 0.0125
0 0.628125 0.746875 0.05859375 0.0578125
0 0.78828125 0.1296875 0.0125 0.01171875
0 0.53203125 0.628125 0.0109375 0.0109375
0 0.77421875 0.40703125 0.01171875 0.0109375
0 0.55625 0.41875 0.0125 0.0125
0 0.09453125 0.90234375 0.0109375 0.0109375