0 0.88515625 0.02421875 0.0203125 0.0203125
0 0.5515625 0.0546875 0.0265625 0.025
0 0.15234375 0.3265625 0.0546875 0.053125
0 0.1 0.67734375 0.02421875 0.0234375
0 0.04296875 0.8734375 0.01875 0.0171875
0 0.07578125 0.9578125 0.0296875 0.028125
0 0.47421875 0.4515625 0.015625 0.01484375
0 0.2328125 0.8421875 0.01171875 0.01171875
0 0.04609375 0.971875 0.01171875 0.0109375
0 0.70703125 0.7140625 0.01875 0.0171875
0 0.2359375 0.03203125 0.0125 0.0125
0 0.27421875 0.221875 0.0109375 0.0109375
0 0.059375 0.04296875 0.01171875 0.01171875
0 0.115625 0.38125 0.01484375 0.01484375
0 0.715625 0.89375 0.01171875 0.01171875