0 0.4953125 0.9875 0.028125 0.025
0 0.3421875 0.4859375 0.05625 0.053125
0 0.31953125 0.43125 0.021875 0.0203125
0 0.30234375 0.77265625 0.0140625 0.0140625
0 0.409375 0.44375 0.025 0.0234375
0 0.58125 0.72265625 0.03125 0.0296875
0 0.790625 0.7421875 0.034375 0.0328125
0 0.39453125 0.1859375 0.015625 0.015625
0 0.43828125 0.26640625 0.0625 0.0609375
0 0.32734375 0.33828125 0.1984375 0.1875
0 0.009375 0.0796875 0.0140625 0.0125
0 0.41875 0.82734375 0.065625 0.0625
0 0.32734375 0.70625 0.04375 0.040625
0 0.1453125 0.2703125 0.0171875 0.015625
0 0.57578125 0.9703125 0.0109375 0.009375
0 0.6609375 0.93203125 0.015625 0.0140625
0 0.93046875 0.884375 0.03125 0.028125
0 0.59609375 0.71328125 0.0140625 0.0125
0 0.3921875 0.22578125 0.0125 0.0109375
0 0.725 0.1984375 0.0109375 0.009375