0 0.5046875 0.0125 0.028125 0.02421875
0 0.6578125 0.5140625 0.05546875 0.053125
0 0.68046875 0.56875 0.021875 0.0203125
0 0.69765625 0.22734375 0.0140625 0.0140625
0 0.590625 0.55625 0.02421875 0.0234375
0 0.41875 0.27734375 0.03125 0.0296875
0 0.209375 0.2578125 0.03515625 0.0328125
0 0.60546875 0.8140625 0.015625 0.015625
0 0.56171875 0.73359375 0.06328125 0.0609375
0 0.67265625 0.66171875 0.1984375 0.18828125
0 0.990625 0.9203125 0.0140625 0.0125
0 0.58125 0.17265625 0.06640625 0.0625
0 0.67265625 0.29375 0.04375 0.040625
0 0.8546875 0.7296875 0.0171875 0.01640625
0 0.42421875 0.0296875 0.0109375 0.009375
0 0.3390625 0.06796875 0.01484375 0.0140625
0 0.06953125 0.115625 0.03046875 0.028125
0 0.40390625 0.28671875 0.0140625 0.0125
0 0.6078125 0.77421875 0.01171875 0.0109375
0 0.275 0.8015625 0.0109375 0.009375