0 0.1109375 0.80390625 0.0390625 0.0375
0 0.13828125 0.71953125 0.01875 0.0203125
0 0.22578125 0.88984375 0.015625 0.015625
0 0.2234375 0.57421875 0.015625 0.015625
0 0.0203125 0.54140625 0.015625 0.015625
0 0.06796875 0.5875 0.1359375 0.2046875
0 0.41328125 0.9421875 0.0125 0.0125
0 0.0390625 0.38359375 0.0234375 0.021875
0 0.91875 0.8109375 0.015625 0.015625
0 0.875 0.7046875 0.0171875 0.0171875
0 0.825 0.478125 0.0125 0.0125
0 0.81328125 0.37890625 0.0109375 0.0109375
0 0.8515625 0.88125 0.140625 0.1375
0 0.8703125 0.1328125 0.0125 0.0125
0 0.82734375 0.07265625 0.015625 0.015625
0 0.84296875 0.19609375 0.0671875 0.065625
0 0.7140625 0.31640625 0.0125 0.0125
0 0.65625 0.315625 0.0171875 0.0171875
0 0.64921875 0.02578125 0.0546875 0.0515625
0 0.6078125 0.2046875 0.0125 0.0125
0 0.628125 0.253125 0.059375 0.0578125
0 0.78828125 0.8703125 0.0125 0.0125
0 0.53203125 0.371875 0.0109375 0.0109375
0 0.77421875 0.59296875 0.0125 0.0109375
0 0.55625 0.58125 0.0125 0.0125
0 0.09453125 0.09765625 0.0109375 0.0109375