0 0.88515625 0.97578125 0.0203125 0.0203125
0 0.5515625 0.9453125 0.0265625 0.025
0 0.15234375 0.6734375 0.0546875 0.053125
0 0.1 0.32265625 0.025 0.0234375
0 0.04296875 0.1265625 0.01875 0.0171875
0 0.07578125 0.0421875 0.0296875 0.028125
0 0.47421875 0.5484375 0.015625 0.015625
0 0.2328125 0.1578125 0.0125 0.0125
0 0.04609375 0.028125 0.0125 0.0109375
0 0.70703125 0.2859375 0.01875 0.0171875
0 0.2359375 0.96796875 0.0125 0.0125
0 0.27421875 0.778125 0.0109375 0.0109375
0 0.059375 0.95703125 0.0125 0.0125
0 0.115625 0.61875 0.015625 0.015625
0 0.715625 0.10625 0.0125 0.0125