0 0.80390625 0.8890625 0.0375 0.0390625
0 0.71953125 0.86171875 0.01875 0.01875
0 0.88984375 0.77421875 0.015625 0.015625
0 0.57421875 0.7765625 0.015625 0.015625
0 0.54140625 0.9796875 0.015625 0.015625
0 0.5875 0.93203125 0.2046875 0.1359375
0 0.9421875 0.58671875 0.0125 0.0125
0 0.38359375 0.9609375 0.021875 0.0234375
0 0.8109375 0.08125 0.015625 0.015625
0 0.7046875 0.125 0.0171875 0.0171875
0 0.478125 0.175 0.0125 0.0125
0 0.37890625 0.18671875 0.0109375 0.0109375
0 0.88125 0.1484375 0.1375 0.140625
0 0.1328125 0.1296875 0.0125 0.0125
0 0.07265625 0.17265625 0.015625 0.015625
0 0.19609375 0.15703125 0.065625 0.0671875
0 0.31640625 0.2859375 0.0125 0.0125
0 0.315625 0.34375 0.0171875 0.0171875
0 0.02578125 0.35078125 0.0515625 0.0546875
0 0.2046875 0.3921875 0.0125 0.0125
0 0.253125 0.371875 0.0578125 0.059375
0 0.8703125 0.21171875 0.0125 0.0125
0 0.371875 0.46796875 0.0109375 0.0109375
0 0.59296875 0.22578125 0.0109375 0.0125
0 0.58125 0.44375 0.0125 0.0125
0 0.09765625 0.90546875 0.0109375 0.0109375