0 0.1875 0.896875 0.0375 0.034375
0 0.7296875 0.709375 0.071875 0.0671875
0 0.5796875 0.5828125 0.0125 0.0125
0 0.90625 0.5609375 0.0125 0.0109375
0 0.9734375 0.98359375 0.01875 0.0171875
0 0.92578125 0.525 0.0140625 0.0125
0 0.61484375 0.54765625 0.015625 0.015625
0 0.96640625 0.1578125 0.025 0.0234375
0 0.79453125 0.03671875 0.0109375 0.0109375
0 0.778125 0.0484375 0.01875 0.01875
0 0.63515625 0.26484375 0.0125 0.0125
0 0.596875 0.321875 0.03125 0.028125
0 0.63125 0.3734375 0.1 0.09375
0 0.36875 0.26015625 0.0375 0.0375
0 0.0328125 0.121875 0.0125 0.0125
0 0.225 0.72890625 0.0125 0.0125
0 0.81171875 0.8265625 0.0203125 0.01875
0 0.89140625 0.99140625 0.01875 0.015625
0 0.53671875 0.51171875 0.0125 0.0109375
0 0.18125 0.4671875 0.0125 0.0125
0 0.178125 0.61875 0.0125 0.0125
0 0.07421875 0.384375 0.0125 0.0125
0 0.525 0.2125 0.0125 0.0109375
0 0.4703125 0.07109375 0.0109375 0.0109375