0 0.9875 0.5046875 0.025 0.028125
0 0.4859375 0.6578125 0.053125 0.05625
0 0.43125 0.68046875 0.0203125 0.021875
0 0.77265625 0.69765625 0.0140625 0.0140625
0 0.44375 0.590625 0.0234375 0.025
0 0.72265625 0.41875 0.0296875 0.03125
0 0.7421875 0.209375 0.0328125 0.034375
0 0.1859375 0.60546875 0.015625 0.015625
0 0.26640625 0.56171875 0.0609375 0.0625
0 0.33828125 0.67265625 0.1875 0.1984375
0 0.0796875 0.990625 0.0125 0.0140625
0 0.82734375 0.58125 0.0625 0.065625
0 0.70625 0.67265625 0.040625 0.04375
0 0.2703125 0.8546875 0.015625 0.0171875
0 0.9703125 0.42421875 0.009375 0.0109375
0 0.93203125 0.3390625 0.0140625 0.015625
0 0.884375 0.06953125 0.028125 0.03125
0 0.71328125 0.40390625 0.0125 0.0140625
0 0.22578125 0.6078125 0.0109375 0.0125
0 0.1984375 0.275 0.009375 0.0109375