0 0.80234375 0.625 0.0359375 0.0359375
0 0.675 0.65 0.06953125 0.06953125
0 0.60546875 0.52890625 0.01484375 0.01484375
0 0.69453125 0.4 0.034375 0.034375
0 0.6296875 0.36015625 0.11015625 0.11015625
0 0.6046875 0.496875 0.009375 0.01015625
0 0.33125 0.665625 0.015625 0.015625
0 0.05390625 0.91015625 0.0203125 0.0203125
0 0.31640625 0.55390625 0.01171875 0.01171875
0 0.29609375 0.3765625 0.0359375 0.0359375
0 0.2375 0.428125 0.09296875 0.09296875
0 0.303125 0.21015625 0.0546875 0.0546875
0 0.465625 0.184375 0.0109375 0.0109375
0 0.57578125 0.85546875 0.01484375 0.01484375
0 0.73046875 0.95703125 0.0171875 0.0171875
0 0.4671875 0.1515625 0.0234375 0.0234375
0 0.6765625 0.1046875 0.0109375 0.0109375
0 0.43203125 0.12109375 0.0109375 0.0109375
0 0.04921875 0.03203125 0.01171875 0.01171875
0 0.03828125 0.23359375 0.009375 0.009375
0 0.3921875 0.2234375 0.0109375 0.0109375
0 0.45390625 0.3890625 0.01640625 0.01640625
0 0.3875 0.4640625 0.01171875 0.01171875
0 0.04296875 0.55625 0.01171875 0.01171875
0 0.59375 0.99140625 0.01953125 0.015625