0 0.375 0.19765625 0.0359375 0.0359375
0 0.35 0.325 0.06875 0.06875
0 0.47109375 0.39453125 0.015625 0.015625
0 0.6 0.30546875 0.034375 0.034375
0 0.63984375 0.3703125 0.109375 0.109375
0 0.503125 0.3953125 0.009375 0.009375
0 0.334375 0.66875 0.015625 0.015625
0 0.08984375 0.94609375 0.0203125 0.0203125
0 0.44609375 0.68359375 0.0125 0.0125
0 0.6234375 0.70390625 0.0359375 0.0359375
0 0.571875 0.7625 0.09375 0.09375
0 0.78984375 0.696875 0.0546875 0.0546875
0 0.815625 0.534375 0.0109375 0.0109375
0 0.14453125 0.42421875 0.015625 0.015625
0 0.04296875 0.26953125 0.0171875 0.0171875
0 0.8484375 0.5328125 0.0234375 0.0234375
0 0.8953125 0.3234375 0.0109375 0.0109375
0 0.87890625 0.56796875 0.0109375 0.0109375
0 0.96796875 0.95078125 0.0125 0.0125
0 0.76640625 0.96171875 0.009375 0.009375
0 0.7765625 0.6078125 0.0109375 0.0109375
0 0.6109375 0.54609375 0.015625 0.015625
0 0.5359375 0.6125 0.0125 0.0125
0 0.44375 0.95703125 0.0125 0.0125
0 0.00859375 0.40625 0.015625 0.01875