0 0.26171875 0.3390625 0.03828125 0.03515625
0 0.0515625 0.559375 0.06171875 0.05625
0 0.86875 0.9453125 0.025 0.0234375
0 0.4640625 0.90703125 0.01953125 0.0171875
0 0.68515625 0.940625 0.0109375 0.009375
0 0.73125 0.94375 0.0140625 0.0125
0 0.73671875 0.84765625 0.3359375 0.3046875
0 0.4125 0.8453125 0.05 0.04609375
0 0.903125 0.12421875 0.01640625 0.015625
0 0.1234375 0.33984375 0.021875 0.01953125
0 0.27578125 0.50703125 0.0109375 0.009375
0 0.29453125 0.5140625 0.0125 0.01171875
0 0.259375 0.478125 0.0109375 0.009375
0 0.68828125 0.65546875 0.0125 0.01171875