0 0.19765625 0.625 0.0359375 0.0359375
0 0.325 0.65 0.06875 0.06875
0 0.39453125 0.52890625 0.015625 0.015625
0 0.30546875 0.4 0.034375 0.034375
0 0.3703125 0.36015625 0.109375 0.109375
0 0.3953125 0.496875 0.009375 0.009375
0 0.66875 0.665625 0.015625 0.015625
0 0.94609375 0.91015625 0.0203125 0.0203125
0 0.68359375 0.55390625 0.0125 0.0125
0 0.70390625 0.3765625 0.0359375 0.0359375
0 0.7625 0.428125 0.09375 0.09375
0 0.696875 0.21015625 0.0546875 0.0546875
0 0.534375 0.184375 0.0109375 0.0109375
0 0.42421875 0.85546875 0.015625 0.015625
0 0.26953125 0.95703125 0.0171875 0.0171875
0 0.5328125 0.1515625 0.0234375 0.0234375
0 0.3234375 0.1046875 0.0109375 0.0109375
0 0.56796875 0.12109375 0.0109375 0.0109375
0 0.95078125 0.03203125 0.0125 0.0125
0 0.96171875 0.23359375 0.009375 0.009375
0 0.6078125 0.2234375 0.0109375 0.0109375
0 0.54609375 0.3890625 0.015625 0.015625
0 0.6125 0.4640625 0.0125 0.0125
0 0.95703125 0.55625 0.0125 0.0125
0 0.40625 0.99140625 0.01875 0.015625