0 0.6609375 0.73828125 0.034375 0.0375
0 0.440625 0.9484375 0.05625 0.0625
0 0.0546875 0.13125 0.0234375 0.025
0 0.09296875 0.5359375 0.0171875 0.01875
0 0.059375 0.31484375 0.009375 0.0109375
0 0.05625 0.26875 0.0125 0.0140625
0 0.15234375 0.26328125 0.3046875 0.3359375
0 0.1546875 0.5875 0.046875 0.05
0 0.87578125 0.096875 0.015625 0.015625
0 0.66015625 0.8765625 0.01875 0.021875
0 0.49296875 0.72421875 0.009375 0.0109375
0 0.4859375 0.70546875 0.0125 0.0125
0 0.521875 0.740625 0.009375 0.0109375
0 0.34453125 0.31171875 0.0125 0.0125