0 0.5359375 0.3515625 0.0234375 0.0234375
0 0.39921875 0.30703125 0.02265625 0.02265625
0 0.55 0.34375 0.0125 0.01171875
0 0.30390625 0.3078125 0.0203125 0.0203125
0 0.1046875 0.5578125 0.1890625 0.1890625
0 0.221875 0.55625 0.1265625 0.12578125
0 0.33046875 0.596875 0.06640625 0.065625
0 0.3453125 0.875 0.0140625 0.0140625
0 0.3703125 0.9453125 0.01875 0.01875
0 0.49140625 0.80390625 0.034375 0.034375
0 0.8328125 0.725 0.01875 0.01875
0 0.33828125 0.021875 0.0140625 0.0140625
0 0.00859375 0.3515625 0.0140625 0.0140625
0 0.37265625 0.4890625 0.0296875 0.0296875
0 0.234375 0.5109375 0.01640625 0.01640625
0 0.11015625 0.471875 0.0125 0.0125
0 0.021875 0.60859375 0.0171875 0.0171875
0 0.01171875 0.69296875 0.0140625 0.0140625
0 0.15625 0.79609375 0.0125 0.0125
0 0.35859375 0.22734375 0.01875 0.01875
0 0.5453125 0.66953125 0.0109375 0.0109375
0 0.7515625 0.6359375 0.0109375 0.0109375