0 0.27734375 0.171875 0.0140625 0.0140625
0 0.2296875 0.121875 0.034375 0.034375
0 0.90234375 0.22578125 0.015625 0.015625
0 0.9109375 0.1140625 0.0125 0.0125
0 0.984375 0.94609375 0.03125 0.0453125
0 0.428125 0.753125 0.021875 0.021875
0 0.4109375 0.215625 0.0453125 0.0453125
0 0.3703125 0.09453125 0.0109375 0.0109375
0 0.840625 0.5359375 0.0390625 0.0390625
0 0.3109375 0.92578125 0.04375 0.04375
0 0.91171875 0.028125 0.0109375 0.0109375
0 0.4109375 0.4015625 0.0109375 0.0109375
0 0.171875 0.559375 0.015625 0.015625