0 0.72265625 0.171875 0.0140625 0.0140625
0 0.7703125 0.121875 0.034375 0.034375
0 0.09765625 0.22578125 0.0171875 0.015625
0 0.0890625 0.1140625 0.0125 0.0125
0 0.015625 0.94609375 0.03125 0.0453125
0 0.571875 0.753125 0.021875 0.021875
0 0.5890625 0.215625 0.0453125 0.0453125
0 0.6296875 0.09453125 0.0109375 0.0109375
0 0.159375 0.5359375 0.0390625 0.0390625
0 0.6890625 0.92578125 0.04375 0.04375
0 0.08828125 0.028125 0.0109375 0.0109375
0 0.5890625 0.4015625 0.0109375 0.0109375
0 0.828125 0.559375 0.015625 0.015625