0 0.40703125 0.0125 0.0125 0.0125
0 0.7203125 0.11875 0.021875 0.021875
0 0.91015625 0.03828125 0.0125 0.0125
0 0.9859375 0.2796875 0.009375 0.0125
0 0.48359375 0.621875 0.0109375 0.0109375
0 0.596875 0.61953125 0.009375 0.009375
0 0.29765625 0.45703125 0.0140625 0.0140625
0 0.2796875 0.29609375 0.025 0.0234375
0 0.2765625 0.44375 0.046875 0.046875
0 0.4734375 0.22734375 0.0328125 0.03125
0 0.4125 0.10546875 0.0125 0.0125
0 0.35 0.1578125 0.0828125 0.08125
0 0.06171875 0.75234375 0.0125 0.0125
0 0.43671875 0.9375 0.0125 0.0125
0 0.9625 0.1578125 0.0328125 0.03125
0 0.84375 0.87421875 0.021875 0.021875
0 0.3 0.88359375 0.0703125 0.06875
0 0.94375 0.29765625 0.0171875 0.0171875
0 0.69609375 0.11796875 0.0109375 0.0109375
0 0.13828125 0.98125 0.0109375 0.0109375