0 0.0640625 0.12578125 0.015625 0.015625
0 0.8421875 0.0875 0.01875 0.0203125
0 0.621875 0.1546875 0.0140625 0.015625
0 0.590625 0.2171875 0.0109375 0.0125
0 0.3171875 0.01484375 0.0109375 0.0109375
0 0.4484375 0.390625 0.05 0.053125
0 0.25078125 0.22578125 0.025 0.025
0 0.58515625 0.5359375 0.0234375 0.025
0 0.40078125 0.56875 0.015625 0.015625
0 0.371875 0.55 0.01875 0.0203125
0 0.2703125 0.6875 0.0140625 0.015625
0 0.25546875 0.86875 0.0765625 0.08125
0 0.69609375 0.9515625 0.0171875 0.01875
0 0.709375 0.95703125 0.021875 0.0234375
0 0.6640625 0.81328125 0.009375 0.0109375
0 0.2484375 0.63515625 0.14375 0.153125
0 0.12265625 0.64296875 0.0125 0.015625
0 0.9484375 0.81328125 0.0109375 0.0125
0 0.96640625 0.4515625 0.0109375 0.0125
0 0.17578125 0.971875 0.0640625 0.05625
0 0.171875 0.55546875 0.0109375 0.0125
0 0.45234375 0.83125 0.0109375 0.0109375
0 0.45625 0.84140625 0.009375 0.0109375
0 0.3328125 0.19296875 0.03125 0.0328125
0 0.53828125 0.03125 0.009375 0.0109375
0 0.8921875 0.5390625 0.0109375 0.0109375
0 0.78984375 0.56875 0.0125 0.0125
0 0.74375 0.87890625 0.0109375 0.0125
0 0.62421875 0.9046875 0.0125 0.0125