0 0.8328125 0.7625 0.0234375 0.021875
0 0.6640625 0.784375 0.0609375 0.0578125
0 0.7328125 0.91640625 0.0125 0.0125
0 0.2890625 0.80859375 0.0125 0.0109375
0 0.2453125 0.740625 0.0625 0.059375
0 0.04765625 0.9046875 0.0203125 0.01875
0 0.0515625 0.7640625 0.009375 0.009375
0 0.21875 0.49296875 0.075 0.071875
0 0.43125 0.28125 0.015625 0.015625
0 0.68359375 0.3953125 0.0125 0.0125
0 0.8015625 0.08984375 0.0140625 0.0140625
0 0.76875 0.4671875 0.015625 0.0140625
0 0.19453125 0.54609375 0.0640625 0.0625
0 0.28515625 0.75703125 0.0109375 0.0109375
0 0.16484375 0.32890625 0.0109375 0.009375
0 0.0328125 0.203125 0.0109375 0.0109375