0 0.1671875 0.7625 0.0234375 0.021875
0 0.3359375 0.784375 0.0609375 0.0578125
0 0.2671875 0.91640625 0.0125 0.0125
0 0.7109375 0.80859375 0.0125 0.0109375
0 0.7546875 0.740625 0.0625 0.059375
0 0.95234375 0.9046875 0.0203125 0.01875
0 0.9484375 0.7640625 0.009375 0.009375
0 0.78125 0.49296875 0.075 0.071875
0 0.56875 0.28125 0.015625 0.015625
0 0.31640625 0.3953125 0.0125 0.0125
0 0.1984375 0.08984375 0.0140625 0.0140625
0 0.23125 0.4671875 0.015625 0.0140625
0 0.80546875 0.54609375 0.0640625 0.0625
0 0.71484375 0.75703125 0.0109375 0.0109375
0 0.83515625 0.32890625 0.0109375 0.009375
0 0.9671875 0.203125 0.0109375 0.0109375