0 0.8078125 0.45625 0.0359375 0.034375
0 0.9125 0.58828125 0.01171875 0.01171875
0 0.1203125 0.06953125 0.0125 0.0125
0 0.0578125 0.44609375 0.03515625 0.0328125
0 0.0109375 0.834375 0.021875 0.028125
0 0.1703125 0.584375 0.02421875 0.02265625
0 0.16875 0.49609375 0.0234375 0.021875
0 0.1546875 0.4890625 0.0203125 0.01875
0 0.21484375 0.59921875 0.05390625 0.05078125
0 0.35546875 0.91796875 0.01171875 0.01171875
0 0.553125 0.8734375 0.01484375 0.0140625
0 0.65625 0.67109375 0.015625 0.01484375
0 0.8296875 0.91875 0.0171875 0.01640625
0 0.93359375 0.74375 0.071875 0.0671875
0 0.68046875 0.37578125 0.0109375 0.0109375
0 0.41328125 0.3703125 0.0109375 0.009375
0 0.24453125 0.36796875 0.0125 0.01171875
0 0.6234375 0.7625 0.0109375 0.009375
0 0.703125 0.97734375 0.01171875 0.0109375