0 0.87421875 0.0640625 0.015625 0.01484375
0 0.9125 0.8421875 0.0203125 0.01953125
0 0.8453125 0.621875 0.01484375 0.0140625
0 0.7828125 0.590625 0.01171875 0.0109375
0 0.98515625 0.3171875 0.0109375 0.0109375
0 0.609375 0.4484375 0.053125 0.05078125
0 0.77421875 0.25078125 0.025 0.02421875
0 0.4640625 0.58515625 0.02421875 0.0234375
0 0.43125 0.40078125 0.015625 0.01484375
0 0.45 0.371875 0.0203125 0.01953125
0 0.3125 0.2703125 0.01484375 0.0140625
0 0.13125 0.25546875 0.08125 0.0765625
0 0.0484375 0.69609375 0.01875 0.0171875
0 0.04296875 0.709375 0.0234375 0.021875
0 0.18671875 0.6640625 0.0109375 0.009375
0 0.36484375 0.2484375 0.15234375 0.14453125
0 0.35703125 0.12265625 0.01484375 0.01328125
0 0.18671875 0.9484375 0.01171875 0.0109375
0 0.5484375 0.96640625 0.01171875 0.0109375
0 0.028125 0.17578125 0.05546875 0.0640625
0 0.44453125 0.171875 0.01171875 0.0109375
0 0.16875 0.45234375 0.0109375 0.0109375
0 0.15859375 0.45625 0.0109375 0.009375
0 0.80703125 0.3328125 0.0328125 0.03125
0 0.96875 0.53828125 0.0109375 0.009375
0 0.4609375 0.8921875 0.0109375 0.0109375
0 0.43125 0.78984375 0.01171875 0.01171875
0 0.12109375 0.74375 0.01171875 0.0109375
0 0.0953125 0.62421875 0.0125 0.01171875