0 0.45625 0.1921875 0.034375 0.0359375
0 0.58828125 0.0875 0.0125 0.0125
0 0.06953125 0.8796875 0.0125 0.0125
0 0.44609375 0.9421875 0.0328125 0.0359375
0 0.834375 0.9890625 0.028125 0.021875
0 0.584375 0.8296875 0.021875 0.025
0 0.49609375 0.83125 0.021875 0.0234375
0 0.4890625 0.8453125 0.01875 0.0203125
0 0.59921875 0.78515625 0.05 0.053125
0 0.91796875 0.64453125 0.0125 0.0125
0 0.8734375 0.446875 0.0140625 0.015625
0 0.67109375 0.34375 0.015625 0.015625
0 0.91875 0.1703125 0.015625 0.0171875
0 0.74375 0.06640625 0.0671875 0.071875
0 0.37578125 0.31953125 0.0109375 0.0109375
0 0.3703125 0.58671875 0.009375 0.0109375
0 0.36796875 0.75546875 0.0125 0.0125
0 0.7625 0.3765625 0.009375 0.0109375
0 0.97734375 0.296875 0.0109375 0.0125