0 0.8328125 0.2375 0.0234375 0.02265625
0 0.6640625 0.215625 0.0609375 0.0578125
0 0.7328125 0.08359375 0.0125 0.0125
0 0.2890625 0.19140625 0.01171875 0.0109375
0 0.2453125 0.259375 0.06171875 0.05859375
0 0.04765625 0.0953125 0.0203125 0.01953125
0 0.0515625 0.2359375 0.009375 0.009375
0 0.21875 0.50703125 0.075 0.071875
0 0.43125 0.71875 0.01640625 0.015625
0 0.68359375 0.6046875 0.01171875 0.01171875
0 0.8015625 0.91015625 0.0140625 0.0140625
0 0.76875 0.5328125 0.01484375 0.0140625
0 0.19453125 0.45390625 0.0640625 0.06171875
0 0.28515625 0.24296875 0.0109375 0.0109375
0 0.16484375 0.67109375 0.0109375 0.009375
0 0.0328125 0.796875 0.0109375 0.0109375