0 0.6671875 0.13671875 0.0140625 0.0140625
0 0.98828125 0.4046875 0.0234375 0.040625
0 0.9609375 0.29609375 0.01875 0.01875
0 0.92890625 0.4390625 0.01640625 0.01640625
0 0.7296875 0.26796875 0.05625 0.05625
0 0.78359375 0.7203125 0.0421875 0.0421875
0 0.6984375 0.72265625 0.0265625 0.0265625
0 0.790625 0.87265625 0.0296875 0.0296875
0 0.81484375 0.90703125 0.025 0.025
0 0.459375 0.65546875 0.06640625 0.06640625
0 0.23984375 0.4265625 0.034375 0.034375
0 0.165625 0.41640625 0.0375 0.0375
0 0.15390625 0.6671875 0.034375 0.034375
0 0.07578125 0.80390625 0.07890625 0.07890625
0 0.52421875 0.5875 0.0234375 0.0234375
0 0.79453125 0.3234375 0.0328125 0.0328125
0 0.48046875 0.18203125 0.01640625 0.01640625
0 0.315625 0.11484375 0.0125 0.0125
0 0.225 0.4328125 0.0109375 0.0109375
0 0.7453125 0.6421875 0.0171875 0.0171875
0 0.67265625 0.81953125 0.015625 0.015625
0 0.678125 0.8609375 0.0109375 0.0109375
0 0.41015625 0.86171875 0.01171875 0.01171875
0 0.02265625 0.78984375 0.015625 0.015625