0 0.6671875 0.86328125 0.0140625 0.0140625
0 0.98828125 0.5953125 0.0234375 0.040625
0 0.9609375 0.70390625 0.01875 0.01875
0 0.92890625 0.5609375 0.015625 0.015625
0 0.7296875 0.73203125 0.05625 0.05625
0 0.78359375 0.2796875 0.0421875 0.0421875
0 0.6984375 0.27734375 0.0265625 0.0265625
0 0.790625 0.12734375 0.0296875 0.0296875
0 0.81484375 0.09296875 0.025 0.025
0 0.459375 0.34453125 0.065625 0.065625
0 0.23984375 0.5734375 0.034375 0.034375
0 0.165625 0.58359375 0.0375 0.0375
0 0.15390625 0.3328125 0.034375 0.034375
0 0.07578125 0.19609375 0.0796875 0.078125
0 0.52421875 0.4125 0.0234375 0.0234375
0 0.79453125 0.6765625 0.0328125 0.0328125
0 0.48046875 0.81796875 0.015625 0.015625
0 0.315625 0.88515625 0.0125 0.0125
0 0.225 0.5671875 0.0109375 0.0109375
0 0.7453125 0.3578125 0.0171875 0.0171875
0 0.67265625 0.18046875 0.015625 0.015625
0 0.678125 0.1390625 0.0109375 0.0109375
0 0.41015625 0.13828125 0.0125 0.0125
0 0.02265625 0.21015625 0.015625 0.015625