0 0.2671875 0.4546875 0.1625 0.15
0 0.7 0.1859375 0.01875 0.01640625
0 0.6140625 0.85625 0.08984375 0.084375
0 0.4609375 0.6578125 0.028125 0.0265625
0 0.528125 0.60859375 0.0296875 0.0265625
0 0.10859375 0.91875 0.08203125 0.0765625
0 0.1078125 0.79140625 0.01640625 0.01484375
0 0.07734375 0.77578125 0.0375 0.034375
0 0.3609375 0.8359375 0.2953125 0.27421875
0 0.02421875 0.609375 0.0125 0.01171875
0 0.865625 0.19140625 0.01484375 0.0140625
0 0.17265625 0.09609375 0.0109375 0.009375
0 0.3640625 0.428125 0.01171875 0.0109375
0 0.6609375 0.43515625 0.01171875 0.0109375