0 0.5453125 0.2671875 0.15 0.1625
0 0.8140625 0.7 0.015625 0.01875
0 0.14375 0.6140625 0.084375 0.090625
0 0.3421875 0.4609375 0.0265625 0.028125
0 0.39140625 0.528125 0.0265625 0.0296875
0 0.08125 0.10859375 0.0765625 0.08125
0 0.20859375 0.1078125 0.015625 0.015625
0 0.22421875 0.07734375 0.034375 0.0375
0 0.1640625 0.3609375 0.275 0.2953125
0 0.390625 0.02421875 0.0125 0.0125
0 0.80859375 0.865625 0.0140625 0.015625
0 0.90390625 0.17265625 0.009375 0.0109375
0 0.571875 0.3640625 0.0109375 0.0125
0 0.56484375 0.6609375 0.0109375 0.0125