0 0.7328125 0.4546875 0.1625 0.15
0 0.3 0.1859375 0.01875 0.015625
0 0.3859375 0.85625 0.090625 0.084375
0 0.5390625 0.6578125 0.028125 0.0265625
0 0.471875 0.60859375 0.0296875 0.0265625
0 0.89140625 0.91875 0.08125 0.0765625
0 0.8921875 0.79140625 0.015625 0.015625
0 0.92265625 0.77578125 0.0375 0.034375
0 0.6390625 0.8359375 0.2953125 0.275
0 0.97578125 0.609375 0.0125 0.0125
0 0.134375 0.19140625 0.015625 0.0140625
0 0.82734375 0.09609375 0.0109375 0.009375
0 0.6359375 0.428125 0.0125 0.0109375
0 0.3390625 0.43515625 0.0125 0.0109375