0 0.3328125 0.13671875 0.0140625 0.0140625
0 0.01171875 0.4046875 0.0234375 0.040625
0 0.0390625 0.29609375 0.01875 0.01875
0 0.07109375 0.4390625 0.015625 0.015625
0 0.2703125 0.26796875 0.05625 0.05625
0 0.21640625 0.7203125 0.0421875 0.0421875
0 0.3015625 0.72265625 0.0265625 0.0265625
0 0.209375 0.87265625 0.0296875 0.0296875
0 0.18515625 0.90703125 0.025 0.025
0 0.540625 0.65546875 0.065625 0.065625
0 0.76015625 0.4265625 0.034375 0.034375
0 0.834375 0.41640625 0.0375 0.0375
0 0.84609375 0.6671875 0.034375 0.034375
0 0.92421875 0.80390625 0.078125 0.0796875
0 0.47578125 0.5875 0.0234375 0.0234375
0 0.20546875 0.3234375 0.0328125 0.0328125
0 0.51953125 0.18203125 0.015625 0.015625
0 0.684375 0.11484375 0.0125 0.0125
0 0.775 0.4328125 0.0109375 0.0109375
0 0.2546875 0.6421875 0.0171875 0.0171875
0 0.32734375 0.81953125 0.015625 0.015625
0 0.321875 0.8609375 0.0109375 0.0109375
0 0.58984375 0.86171875 0.0125 0.0125
0 0.97734375 0.78984375 0.015625 0.015625