0 0.09453125 0.059375 0.0546875 0.05625
0 0.39140625 0.05 0.021875 0.021875
0 0.521875 0.41875 0.0984375 0.1
0 0.57109375 0.4671875 0.0125 0.0125
0 0.90078125 0.63984375 0.040625 0.040625
0 0.4515625 0.6875 0.015625 0.0171875
0 0.46015625 0.6546875 0.021875 0.021875
0 0.53828125 0.7015625 0.05625 0.05625
0 0.28984375 0.7109375 0.0453125 0.0453125
0 0.27265625 0.8625 0.0125 0.0109375
0 0.94453125 0.14921875 0.0390625 0.0390625
0 0.94453125 0.928125 0.040625 0.040625
0 0.196875 0.13984375 0.0125 0.0140625
0 0.2078125 0.27734375 0.0109375 0.0109375
0 0.18671875 0.5953125 0.015625 0.015625
0 0.67890625 0.659375 0.0109375 0.0109375
0 0.68984375 0.4578125 0.015625 0.015625
0 0.56484375 0.24765625 0.0125 0.0125
0 0.43203125 0.09609375 0.0171875 0.0171875
0 0.75546875 0.06875 0.015625 0.015625