0 0.90546875 0.059375 0.0546875 0.05625
0 0.60859375 0.05 0.021875 0.021875
0 0.478125 0.41875 0.0984375 0.1
0 0.42890625 0.4671875 0.0125 0.0125
0 0.09921875 0.63984375 0.040625 0.040625
0 0.5484375 0.6875 0.015625 0.0171875
0 0.53984375 0.6546875 0.021875 0.021875
0 0.46171875 0.7015625 0.05625 0.05625
0 0.71015625 0.7109375 0.0453125 0.0453125
0 0.72734375 0.8625 0.0125 0.0109375
0 0.05546875 0.14921875 0.0390625 0.0390625
0 0.05546875 0.928125 0.040625 0.040625
0 0.803125 0.13984375 0.0125 0.0140625
0 0.7921875 0.27734375 0.0109375 0.0109375
0 0.81328125 0.5953125 0.015625 0.015625
0 0.32109375 0.659375 0.0109375 0.0109375
0 0.31015625 0.4578125 0.015625 0.015625
0 0.43515625 0.24765625 0.0125 0.0125
0 0.56796875 0.09609375 0.0171875 0.0171875
0 0.24453125 0.06875 0.015625 0.015625