0 0.953125 0.89765625 0.0265625 0.025
0 0.8703125 0.959375 0.0578125 0.053125
0 0.45546875 0.24609375 0.034375 0.03125
0 0.0921875 0.3078125 0.040625 0.0375
0 0.12734375 0.77265625 0.028125 0.0265625
0 0.0796875 0.72109375 0.04375 0.0375
0 0.54921875 0.98203125 0.028125 0.0265625
0 0.12265625 0.6734375 0.0890625 0.08125
0 0.10546875 0.37109375 0.0984375 0.090625
0 0.2359375 0.6703125 0.065625 0.059375
0 0.62265625 0.45546875 0.05625 0.05
0 0.27734375 0.90859375 0.065625 0.059375
0 0.27734375 0.978125 0.059375 0.04375
0 0.5875 0.69140625 0.0359375 0.034375
0 0.8375 0.63203125 0.053125 0.05