0 0.953125 0.10234375 0.0265625 0.02421875
0 0.8703125 0.040625 0.0578125 0.053125
0 0.45546875 0.75390625 0.03359375 0.03125
0 0.0921875 0.6921875 0.040625 0.03828125
0 0.12734375 0.22734375 0.02890625 0.0265625
0 0.0796875 0.27890625 0.04296875 0.03828125
0 0.54921875 0.01796875 0.02890625 0.0265625
0 0.12265625 0.3265625 0.0890625 0.08203125
0 0.10546875 0.62890625 0.0984375 0.09140625
0 0.2359375 0.3296875 0.06484375 0.06015625
0 0.62265625 0.54453125 0.05546875 0.05078125
0 0.27734375 0.09140625 0.06484375 0.06015625
0 0.27734375 0.021875 0.06015625 0.04296875
0 0.5875 0.30859375 0.0359375 0.03359375
0 0.8375 0.36796875 0.053125 0.05078125