0 0.046875 0.10234375 0.0265625 0.025
0 0.1296875 0.040625 0.0578125 0.053125
0 0.54453125 0.75390625 0.034375 0.03125
0 0.9078125 0.6921875 0.040625 0.0375
0 0.87265625 0.22734375 0.028125 0.0265625
0 0.9203125 0.27890625 0.04375 0.0375
0 0.45078125 0.01796875 0.028125 0.0265625
0 0.87734375 0.3265625 0.0890625 0.08125
0 0.89453125 0.62890625 0.0984375 0.090625
0 0.7640625 0.3296875 0.065625 0.059375
0 0.37734375 0.54453125 0.05625 0.05
0 0.72265625 0.09140625 0.065625 0.059375
0 0.72265625 0.021875 0.059375 0.04375
0 0.4125 0.30859375 0.0359375 0.034375
0 0.1625 0.36796875 0.053125 0.05