0 0.12109375 0.35078125 0.01484375 0.0125
0 0.13359375 0.015625 0.01484375 0.0140625
0 0.15859375 0.2875 0.021875 0.01953125
0 0.278125 0.2875 0.0140625 0.01171875
0 0.1265625 0.04375 0.01171875 0.0109375
0 0.11640625 0.1515625 0.0140625 0.0125
0 0.46171875 0.1515625 0.015625 0.01484375
0 0.621875 0.32109375 0.025 0.02265625
0 0.446875 0.0671875 0.1 0.090625
0 0.490625 0.0265625 0.07109375 0.053125
0 0.61640625 0.0109375 0.0265625 0.021875
0 0.64140625 0.11875 0.0203125 0.01875
0 0.2875 0.2296875 0.0109375 0.009375
0 0.1890625 0.096875 0.03203125 0.0296875
0 0.21640625 0.00859375 0.01875 0.01640625
0 0.26875 0.05546875 0.02734375 0.025
0 0.72421875 0.0046875 0.0171875 0.00859375
0 0.89921875 0.025 0.02421875 0.02265625
0 0.93359375 0.0578125 0.01484375 0.0140625
0 0.8421875 0.0515625 0.0796875 0.0734375
0 0.740625 0.1 0.06328125 0.05859375
0 0.621875 0.22890625 0.0140625 0.0125
0 0.73125 0.2546875 0.0375 0.0328125
0 0.6984375 0.33125 0.0140625 0.0125
0 0.7296875 0.3703125 0.01953125 0.0171875
0 0.8953125 0.44375 0.0125 0.01171875
0 0.5765625 0.465625 0.0109375 0.009375
0 0.51328125 0.4578125 0.3125 0.2828125
0 0.45859375 0.57890625 0.0109375 0.009375
0 0.390625 0.23828125 0.01171875 0.009375
0 0.95546875 0.66875 0.03984375 0.0359375
0 0.809375 0.77421875 0.025 0.0234375
0 0.8109375 0.54375 0.021875 0.01953125
0 0.89921875 0.83125 0.01171875 0.009375
0 0.8328125 0.88203125 0.01484375 0.0125
0 0.6828125 0.9546875 0.0203125 0.01875
0 0.82265625 0.975 0.01171875 0.0109375
0 0.896875 0.9515625 0.0125 0.0109375
0 0.95390625 0.95 0.02421875 0.021875
0 0.87890625 0.9171875 0.0125 0.01171875
0 0.85703125 0.91484375 0.0125 0.01171875
0 0.64765625 0.7640625 0.02265625 0.0203125
0 0.5109375 0.975 0.01875 0.01640625
0 0.6203125 0.82890625 0.2484375 0.2234375
0 0.596875 0.67265625 0.0125 0.0109375
0 0.41640625 0.7359375 0.0140625 0.0125
0 0.32109375 0.59609375 0.01953125 0.0171875
0 0.25078125 0.93359375 0.0125 0.0109375
0 0.215625 0.59375 0.1953125 0.1765625
0 0.0203125 0.7203125 0.01640625 0.01484375
0 0.93125 0.05390625 0.0109375 0.009375
0 0.93046875 0.0875 0.0328125 0.03046875
0 0.7578125 0.02265625 0.0125 0.01171875
0 0.19609375 0.059375 0.0171875 0.015625
0 0.1703125 0.08828125 0.02265625 0.0203125
0 0.021875 0.08125 0.01875 0.01640625
0 0.1578125 0.11171875 0.0125 0.01171875
0 0.165625 0.10625 0.0125 0.0109375
0 0.5984375 0.31171875 0.01171875 0.0109375
0 0.9796875 0.1453125 0.01171875 0.0109375
0 0.8390625 0.59921875 0.01171875 0.0109375
0 0.4625 0.64296875 0.01171875 0.009375
0 0.08671875 0.86796875 0.01171875 0.0109375
0 0.15390625 0.0375 0.0140625 0.0125
0 0.4703125 0.809375 0.0234375 0.021875