0 0.64921875 0.12109375 0.0125 0.015625
0 0.984375 0.13359375 0.0140625 0.015625
0 0.7125 0.15859375 0.01875 0.021875
0 0.7125 0.278125 0.0125 0.0140625
0 0.95625 0.1265625 0.0109375 0.0125
0 0.8484375 0.11640625 0.0125 0.0140625
0 0.8484375 0.46171875 0.015625 0.015625
0 0.67890625 0.621875 0.021875 0.025
0 0.9328125 0.446875 0.090625 0.1
0 0.9734375 0.490625 0.053125 0.071875
0 0.9890625 0.61640625 0.021875 0.0265625
0 0.88125 0.64140625 0.01875 0.0203125
0 0.7703125 0.2875 0.009375 0.0109375
0 0.903125 0.1890625 0.0296875 0.03125
0 0.99140625 0.21640625 0.015625 0.01875
0 0.94453125 0.26875 0.025 0.028125
0 0.9953125 0.72421875 0.009375 0.0171875
0 0.975 0.89921875 0.021875 0.025
0 0.9421875 0.93359375 0.0140625 0.015625
0 0.9484375 0.8421875 0.0734375 0.0796875
0 0.9 0.740625 0.059375 0.0625
0 0.77109375 0.621875 0.0125 0.0140625
0 0.7453125 0.73125 0.0328125 0.0375
0 0.66875 0.6984375 0.0125 0.0140625
0 0.6296875 0.7296875 0.0171875 0.01875
0 0.55625 0.8953125 0.0125 0.0125
0 0.534375 0.5765625 0.009375 0.0109375
0 0.5421875 0.51328125 0.2828125 0.3125
0 0.42109375 0.45859375 0.009375 0.0109375
0 0.76171875 0.390625 0.009375 0.0125
0 0.33125 0.95546875 0.0359375 0.040625
0 0.22578125 0.809375 0.0234375 0.025
0 0.45625 0.8109375 0.01875 0.021875
0 0.16875 0.89921875 0.009375 0.0125
0 0.11796875 0.8328125 0.0125 0.015625
0 0.0453125 0.6828125 0.01875 0.0203125
0 0.025 0.82265625 0.0109375 0.0125
0 0.0484375 0.896875 0.0109375 0.0125
0 0.05 0.95390625 0.021875 0.025
0 0.0828125 0.87890625 0.0125 0.0125
0 0.08515625 0.85703125 0.0125 0.0125
0 0.2359375 0.64765625 0.0203125 0.021875
0 0.025 0.5109375 0.015625 0.01875
0 0.17109375 0.6203125 0.2234375 0.2484375
0 0.32734375 0.596875 0.0109375 0.0125
0 0.2640625 0.41640625 0.0125 0.0140625
0 0.40390625 0.32109375 0.0171875 0.01875
0 0.06640625 0.25078125 0.0109375 0.0125
0 0.40625 0.215625 0.1765625 0.1953125
0 0.2796875 0.0203125 0.015625 0.015625
0 0.94609375 0.93125 0.009375 0.0109375
0 0.9125 0.93046875 0.03125 0.0328125
0 0.97734375 0.7578125 0.0125 0.0125
0 0.940625 0.19609375 0.015625 0.0171875
0 0.91171875 0.1703125 0.0203125 0.021875
0 0.91875 0.021875 0.015625 0.01875
0 0.88828125 0.1578125 0.0125 0.0125
0 0.89375 0.165625 0.0109375 0.0125
0 0.68828125 0.5984375 0.0109375 0.0125
0 0.8546875 0.9796875 0.0109375 0.0125
0 0.40078125 0.8390625 0.0109375 0.0125
0 0.35703125 0.4625 0.009375 0.0125
0 0.13203125 0.08671875 0.0109375 0.0125
0 0.9625 0.15390625 0.0125 0.0140625
0 0.190625 0.4703125 0.021875 0.0234375