0 0.084375 0.50625 0.03828125 0.0359375
0 0.3171875 0.0671875 0.02890625 0.02890625
0 0.4015625 0.3640625 0.03828125 0.03828125
0 0.7765625 0.02421875 0.084375 0.0484375
0 0.9265625 0.5453125 0.11328125 0.1109375
0 0.72734375 0.40390625 0.06484375 0.06484375
0 0.453125 0.334375 0.0453125 0.04296875
0 0.7765625 0.21015625 0.03828125 0.03828125
0 0.353125 0.103125 0.02890625 0.02890625
0 0.58984375 0.9375 0.03359375 0.03359375
0 0.7859375 0.1828125 0.41328125 0.365625
0 0.4375 0.96953125 0.196875 0.0609375