0 0.87890625 0.64921875 0.015625 0.0125
0 0.86640625 0.984375 0.015625 0.0140625
0 0.84140625 0.7125 0.021875 0.01875
0 0.721875 0.7125 0.0140625 0.0125
0 0.8734375 0.95625 0.0125 0.0109375
0 0.88359375 0.8484375 0.0140625 0.0125
0 0.53828125 0.8484375 0.015625 0.015625
0 0.378125 0.67890625 0.025 0.021875
0 0.553125 0.9328125 0.1 0.090625
0 0.509375 0.9734375 0.071875 0.053125
0 0.38359375 0.9890625 0.0265625 0.021875
0 0.35859375 0.88125 0.0203125 0.01875
0 0.7125 0.7703125 0.0109375 0.009375
0 0.8109375 0.903125 0.03125 0.0296875
0 0.78359375 0.99140625 0.01875 0.015625
0 0.73125 0.94453125 0.028125 0.025
0 0.27578125 0.9953125 0.0171875 0.009375
0 0.10078125 0.975 0.025 0.021875
0 0.06640625 0.9421875 0.015625 0.0140625
0 0.1578125 0.9484375 0.0796875 0.0734375
0 0.259375 0.9 0.0625 0.059375
0 0.378125 0.77109375 0.0140625 0.0125
0 0.26875 0.7453125 0.0375 0.0328125
0 0.3015625 0.66875 0.0140625 0.0125
0 0.2703125 0.6296875 0.01875 0.0171875
0 0.1046875 0.55625 0.0125 0.0125
0 0.4234375 0.534375 0.0109375 0.009375
0 0.48671875 0.5421875 0.3125 0.2828125
0 0.54140625 0.42109375 0.0109375 0.009375
0 0.609375 0.76171875 0.0125 0.009375
0 0.04453125 0.33125 0.040625 0.0359375
0 0.190625 0.22578125 0.025 0.0234375
0 0.1890625 0.45625 0.021875 0.01875
0 0.10078125 0.16875 0.0125 0.009375
0 0.1671875 0.11796875 0.015625 0.0125
0 0.3171875 0.0453125 0.0203125 0.01875
0 0.17734375 0.025 0.0125 0.0109375
0 0.103125 0.0484375 0.0125 0.0109375
0 0.04609375 0.05 0.025 0.021875
0 0.12109375 0.0828125 0.0125 0.0125
0 0.14296875 0.08515625 0.0125 0.0125
0 0.35234375 0.2359375 0.021875 0.0203125
0 0.4890625 0.025 0.01875 0.015625
0 0.3796875 0.17109375 0.2484375 0.2234375
0 0.403125 0.32734375 0.0125 0.0109375
0 0.58359375 0.2640625 0.0140625 0.0125
0 0.67890625 0.40390625 0.01875 0.0171875
0 0.74921875 0.06640625 0.0125 0.0109375
0 0.784375 0.40625 0.1953125 0.1765625
0 0.9796875 0.2796875 0.015625 0.015625
0 0.06875 0.94609375 0.0109375 0.009375
0 0.06953125 0.9125 0.0328125 0.03125
0 0.2421875 0.97734375 0.0125 0.0125
0 0.80390625 0.940625 0.0171875 0.015625
0 0.8296875 0.91171875 0.021875 0.0203125
0 0.978125 0.91875 0.01875 0.015625
0 0.8421875 0.88828125 0.0125 0.0125
0 0.834375 0.89375 0.0125 0.0109375
0 0.4015625 0.68828125 0.0125 0.0109375
0 0.0203125 0.8546875 0.0125 0.0109375
0 0.1609375 0.40078125 0.0125 0.0109375
0 0.5375 0.35703125 0.0125 0.009375
0 0.91328125 0.13203125 0.0125 0.0109375
0 0.84609375 0.9625 0.0140625 0.0125
0 0.5296875 0.190625 0.0234375 0.021875