0 0.971875 0.01640625 0.0109375 0.0109375
0 0.9859375 0.0625 0.009375 0.0109375
0 0.653125 0.3296875 0.0203125 0.01953125
0 0.60703125 0.2703125 0.0234375 0.02265625
0 0.10234375 0.23359375 0.1890625 0.1828125
0 0.01953125 0.85546875 0.0125 0.0125
0 0.1796875 0.71171875 0.01171875 0.0109375
0 0.38984375 0.9484375 0.03984375 0.0390625
0 0.45 0.8296875 0.015625 0.01484375
0 0.51796875 0.5109375 0.0296875 0.028125
0 0.71640625 0.8203125 0.01171875 0.01171875
0 0.9015625 0.8640625 0.02421875 0.0234375
0 0.98515625 0.89140625 0.015625 0.01484375
0 0.5625 0.6328125 0.0171875 0.0171875
0 0.4671875 0.61640625 0.01171875 0.01171875
0 0.7296875 0.45390625 0.0296875 0.028125
0 0.7390625 0.98359375 0.0109375 0.0109375