0 0.01640625 0.028125 0.0109375 0.0109375
0 0.0625 0.0140625 0.0109375 0.009375
0 0.3296875 0.346875 0.01875 0.0203125
0 0.2703125 0.39296875 0.021875 0.0234375
0 0.23359375 0.89765625 0.1828125 0.1890625
0 0.85546875 0.98046875 0.0125 0.0125
0 0.71171875 0.8203125 0.0109375 0.0125
0 0.9484375 0.61015625 0.0390625 0.0390625
0 0.8296875 0.55 0.015625 0.015625
0 0.5109375 0.48203125 0.028125 0.0296875
0 0.8203125 0.28359375 0.0125 0.0125
0 0.8640625 0.0984375 0.0234375 0.025
0 0.89140625 0.01484375 0.015625 0.015625
0 0.6328125 0.4375 0.0171875 0.0171875
0 0.61640625 0.5328125 0.0125 0.0125
0 0.45390625 0.2703125 0.028125 0.0296875
0 0.98359375 0.2609375 0.0109375 0.0109375