0 0.98359375 0.971875 0.0109375 0.0109375
0 0.9375 0.9859375 0.0109375 0.009375
0 0.6703125 0.653125 0.01875 0.0203125
0 0.7296875 0.60703125 0.021875 0.0234375
0 0.76640625 0.10234375 0.1828125 0.1890625
0 0.14453125 0.01953125 0.0125 0.0125
0 0.28828125 0.1796875 0.0109375 0.0125
0 0.0515625 0.38984375 0.0390625 0.040625
0 0.1703125 0.45 0.015625 0.015625
0 0.4890625 0.51796875 0.028125 0.0296875
0 0.1796875 0.71640625 0.0125 0.0125
0 0.1359375 0.9015625 0.0234375 0.025
0 0.10859375 0.98515625 0.015625 0.015625
0 0.3671875 0.5625 0.0171875 0.0171875
0 0.38359375 0.4671875 0.0125 0.0125
0 0.54609375 0.7296875 0.028125 0.0296875
0 0.01640625 0.7390625 0.0109375 0.0109375