0 0.465625 0.38046875 0.0140625 0.0125
0 0.66875 0.52421875 0.0140625 0.0140625
0 0.69296875 0.184375 0.03515625 0.034375
0 0.52734375 0.7609375 0.0109375 0.009375
0 0.04765625 0.9765625 0.01953125 0.01953125
0 0.790625 0.41640625 0.01171875 0.0109375
0 0.50625 0.52890625 0.0109375 0.0109375
0 0.38359375 0.515625 0.0109375 0.0109375
0 0.2546875 0.2796875 0.0109375 0.0109375
0 0.08671875 0.93359375 0.0140625 0.0140625
0 0.27109375 0.9171875 0.0109375 0.009375
0 0.646875 0.6515625 0.0203125 0.01953125