0 0.23515625 0.34609375 0.2046875 0.1890625
0 0.60234375 0.22578125 0.01640625 0.015625
0 0.95234375 0.2234375 0.0125 0.01171875
0 0.93828125 0.7453125 0.021875 0.01953125
0 0.88046875 0.83125 0.0109375 0.009375
0 0.3625 0.82109375 0.0171875 0.015625
0 0.04765625 0.19140625 0.01875 0.0171875
0 0.73984375 0.18046875 0.0109375 0.009375
0 0.490625 0.07734375 0.01484375 0.0140625
0 0.24765625 0.29453125 0.0125 0.01171875
0 0.33671875 0.33671875 0.0140625 0.0125
0 0.44375 0.22109375 0.0109375 0.009375
0 0.7703125 0.63359375 0.01171875 0.0109375
0 0.0046875 0.5703125 0.009375 0.0109375