0 0.734375 0.803125 0.1125 0.128125
0 0.59609375 0.94140625 0.0359375 0.040625
0 0.99296875 0.078125 0.0140625 0.034375
0 0.5875 0.01796875 0.0265625 0.01875
0 0.2171875 0.16015625 0.028125 0.03125
0 0.421875 0.40625 0.03125 0.034375
0 0.06875 0.4734375 0.0484375 0.05625
0 0.18125 0.86171875 0.0265625 0.03125
0 0.22734375 0.77421875 0.0265625 0.028125
0 0.25859375 0.46875 0.028125 0.034375
0 0.33515625 0.50390625 0.065625 0.071875
0 0.53984375 0.63671875 0.028125 0.034375
0 0.97109375 0.975 0.03125 0.034375
0 0.18515625 0.45546875 0.034375 0.0375
0 0.16015625 0.4671875 0.028125 0.03125
0 0.24296875 0.49375 0.0265625 0.028125
0 0.375 0.509375 0.0375 0.04375
0 0.4015625 0.5375 0.03125 0.0359375
0 0.2796875 0.0984375 0.028125 0.03125
0 0.35703125 0.0984375 0.028125 0.03125
0 0.30859375 0.4734375 0.0359375 0.040625
0 0.3390625 0.49140625 0.0359375 0.0375
0 0.84921875 0.54765625 0.3015625 0.8640625