0 0.196875 0.734375 0.12734375 0.11328125
0 0.05859375 0.59609375 0.040625 0.0359375
0 0.921875 0.99296875 0.03359375 0.0140625
0 0.98203125 0.5875 0.01953125 0.0265625
0 0.83984375 0.2171875 0.03125 0.02890625
0 0.59375 0.421875 0.03359375 0.03125
0 0.5265625 0.06875 0.05546875 0.0484375
0 0.13828125 0.18125 0.03125 0.0265625
0 0.22578125 0.22734375 0.02890625 0.0265625
0 0.53125 0.25859375 0.03359375 0.02890625
0 0.49609375 0.33515625 0.071875 0.06484375
0 0.36328125 0.53984375 0.03359375 0.02890625
0 0.025 0.97109375 0.03359375 0.03125
0 0.54453125 0.18515625 0.03828125 0.03359375
0 0.5328125 0.16015625 0.03125 0.02890625
0 0.50625 0.24296875 0.02890625 0.0265625
0 0.490625 0.375 0.04296875 0.03828125
0 0.4625 0.4015625 0.0359375 0.03125
0 0.9015625 0.2796875 0.03125 0.02890625
0 0.9015625 0.35703125 0.03125 0.02890625
0 0.5265625 0.30859375 0.040625 0.0359375
0 0.50859375 0.3390625 0.03828125 0.0359375
0 0.45234375 0.84921875 0.8640625 0.3015625