0 0.8546875 0.034375 0.0640625 0.0609375
0 0.5984375 0.0859375 0.0203125 0.01875
0 0.32421875 0.07109375 0.0125 0.01171875
0 0.1015625 0.14375 0.203125 0.225
0 0.24375 0.1703125 0.053125 0.05
0 0.52734375 0.23515625 0.01484375 0.0140625
0 0.5203125 0.26796875 0.03046875 0.028125
0 0.17265625 0.34296875 0.025 0.02421875
0 0.38984375 0.4953125 0.015625 0.01484375
0 0.38359375 0.24921875 0.01484375 0.0140625
0 0.1359375 0.31953125 0.02265625 0.0203125
0 0.58359375 0.24296875 0.01640625 0.015625
0 0.578125 0.134375 0.0265625 0.02421875
0 0.61875 0.1140625 0.05078125 0.046875
0 0.7953125 0.1890625 0.01484375 0.0140625
0 0.7578125 0.26484375 0.015625 0.01484375
0 0.634375 0.3390625 0.01640625 0.015625
0 0.6296875 0.4296875 0.0140625 0.0125
0 0.8484375 0.44375 0.0171875 0.01640625
0 0.89921875 0.49375 0.0109375 0.0109375
0 0.7140625 0.27421875 0.1234375 0.1140625
0 0.5609375 0.721875 0.50390625 0.46796875
0 0.41328125 0.553125 0.015625 0.01484375
0 0.86953125 0.1234375 0.01953125 0.01875
0 0.86171875 0.91875 0.0125 0.01171875
0 0.86484375 0.9265625 0.0109375 0.009375
0 0.80234375 0.5609375 0.03984375 0.0375
0 0.375 0.75078125 0.01171875 0.0109375
0 0.31640625 0.82578125 0.0140625 0.0125
0 0.315625 0.80078125 0.0140625 0.0125
0 0.28984375 0.8609375 0.0125 0.01171875
0 0.15703125 0.8921875 0.01171875 0.01171875
0 0.075 0.815625 0.01171875 0.0109375
0 0.1546875 0.7671875 0.0109375 0.009375
0 0.021875 0.69375 0.0109375 0.009375
0 0.278125 0.89921875 0.0328125 0.03046875
0 0.13984375 0.8484375 0.2796875 0.278125
0 0.05234375 0.99453125 0.01484375 0.0109375
0 0.11171875 0.98359375 0.021875 0.0203125
0 0.35625 0.2328125 0.01484375 0.0140625
0 0.3546875 0.34921875 0.01484375 0.0140625
0 0.3421875 0.4265625 0.0140625 0.0125
0 0.3046875 0.6296875 0.0140625 0.0125
0 0.28984375 0.73671875 0.0140625 0.0125