0 0.1265625 0.709375 0.015625 0.015625
0 0.403125 0.5453125 0.034375 0.03125
0 0.55234375 0.46796875 0.0125 0.0109375
0 0.5046875 0.3484375 0.0125 0.0125
0 0.44140625 0.30859375 0.0125 0.0125
0 0.7671875 0.678125 0.015625 0.015625
0 0.753125 0.21796875 0.0125 0.0109375
0 0.77265625 0.20625 0.015625 0.015625
0 0.8875 0.18359375 0.028125 0.0265625
0 0.73203125 0.803125 0.0375 0.0359375
0 0.09453125 0.290625 0.0140625 0.0140625
0 0.05625 0.378125 0.0265625 0.025
0 0.10234375 0.9125 0.0171875 0.015625
0 0.40859375 0.78046875 0.0109375 0.009375
0 0.77265625 0.92265625 0.0125 0.0125