0 0.8734375 0.709375 0.01640625 0.015625
0 0.596875 0.5453125 0.034375 0.03203125
0 0.44765625 0.46796875 0.01171875 0.0109375
0 0.4953125 0.3484375 0.0125 0.01171875
0 0.55859375 0.30859375 0.0125 0.01171875
0 0.2328125 0.678125 0.015625 0.015625
0 0.246875 0.21796875 0.01171875 0.0109375
0 0.22734375 0.20625 0.015625 0.01484375
0 0.1125 0.18359375 0.028125 0.0265625
0 0.26796875 0.803125 0.03828125 0.0359375
0 0.90546875 0.290625 0.0140625 0.0140625
0 0.94375 0.378125 0.0265625 0.02421875
0 0.89765625 0.9125 0.0171875 0.01640625
0 0.59140625 0.78046875 0.0109375 0.009375
0 0.22734375 0.92265625 0.0125 0.01171875