0 0.9 0.1546875 0.121875 0.125
0 0.8796875 0.540625 0.0359375 0.0375
0 0.4109375 0.93046875 0.025 0.025
0 0.71953125 0.94453125 0.0125 0.0125
0 0.55546875 0.75703125 0.225 0.23125
0 0.5703125 0.4390625 0.025 0.0265625
0 0.34765625 0.1671875 0.015625 0.015625
0 0.70390625 0.10625 0.0125 0.0125
0 0.69375 0.16796875 0.009375 0.0109375
0 0.903125 0.146875 0.09375 0.096875
0 0.84609375 0.55390625 0.015625 0.015625
0 0.86015625 0.5109375 0.0109375 0.0109375
0 0.434375 0.9078125 0.0125 0.0125
0 0.52421875 0.77265625 0.0109375 0.0125
0 0.44765625 0.7125 0.015625 0.0171875
0 0.01484375 0.4 0.0125 0.0125
0 0.10703125 0.73359375 0.0140625 0.015625