0 0.8453125 0.9 0.125 0.121875
0 0.459375 0.8796875 0.0375 0.0359375
0 0.06953125 0.4109375 0.025 0.025
0 0.05546875 0.71953125 0.0125 0.0125
0 0.24296875 0.55546875 0.23125 0.225
0 0.5609375 0.5703125 0.0265625 0.025
0 0.8328125 0.34765625 0.015625 0.015625
0 0.89375 0.70390625 0.0125 0.0125
0 0.83203125 0.69375 0.0109375 0.009375
0 0.853125 0.903125 0.096875 0.09375
0 0.44609375 0.84609375 0.015625 0.015625
0 0.4890625 0.86015625 0.0109375 0.0109375
0 0.0921875 0.434375 0.0125 0.0125
0 0.22734375 0.52421875 0.0125 0.0109375
0 0.2875 0.44765625 0.0171875 0.015625
0 0.6 0.01484375 0.0125 0.0125
0 0.26640625 0.10703125 0.015625 0.0140625