0 0.02265625 0.565625 0.01171875 0.01171875
0 0.1828125 0.05 0.01875 0.01875
0 0.2125 0.41328125 0.015625 0.015625
0 0.34140625 0.45234375 0.0125 0.0125
0 0.41796875 0.30390625 0.0234375 0.0234375
0 0.42890625 0.075 0.01484375 0.01484375
0 0.66640625 0.06796875 0.04296875 0.04296875
0 0.80703125 0.05 0.01484375 0.01484375
0 0.7640625 0.1515625 0.01953125 0.01953125
0 0.55625 0.22578125 0.10234375 0.10234375
0 0.64375 0.28828125 0.10859375 0.10859375
0 0.65546875 0.5671875 0.01875 0.01875
0 0.78828125 0.46953125 0.015625 0.015625
0 0.39765625 0.66796875 0.0703125 0.0703125
0 0.47890625 0.7203125 0.04609375 0.04609375
0 0.8515625 0.39453125 0.02265625 0.02265625
0 0.96328125 0.4203125 0.0734375 0.1125
0 0.94609375 0.38125 0.01640625 0.01640625
0 0.96015625 0.63125 0.07890625 0.13671875
0 0.73671875 0.94375 0.0125 0.0125
0 0.7140625 0.990625 0.0171875 0.0171875
0 0.56171875 0.92890625 0.01640625 0.01640625
0 0.46796875 0.95390625 0.01484375 0.01484375
0 0.40546875 0.9640625 0.01484375 0.01484375
0 0.1484375 0.97421875 0.0125 0.0125
0 0.40625 0.7890625 0.0125 0.0125
0 0.2703125 0.81796875 0.0140625 0.0140625
0 0.278125 0.88125 0.015625 0.015625
0 0.2921875 0.753125 0.0109375 0.0109375
0 0.415625 0.7421875 0.01171875 0.01171875
0 0.09375 0.9359375 0.01875 0.01875
0 0.00078125 0.8390625 0.00078125 0.009375
0 0.334375 0.965625 0.015625 0.015625
0 0.0515625 0.1875 0.01171875 0.01171875
0 0.4328125 0.4125 0.0125 0.0125
0 0.1984375 0.2859375 0.009375 0.009375
0 0.6453125 0.8984375 0.01484375 0.01484375
0 0.62109375 0.9734375 0.01484375 0.01484375
0 0.46796875 0.96171875 0.01171875 0.01171875
0 0.0796875 0.9953125 0.01171875 0.009375
0 0.603125 0.9546875 0.015625 0.015625
0 0.70859375 0.96484375 0.0125 0.0125
0 0.1546875 0.32890625 0.009375 0.009375
0 0.2171875 0.2203125 0.01640625 0.01640625
0 0.29375 0.3921875 0.0125 0.0125
0 0.3265625 0.41328125 0.009375 0.009375
0 0.29609375 0.41015625 0.01171875 0.01171875
0 0.42421875 0.378125 0.015625 0.015625
0 0.4953125 0.278125 0.0109375 0.0109375
0 0.4875 0.284375 0.0109375 0.0109375
0 0.42890625 0.3390625 0.009375 0.009375
0 0.39765625 0.1640625 0.0171875 0.0171875
0 0.34609375 0.20390625 0.009375 0.009375
0 0.62578125 0.17734375 0.009375 0.009375
0 0.59140625 0.24921875 0.01171875 0.01171875
0 0.7640625 0.371875 0.01171875 0.01171875
0 0.775 0.1703125 0.0109375 0.0109375
0 0.9046875 0.13984375 0.01171875 0.01171875
0 0.896875 0.14921875 0.009375 0.009375
0 0.8375 0.4078125 0.0125 0.0125
0 0.66484375 0.478125 0.009375 0.009375
0 0.71015625 0.5640625 0.0109375 0.0109375
0 0.70234375 0.60625 0.015625 0.015625
0 0.765625 0.6609375 0.0140625 0.0140625
0 0.76875 0.6890625 0.01171875 0.01171875
0 0.7796875 0.67265625 0.0109375 0.0109375
0 0.4421875 0.76015625 0.009375 0.009375
0 0.07890625 0.63125 0.01171875 0.01171875
0 0.0421875 0.96796875 0.0109375 0.0109375
0 0.28984375 0.965625 0.009375 0.009375
0 0.428125 0.915625 0.01171875 0.01171875
0 0.409375 0.89140625 0.009375 0.009375
0 0.40703125 0.87265625 0.01171875 0.01171875
0 0.6265625 0.984375 0.01171875 0.00859375
0 0.57734375 0.92421875 0.0109375 0.0109375
0 0.57890625 0.93671875 0.01171875 0.01171875
0 0.5328125 0.9078125 0.0109375 0.0109375
0 0.5234375 0.86015625 0.0109375 0.0109375
0 0.5203125 0.86953125 0.0109375 0.0109375
0 0.6140625 0.89375 0.01171875 0.01171875
0 0.85625 0.79765625 0.009375 0.009375
0 0.86015625 0.78828125 0.009375 0.009375
0 0.846875 0.8453125 0.0109375 0.0109375
0 0.85 0.86171875 0.0109375 0.0109375
0 0.84453125 0.971875 0.009375 0.009375
0 0.63125 0.11796875 0.025 0.025
0 0.82265625 0.075 0.0234375 0.0234375