0 0.02265625 0.434375 0.0125 0.0125
0 0.1828125 0.95 0.01875 0.01875
0 0.2125 0.58671875 0.015625 0.015625
0 0.34140625 0.54765625 0.0125 0.0125
0 0.41796875 0.69609375 0.0234375 0.0234375
0 0.42890625 0.925 0.015625 0.015625
0 0.66640625 0.93203125 0.04375 0.04375
0 0.80703125 0.95 0.015625 0.015625
0 0.7640625 0.8484375 0.01875 0.01875
0 0.55625 0.77421875 0.103125 0.103125
0 0.64375 0.71171875 0.109375 0.109375
0 0.65546875 0.4328125 0.01875 0.01875
0 0.78828125 0.53046875 0.015625 0.015625
0 0.39765625 0.33203125 0.0703125 0.0703125
0 0.47890625 0.2796875 0.046875 0.046875
0 0.8515625 0.60546875 0.021875 0.021875
0 0.96328125 0.5796875 0.0734375 0.1125
0 0.94609375 0.61875 0.015625 0.015625
0 0.96015625 0.36875 0.078125 0.1375
0 0.73671875 0.05625 0.0125 0.0125
0 0.7140625 0.009375 0.0171875 0.0171875
0 0.56171875 0.07109375 0.015625 0.015625
0 0.46796875 0.04609375 0.015625 0.015625
0 0.40546875 0.0359375 0.015625 0.015625
0 0.1484375 0.02578125 0.0125 0.0125
0 0.40625 0.2109375 0.0125 0.0125
0 0.2703125 0.18203125 0.0140625 0.0140625
0 0.278125 0.11875 0.015625 0.015625
0 0.2921875 0.246875 0.0109375 0.0109375
0 0.415625 0.2578125 0.0125 0.0125
0 0.09375 0.0640625 0.01875 0.01875
0 0.334375 0.034375 0.015625 0.015625
0 0.0515625 0.8125 0.0125 0.0125
0 0.4328125 0.5875 0.0125 0.0125
0 0.1984375 0.7140625 0.009375 0.009375
0 0.6453125 0.1015625 0.015625 0.015625
0 0.62109375 0.0265625 0.015625 0.015625
0 0.46796875 0.03828125 0.0125 0.0125
0 0.0796875 0.0046875 0.0125 0.009375
0 0.603125 0.0453125 0.015625 0.015625
0 0.70859375 0.03515625 0.0125 0.0125
0 0.1546875 0.67109375 0.009375 0.009375
0 0.2171875 0.7796875 0.015625 0.015625
0 0.29375 0.6078125 0.0125 0.0125
0 0.3265625 0.58671875 0.009375 0.009375
0 0.29609375 0.58984375 0.0125 0.0125
0 0.42421875 0.621875 0.015625 0.015625
0 0.4953125 0.721875 0.0109375 0.0109375
0 0.4875 0.715625 0.0109375 0.0109375
0 0.42890625 0.6609375 0.009375 0.009375
0 0.39765625 0.8359375 0.0171875 0.0171875
0 0.34609375 0.79609375 0.009375 0.009375
0 0.62578125 0.82265625 0.009375 0.009375
0 0.59140625 0.75078125 0.0125 0.0125
0 0.7640625 0.628125 0.0125 0.0125
0 0.775 0.8296875 0.0109375 0.0109375
0 0.9046875 0.86015625 0.0125 0.0125
0 0.896875 0.85078125 0.009375 0.009375
0 0.8375 0.5921875 0.0125 0.0125
0 0.66484375 0.521875 0.009375 0.009375
0 0.71015625 0.4359375 0.0109375 0.0109375
0 0.70234375 0.39375 0.015625 0.015625
0 0.765625 0.3390625 0.0140625 0.0140625
0 0.76875 0.3109375 0.0125 0.0125
0 0.7796875 0.32734375 0.0109375 0.0109375
0 0.4421875 0.23984375 0.009375 0.009375
0 0.07890625 0.36875 0.0125 0.0125
0 0.0421875 0.03203125 0.0109375 0.0109375
0 0.28984375 0.034375 0.009375 0.009375
0 0.428125 0.084375 0.0125 0.0125
0 0.409375 0.10859375 0.009375 0.009375
0 0.40703125 0.12734375 0.0125 0.0125
0 0.6265625 0.015625 0.0125 0.009375
0 0.57734375 0.07578125 0.0109375 0.0109375
0 0.57890625 0.06328125 0.0125 0.0125
0 0.5328125 0.0921875 0.0109375 0.0109375
0 0.5234375 0.13984375 0.0109375 0.0109375
0 0.5203125 0.13046875 0.0109375 0.0109375
0 0.6140625 0.10625 0.0125 0.0125
0 0.85625 0.20234375 0.009375 0.009375
0 0.86015625 0.21171875 0.009375 0.009375
0 0.846875 0.1546875 0.0109375 0.0109375
0 0.85 0.13828125 0.0109375 0.0109375
0 0.84453125 0.028125 0.009375 0.009375
0 0.63125 0.88203125 0.025 0.025
0 0.82265625 0.925 0.0234375 0.0234375