0 0.97734375 0.73828125 0.015625 0.0140625
0 0.91796875 0.66875 0.015625 0.015625
0 0.76328125 0.66484375 0.0140625 0.0125
0 0.69296875 0.96171875 0.01875 0.01875
0 0.64375 0.6359375 0.0328125 0.03125
0 0.60625 0.596875 0.015625 0.015625
0 0.43828125 0.75546875 0.0171875 0.015625
0 0.48359375 0.7671875 0.015625 0.015625
0 0.4421875 0.85859375 0.046875 0.0453125
0 0.39140625 0.88125 0.0390625 0.0375
0 0.09453125 0.47734375 0.0484375 0.046875
0 0.02578125 0.46953125 0.0515625 0.0609375
0 0.7140625 0.80703125 0.0125 0.0125
0 0.7328125 0.9734375 0.0140625 0.0125
0 0.47890625 0.05859375 0.009375 0.009375