0 0.02265625 0.26171875 0.01484375 0.0140625
0 0.08203125 0.33125 0.01640625 0.01640625
0 0.23671875 0.33515625 0.0140625 0.0125
0 0.30703125 0.03828125 0.01953125 0.01875
0 0.35625 0.3640625 0.0328125 0.03203125
0 0.39375 0.403125 0.015625 0.015625
0 0.56171875 0.24453125 0.0171875 0.01640625
0 0.51640625 0.2328125 0.015625 0.015625
0 0.5578125 0.14140625 0.04609375 0.0453125
0 0.60859375 0.11875 0.03828125 0.0375
0 0.90546875 0.52265625 0.0484375 0.04765625
0 0.97421875 0.53046875 0.0515625 0.0609375
0 0.2859375 0.19296875 0.0125 0.0125
0 0.2671875 0.0265625 0.0140625 0.0125
0 0.52109375 0.94140625 0.009375 0.009375