0 0.959375 0.82109375 0.01875 0.01875
0 0.9578125 0.759375 0.0265625 0.028125
0 0.928125 0.5078125 0.0125 0.0125
0 0.86796875 0.08046875 0.0140625 0.0140625
0 0.5984375 0.18203125 0.0140625 0.0140625
0 0.67265625 0.240625 0.0875 0.090625
0 0.5671875 0.5578125 0.015625 0.015625
0 0.671875 0.75625 0.015625 0.015625
0 0.38671875 0.75546875 0.0515625 0.053125
0 0.33671875 0.7453125 0.015625 0.015625
0 0.77109375 0.709375 0.0375 0.0390625
0 0.67109375 0.8625 0.01875 0.01875
0 0.65390625 0.8546875 0.0140625 0.015625
0 0.3140625 0.52265625 0.028125 0.0296875
0 0.1109375 0.93671875 0.03125 0.03125
0 0.0515625 0.646875 0.0140625 0.0140625
0 0.11875 0.659375 0.0171875 0.01875
0 0.05625 0.534375 0.065625 0.0671875
0 0.253125 0.7140625 0.2546875 0.2625
0 0.94296875 0.9671875 0.0140625 0.0140625
0 0.86015625 0.82890625 0.0125 0.0125
0 0.85546875 0.7140625 0.0109375 0.0125
0 0.74765625 0.7640625 0.0140625 0.015625
0 0.79921875 0.91328125 0.0125 0.0125
0 0.825 0.90390625 0.0125 0.0125
0 0.76484375 0.56484375 0.0140625 0.0140625
0 0.68671875 0.5484375 0.015625 0.015625
0 0.67265625 0.225 0.0125 0.0125
0 0.62578125 0.23671875 0.0140625 0.0140625
0 0.5484375 0.70234375 0.0125 0.0125
0 0.62421875 0.6734375 0.009375 0.009375
0 0.5484375 0.63203125 0.0125 0.0125
0 0.52421875 0.5890625 0.009375 0.0109375
0 0.37890625 0.9671875 0.0109375 0.0125
0 0.49921875 0.98984375 0.0265625 0.0203125
0 0.0671875 0.65703125 0.015625 0.015625
0 0.284375 0.56875 0.009375 0.009375