0 0.17890625 0.959375 0.01875 0.01875
0 0.240625 0.9578125 0.028125 0.0265625
0 0.4921875 0.928125 0.0125 0.0125
0 0.91953125 0.86796875 0.0140625 0.0140625
0 0.81796875 0.5984375 0.0140625 0.0140625
0 0.759375 0.67265625 0.090625 0.0875
0 0.4421875 0.5671875 0.015625 0.015625
0 0.24375 0.671875 0.015625 0.015625
0 0.24453125 0.38671875 0.053125 0.0515625
0 0.2546875 0.33671875 0.015625 0.015625
0 0.290625 0.77109375 0.0390625 0.0375
0 0.1375 0.67109375 0.01875 0.01875
0 0.1453125 0.65390625 0.015625 0.0140625
0 0.47734375 0.3140625 0.0296875 0.028125
0 0.06328125 0.1109375 0.03125 0.03125
0 0.353125 0.0515625 0.0140625 0.0140625
0 0.340625 0.11875 0.01875 0.0171875
0 0.465625 0.05625 0.0671875 0.065625
0 0.2859375 0.253125 0.2625 0.2546875
0 0.0328125 0.94296875 0.0140625 0.0140625
0 0.17109375 0.86015625 0.0125 0.0125
0 0.2859375 0.85546875 0.0125 0.0109375
0 0.2359375 0.74765625 0.015625 0.0140625
0 0.08671875 0.79921875 0.0125 0.0125
0 0.09609375 0.825 0.0125 0.0125
0 0.43515625 0.76484375 0.0140625 0.0140625
0 0.4515625 0.68671875 0.015625 0.015625
0 0.775 0.67265625 0.0125 0.0125
0 0.76328125 0.62578125 0.0140625 0.0140625
0 0.29765625 0.5484375 0.0125 0.0125
0 0.3265625 0.62421875 0.009375 0.009375
0 0.36796875 0.5484375 0.0125 0.0125
0 0.4109375 0.52421875 0.0109375 0.009375
0 0.0328125 0.37890625 0.0125 0.0109375
0 0.01015625 0.49921875 0.0203125 0.0265625
0 0.34296875 0.0671875 0.015625 0.015625
0 0.43125 0.284375 0.009375 0.009375