0 0.17890625 0.040625 0.01953125 0.01875
0 0.240625 0.0421875 0.02734375 0.0265625
0 0.4921875 0.071875 0.01171875 0.01171875
0 0.91953125 0.13203125 0.0140625 0.0140625
0 0.81796875 0.4015625 0.0140625 0.0140625
0 0.759375 0.32734375 0.08984375 0.08671875
0 0.4421875 0.4328125 0.01484375 0.01484375
0 0.24375 0.328125 0.01640625 0.01640625
0 0.24453125 0.61328125 0.05390625 0.0515625
0 0.2546875 0.66328125 0.01640625 0.015625
0 0.290625 0.22890625 0.0390625 0.03828125
0 0.1375 0.32890625 0.01953125 0.01875
0 0.1453125 0.34609375 0.01484375 0.0140625
0 0.47734375 0.6859375 0.0296875 0.028125
0 0.06328125 0.8890625 0.03203125 0.03125
0 0.353125 0.9484375 0.0140625 0.0140625
0 0.340625 0.88125 0.01875 0.0171875
0 0.465625 0.94375 0.0671875 0.065625
0 0.2859375 0.746875 0.26171875 0.2546875
0 0.0328125 0.05703125 0.0140625 0.0140625
0 0.17109375 0.13984375 0.0125 0.01171875
0 0.2859375 0.14453125 0.01171875 0.0109375
0 0.2359375 0.25234375 0.01484375 0.0140625
0 0.08671875 0.20078125 0.0125 0.0125
0 0.09609375 0.175 0.0125 0.0125
0 0.43515625 0.23515625 0.0140625 0.0140625
0 0.4515625 0.31328125 0.01484375 0.01484375
0 0.775 0.32734375 0.0125 0.0125
0 0.76328125 0.37421875 0.0140625 0.0140625
0 0.29765625 0.4515625 0.01171875 0.01171875
0 0.3265625 0.37578125 0.009375 0.009375
0 0.36796875 0.4515625 0.0125 0.0125
0 0.4109375 0.47578125 0.0109375 0.009375
0 0.0328125 0.62109375 0.01171875 0.0109375
0 0.01015625 0.50078125 0.0203125 0.0265625
0 0.34296875 0.9328125 0.01484375 0.01484375
0 0.43125 0.715625 0.009375 0.009375