0 0.925 0.4171875 0.0140625 0.0140625
0 0.68046875 0.16328125 0.046875 0.0453125
0 0.159375 0.09453125 0.0625 0.0609375
0 0.259375 0.89375 0.0703125 0.0671875
0 0.74453125 0.690625 0.0109375 0.0109375
0 0.83125 0.61484375 0.0140625 0.0140625
0 0.5828125 0.01953125 0.0125 0.0109375
0 0.240625 0.10625 0.021875 0.0203125
0 0.87421875 0.2875 0.015625 0.015625
0 0.921875 0.77890625 0.0109375 0.0109375
0 0.24453125 0.95859375 0.0125 0.0125
0 0.83515625 0.9625 0.015625 0.015625
0 0.93515625 0.99140625 0.0125 0.0125