0 0.075 0.4171875 0.0140625 0.0140625
0 0.31953125 0.16328125 0.046875 0.0453125
0 0.840625 0.09453125 0.0625 0.0609375
0 0.740625 0.89375 0.0703125 0.0671875
0 0.25546875 0.690625 0.0109375 0.0109375
0 0.16875 0.61484375 0.0140625 0.0140625
0 0.4171875 0.01953125 0.0125 0.0109375
0 0.759375 0.10625 0.021875 0.0203125
0 0.12578125 0.2875 0.015625 0.015625
0 0.078125 0.77890625 0.0109375 0.0109375
0 0.75546875 0.95859375 0.0125 0.0125
0 0.16484375 0.9625 0.015625 0.015625
0 0.06484375 0.99140625 0.0125 0.0125