0 0.3046875 0.0046875 0.01171875 0.00859375
0 0.7875 0.0140625 0.03515625 0.028125
0 0.8625 0.225 0.0125 0.0125
0 0.9078125 0.36640625 0.05625 0.05390625
0 0.84296875 0.34765625 0.0984375 0.09296875
0 0.73203125 0.703125 0.02265625 0.021875
0 0.696875 0.828125 0.0453125 0.0421875
0 0.75859375 0.5765625 0.01171875 0.0109375
0 0.60859375 0.571875 0.08671875 0.0828125
0 0.396875 0.63046875 0.0359375 0.034375
0 0.34765625 0.58125 0.03046875 0.028125
0 0.38984375 0.7140625 0.0265625 0.025
0 0.20078125 0.30390625 0.0125 0.01171875
0 0.103125 0.39453125 0.04296875 0.040625
0 0.11484375 0.2328125 0.0109375 0.009375
0 0.53828125 0.88515625 0.046875 0.0453125
0 0.43671875 0.86796875 0.01171875 0.0109375
0 0.42265625 0.39921875 0.0140625 0.0125
0 0.9203125 0.7875 0.0109375 0.0109375