0 0.6953125 0.9953125 0.0125 0.009375
0 0.2125 0.9859375 0.034375 0.028125
0 0.1375 0.775 0.0125 0.0125
0 0.0921875 0.63359375 0.05625 0.053125
0 0.15703125 0.65234375 0.0984375 0.09375
0 0.26796875 0.296875 0.021875 0.021875
0 0.303125 0.171875 0.0453125 0.0421875
0 0.24140625 0.4234375 0.0125 0.0109375
0 0.39140625 0.428125 0.0875 0.0828125
0 0.603125 0.36953125 0.0359375 0.034375
0 0.65234375 0.41875 0.03125 0.028125
0 0.61015625 0.2859375 0.0265625 0.025
0 0.79921875 0.69609375 0.0125 0.0125
0 0.896875 0.60546875 0.04375 0.040625
0 0.88515625 0.7671875 0.0109375 0.009375
0 0.46171875 0.11484375 0.046875 0.0453125
0 0.56328125 0.13203125 0.0125 0.0109375
0 0.57734375 0.60078125 0.0140625 0.0125
0 0.0796875 0.2125 0.0109375 0.0109375