0 0.14375 0.36875 0.15234375 0.140625
0 0.459375 0.3859375 0.01953125 0.0171875
0 0.56796875 0.31171875 0.0125 0.01171875
0 0.55546875 0.2 0.03046875 0.02734375
0 0.64765625 0.16328125 0.04375 0.040625
0 0.81328125 0.259375 0.01484375 0.0140625
0 0.6890625 0.5390625 0.0171875 0.01640625
0 0.86328125 0.203125 0.05078125 0.046875
0 0.7234375 0.6234375 0.0328125 0.03046875
0 0.98125 0.87109375 0.0125 0.01171875
0 0.36328125 0.5875 0.05 0.04609375
0 0.0828125 0.66484375 0.0140625 0.0125
0 0.50625 0.73203125 0.06875 0.06328125
0 0.1859375 0.9171875 0.015625 0.01484375
0 0.15703125 0.8859375 0.01171875 0.0109375
0 0.89140625 0.240625 0.0375 0.034375
0 0.771875 0.19453125 0.0140625 0.0125
0 0.69765625 0.05390625 0.015625 0.01484375
0 0.2796875 0.13359375 0.01953125 0.0171875
0 0.73828125 0.27734375 0.01484375 0.0140625
0 0.98515625 0.5125 0.009375 0.009375
0 0.98828125 0.7125 0.0140625 0.0125