0 0.96953125 0.95546875 0.015625 0.0171875
0 0.2875 0.6140625 0.025 0.028125
0 0.56953125 0.53203125 0.48125 0.528125
0 0.7984375 0.4171875 0.01875 0.0203125
0 0.846875 0.05625 0.03125 0.034375
0 0.1421875 0.46171875 0.01875 0.021875
0 0.0484375 0.74453125 0.0390625 0.04375
0 0.040625 0.34921875 0.01875 0.0203125
0 0.8421875 0.30546875 0.0140625 0.015625
0 0.928125 0.821875 0.0125 0.0125
0 0.7140625 0.9484375 0.0125 0.0140625
0 0.80546875 0.940625 0.009375 0.0109375
0 0.79140625 0.721875 0.0125 0.0125
0 0.7453125 0.4484375 0.0109375 0.0125
0 0.5828125 0.05 0.015625 0.0171875
0 0.415625 0.66953125 0.0125 0.0140625
0 0.24296875 0.7078125 0.0109375 0.0125