0 0.04453125 0.03046875 0.0171875 0.015625
0 0.3859375 0.7125 0.028125 0.025
0 0.46796875 0.43046875 0.528125 0.48125
0 0.5828125 0.2015625 0.0203125 0.01875
0 0.94375 0.153125 0.034375 0.03125
0 0.53828125 0.8578125 0.021875 0.01875
0 0.25546875 0.9515625 0.04375 0.0390625
0 0.65078125 0.959375 0.0203125 0.01875
0 0.69453125 0.1578125 0.015625 0.0140625
0 0.178125 0.071875 0.0125 0.0125
0 0.0515625 0.2859375 0.0140625 0.0125
0 0.059375 0.19453125 0.0109375 0.009375
0 0.278125 0.20859375 0.0125 0.0125
0 0.5515625 0.2546875 0.0125 0.0109375
0 0.95 0.4171875 0.0171875 0.015625
0 0.33046875 0.584375 0.0140625 0.0125
0 0.2921875 0.75703125 0.0125 0.0109375