0 0.05625 0.07421875 0.0203125 0.0234375
0 0.17578125 0.22578125 0.015625 0.01875
0 0.19296875 0.48125 0.03125 0.034375
0 0.259375 0.81953125 0.0140625 0.015625
0 0.84296875 0.859375 0.0375 0.040625
0 0.659375 0.66484375 0.0109375 0.0125
0 0.73203125 0.528125 0.01875 0.0203125
0 0.68125 0.39765625 0.01875 0.0203125
0 0.87421875 0.48359375 0.0125 0.0125
0 0.63515625 0.0515625 0.015625 0.0171875
0 0.55546875 0.04375 0.015625 0.0171875
0 0.5125 0.08046875 0.0171875 0.01875
0 0.96953125 0.3484375 0.0125 0.015625
0 0.9703125 0.41484375 0.015625 0.015625
0 0.8015625 0.128125 0.221875 0.2453125
0 0.0515625 0.18359375 0.01875 0.0203125
0 0.165625 0.80625 0.0125 0.0140625
0 0.153125 0.08125 0.0125 0.0140625
0 0.05625 0.42265625 0.0109375 0.0125
0 0.13359375 0.5328125 0.0125 0.0140625
0 0.33359375 0.35234375 0.015625 0.015625
0 0.5046875 0.1203125 0.0125 0.0125
0 0.9890625 0.115625 0.0125 0.0125