0 0.92578125 0.05625 0.0234375 0.0203125
0 0.77421875 0.17578125 0.01875 0.01640625
0 0.51875 0.19296875 0.03515625 0.03125
0 0.18046875 0.259375 0.015625 0.0140625
0 0.140625 0.84296875 0.040625 0.0375
0 0.33515625 0.659375 0.0125 0.0109375
0 0.471875 0.73203125 0.0203125 0.01875
0 0.60234375 0.68125 0.0203125 0.01875
0 0.51640625 0.87421875 0.0125 0.01171875
0 0.9484375 0.63515625 0.0171875 0.015625
0 0.95625 0.55546875 0.0171875 0.015625
0 0.91953125 0.5125 0.01953125 0.0171875
0 0.6515625 0.96953125 0.01484375 0.0125
0 0.58515625 0.9703125 0.015625 0.01484375
0 0.871875 0.8015625 0.2453125 0.221875
0 0.81640625 0.0515625 0.0203125 0.01875
0 0.19375 0.165625 0.01484375 0.0125
0 0.91875 0.153125 0.0140625 0.01171875
0 0.57734375 0.05625 0.01171875 0.0109375
0 0.4671875 0.13359375 0.0140625 0.01171875
0 0.64765625 0.33359375 0.01640625 0.01484375
0 0.8796875 0.5046875 0.0125 0.01171875
0 0.884375 0.9890625 0.0125 0.01171875