0 0.40703125 0.0203125 0.078125 0.040625
0 0.60546875 0.32734375 0.0109375 0.009375
0 0.60703125 0.3203125 0.015625 0.0140625
0 0.653125 0.1984375 0.01484375 0.0125
0 0.228125 0.43046875 0.084375 0.0734375
0 0.54921875 0.4015625 0.65546875 0.57109375
0 0.0765625 0.53046875 0.015625 0.0140625
0 0.52890625 0.91875 0.0578125 0.05078125
0 0.77265625 0.79140625 0.4546875 0.4171875
0 0.58203125 0.8421875 0.02265625 0.01953125
0 0.51953125 0.1546875 0.034375 0.03046875
0 0.934375 0.02890625 0.015625 0.0140625
0 0.475 0.009375 0.0125 0.01171875
0 0.003125 0.040625 0.00625 0.009375
0 0.2765625 0.31875 0.03125 0.02734375
0 0.94375 0.2859375 0.0140625 0.01171875
0 0.97578125 0.71796875 0.01171875 0.0109375
0 0.74375 0.50703125 0.0140625 0.01171875
0 0.56875 0.5515625 0.01171875 0.009375
0 0.05 0.603125 0.01171875 0.009375
0 0.953125 0.7984375 0.01171875 0.009375