0 0.10859375 0.053125 0.0234375 0.0234375
0 0.06640625 0.04375 0.01484375 0.01484375
0 0.36640625 0.0328125 0.1234375 0.065625
0 0.7515625 0.06953125 0.05390625 0.05390625
0 0.7234375 0.09375 0.0171875 0.0171875
0 0.715625 0.17109375 0.02265625 0.02265625
0 0.428125 0.1421875 0.0796875 0.0796875
0 0.309375 0.12265625 0.115625 0.1140625
0 0.91875 0.81953125 0.04296875 0.04296875
0 0.76875 0.73125 0.02734375 0.02734375
0 0.6671875 0.45546875 0.0109375 0.0109375
0 0.6546875 0.37734375 0.0140625 0.0140625
0 0.6375 0.325 0.01484375 0.01484375
0 0.515625 0.35703125 0.01171875 0.01171875
0 0.64765625 0.36640625 0.31953125 0.31953125
0 0.41328125 0.9078125 0.015625 0.015625
0 0.025 0.49140625 0.05 0.0765625
0 0.03359375 0.41953125 0.01171875 0.01171875
0 0.12578125 0.8796875 0.01484375 0.01484375
0 0.45 0.89453125 0.3203125 0.2109375
0 0.178125 0.246875 0.2171875 0.2171875
0 0.3015625 0.334375 0.35 0.3484375
0 0.46328125 0.975 0.01484375 0.01484375
0 0.8734375 0.24296875 0.025 0.025
0 0.23671875 0.22578125 0.0125 0.0125
0 0.2640625 0.121875 0.0171875 0.0171875
0 0.646875 0.1578125 0.0125 0.0125
0 0.18828125 0.4734375 0.01875 0.01875
0 0.7515625 0.32421875 0.009375 0.009375
0 0.9625 0.3171875 0.0140625 0.0140625
0 0.946875 0.60546875 0.0109375 0.0109375
0 0.30625 0.65625 0.0125 0.0125
0 0.403125 0.80390625 0.0140625 0.0140625
0 0.35390625 0.79453125 0.0109375 0.0109375
0 0.196875 0.81015625 0.0109375 0.0109375
0 0.13515625 0.9328125 0.009375 0.009375
0 0.496875 0.91171875 0.01171875 0.01171875
0 0.8015625 0.8875 0.0125 0.0125
0 0.95625 0.86640625 0.009375 0.009375