0 0.89140625 0.053125 0.0234375 0.0234375
0 0.93359375 0.04375 0.015625 0.015625
0 0.63359375 0.0328125 0.1234375 0.065625
0 0.2484375 0.06953125 0.053125 0.053125
0 0.2765625 0.09375 0.0171875 0.0171875
0 0.284375 0.17109375 0.021875 0.021875
0 0.571875 0.1421875 0.0796875 0.0796875
0 0.690625 0.12265625 0.115625 0.1140625
0 0.08125 0.81953125 0.04375 0.04375
0 0.23125 0.73125 0.028125 0.028125
0 0.3328125 0.45546875 0.0109375 0.0109375
0 0.3453125 0.37734375 0.0140625 0.0140625
0 0.3625 0.325 0.015625 0.015625
0 0.484375 0.35703125 0.0125 0.0125
0 0.35234375 0.36640625 0.31875 0.31875
0 0.58671875 0.9078125 0.015625 0.015625
0 0.975 0.49140625 0.05 0.0765625
0 0.96640625 0.41953125 0.0125 0.0125
0 0.87421875 0.8796875 0.015625 0.015625
0 0.55 0.89453125 0.3203125 0.2109375
0 0.821875 0.246875 0.2171875 0.2171875
0 0.6984375 0.334375 0.35 0.3484375
0 0.53671875 0.975 0.015625 0.015625
0 0.1265625 0.24296875 0.025 0.025
0 0.76328125 0.22578125 0.0125 0.0125
0 0.7359375 0.121875 0.0171875 0.0171875
0 0.353125 0.1578125 0.0125 0.0125
0 0.81171875 0.4734375 0.01875 0.01875
0 0.2484375 0.32421875 0.009375 0.009375
0 0.0375 0.3171875 0.0140625 0.0140625
0 0.053125 0.60546875 0.0109375 0.0109375
0 0.69375 0.65625 0.0125 0.0125
0 0.596875 0.80390625 0.0140625 0.0140625
0 0.64609375 0.79453125 0.0109375 0.0109375
0 0.803125 0.81015625 0.0109375 0.0109375
0 0.86484375 0.9328125 0.009375 0.009375
0 0.503125 0.91171875 0.0125 0.0125
0 0.1984375 0.8875 0.0125 0.0125
0 0.04375 0.86640625 0.009375 0.009375