0 0.5125 0.39609375 0.0359375 0.0359375
0 0.471875 0.37734375 0.0109375 0.0109375
0 0.15234375 0.28515625 0.0171875 0.015625
0 0.175 0.13046875 0.109375 0.1078125
0 0.04140625 0.18671875 0.0765625 0.0765625
0 0.85625 0.00703125 0.01875 0.0140625
0 0.0265625 0.4203125 0.053125 0.06875
0 0.12265625 0.97734375 0.03125 0.03125
0 0.0234375 0.9078125 0.0125 0.0125
0 0.0234375 0.66875 0.0171875 0.015625
0 0.0484375 0.7390625 0.0125 0.0109375
0 0.05234375 0.871875 0.1046875 0.19375
0 0.2875 0.47890625 0.025 0.025
0 0.3578125 0.49296875 0.015625 0.015625
0 0.3609375 0.571875 0.0125 0.0125
0 0.3703125 0.9234375 0.0171875 0.0171875
0 0.540625 0.87109375 0.0234375 0.021875
0 0.61328125 0.915625 0.025 0.025
0 0.47421875 0.9203125 0.015625 0.015625
0 0.56640625 0.99140625 0.01875 0.015625
0 0.13984375 0.65546875 0.11875 0.1171875
0 0.934375 0.29296875 0.0109375 0.0109375
0 0.8328125 0.1625 0.009375 0.009375
0 0.79375 0.253125 0.009375 0.009375
0 0.27734375 0.46171875 0.0203125 0.0203125
0 0.1546875 0.33671875 0.01875 0.01875
0 0.0796875 0.34609375 0.034375 0.034375
0 0.0578125 0.33359375 0.03125 0.03125
0 0.21640625 0.63828125 0.0109375 0.0109375
0 0.0875 0.759375 0.009375 0.009375
0 0.06796875 0.7671875 0.0109375 0.0109375
0 0.51875 0.72109375 0.009375 0.009375
0 0.578125 0.575 0.0125 0.0125
0 0.74140625 0.7828125 0.0140625 0.0140625
0 0.9921875 0.596875 0.015625 0.015625
0 0.85625 0.81015625 0.0125 0.0125
0 0.6921875 0.9484375 0.0125 0.0125
0 0.55546875 0.8703125 0.0109375 0.0109375
0 0.5671875 0.975 0.01875 0.01875
0 0.3078125 0.85859375 0.0109375 0.0109375
0 0.3015625 0.8890625 0.009375 0.009375