0 0.57734375 0.1703125 0.0296875 0.0296875
0 0.575 0.3578125 0.0578125 0.0578125
0 0.5 0.49921875 1 0.9984375
0 0.1625 0.646875 0.025 0.025
0 0.30546875 0.7609375 0.109375 0.1109375
0 0.99140625 0.89375 0.0171875 0.01875
0 0.859375 0.5125 0.015625 0.015625
0 0.8671875 0.61484375 0.0109375 0.0109375
0 0.6828125 0.98125 0.009375 0.0109375
0 0.57109375 0.73515625 0.009375 0.009375
0 0.25625 0.83671875 0.0171875 0.0171875
0 0.23359375 0.7125 0.0125 0.0125
0 0.12578125 0.3140625 0.015625 0.015625
0 0.13125 0.621875 0.0125 0.0125
0 0.19453125 0.98515625 0.0109375 0.009375