0 0.1703125 0.42265625 0.0296875 0.0296875
0 0.3578125 0.425 0.0578125 0.0578125
0 0.49921875 0.5 0.9984375 1
0 0.646875 0.8375 0.02421875 0.02421875
0 0.7609375 0.69453125 0.11015625 0.109375
0 0.89375 0.00859375 0.01875 0.0171875
0 0.5125 0.140625 0.015625 0.015625
0 0.61484375 0.1328125 0.0109375 0.0109375
0 0.98125 0.3171875 0.0109375 0.009375
0 0.73515625 0.42890625 0.009375 0.009375
0 0.83671875 0.74375 0.0171875 0.0171875
0 0.7125 0.76640625 0.01171875 0.01171875
0 0.3140625 0.87421875 0.01484375 0.01484375
0 0.621875 0.86875 0.01171875 0.01171875
0 0.98515625 0.80546875 0.009375 0.0109375