0 0.4015625 0.04609375 0.128125 0.0921875
0 0.61875 0.075 0.0140625 0.0140625
0 0.0515625 0.3375 0.0109375 0.0109375
0 0.034375 0.22421875 0.0171875 0.0171875
0 0.19453125 0.88046875 0.03125 0.03125
0 0.29453125 0.45703125 0.015625 0.015625
0 0.56640625 0.48046875 0.0296875 0.0296875
0 0.29609375 0.83515625 0.028125 0.028125
0 0.471875 0.3625 0.0109375 0.0109375
0 0.74296875 0.0875 0.0171875 0.0171875
0 0.74765625 0.096875 0.0109375 0.0109375
0 0.0578125 0.6890625 0.0109375 0.0109375
0 0.290625 0.86015625 0.015625 0.015625
0 0.05390625 0.14375 0.0109375 0.0109375
0 0.259375 0.1984375 0.0125 0.0125
0 0.58359375 0.23671875 0.0125 0.0109375
0 0.5921875 0.33671875 0.0125 0.0125
0 0.94140625 0.40390625 0.0125 0.0125
0 0.7671875 0.7203125 0.0125 0.0125
0 0.878125 0.40703125 0.0125 0.0125
0 0.31484375 0.6796875 0.0125 0.0125
0 0.25546875 0.46640625 0.0109375 0.0109375
0 0.23515625 0.47265625 0.0109375 0.0109375
0 0.1546875 0.709375 0.0109375 0.0109375
0 0.2546875 0.61328125 0.0109375 0.0109375
0 0.0171875 0.45703125 0.0140625 0.0125
0 0.01328125 0.48515625 0.009375 0.0109375
0 0.371875 0.93984375 0.0125 0.0125
0 0.425 0.7859375 0.0109375 0.0109375
0 0.70859375 0.7828125 0.009375 0.009375