0 0.5984375 0.04609375 0.128125 0.0921875
0 0.38125 0.075 0.0140625 0.0140625
0 0.9484375 0.3375 0.0109375 0.0109375
0 0.965625 0.22421875 0.0171875 0.0171875
0 0.80546875 0.88046875 0.03125 0.03125
0 0.70546875 0.45703125 0.015625 0.015625
0 0.43359375 0.48046875 0.0296875 0.0296875
0 0.70390625 0.83515625 0.028125 0.028125
0 0.528125 0.3625 0.0109375 0.0109375
0 0.25703125 0.0875 0.0171875 0.0171875
0 0.25234375 0.096875 0.0109375 0.0109375
0 0.9421875 0.6890625 0.0109375 0.0109375
0 0.709375 0.86015625 0.015625 0.015625
0 0.94609375 0.14375 0.0109375 0.0109375
0 0.740625 0.1984375 0.0125 0.0125
0 0.41640625 0.23671875 0.0125 0.0109375
0 0.4078125 0.33671875 0.0125 0.0125
0 0.05859375 0.40390625 0.0125 0.0125
0 0.2328125 0.7203125 0.0125 0.0125
0 0.121875 0.40703125 0.0125 0.0125
0 0.68515625 0.6796875 0.0125 0.0125
0 0.74453125 0.46640625 0.0109375 0.0109375
0 0.76484375 0.47265625 0.0109375 0.0109375
0 0.8453125 0.709375 0.0109375 0.0109375
0 0.7453125 0.61328125 0.0109375 0.0109375
0 0.9828125 0.45703125 0.0140625 0.0125
0 0.98671875 0.48515625 0.009375 0.0109375
0 0.628125 0.93984375 0.0125 0.0125
0 0.575 0.7859375 0.0109375 0.0109375
0 0.29140625 0.7828125 0.009375 0.009375