0 0.04765625 0.1890625 0.0234375 0.021875
0 0.09609375 0.225 0.0203125 0.01875
0 0.159375 0.06875 0.15625 0.1375
0 0.26953125 0.209375 0.0109375 0.009375
0 0.29765625 0.09296875 0.0140625 0.0125
0 0.3484375 0.084375 0.0171875 0.015625
0 0.39140625 0.371875 0.0125 0.0125
0 0.43984375 0.3546875 0.0125 0.0125
0 0.453125 0.0609375 0.015625 0.0140625
0 0.60625 0.3390625 0.03125 0.0296875
0 0.70625 0.26796875 0.0125 0.0109375
0 0.6921875 0.16796875 0.0109375 0.0109375
0 0.603125 0.3171875 0.165625 0.1515625
0 0.559375 0.1890625 0.19375 0.178125
0 0.4875 0.09375 0.2390625 0.1875
0 0.87890625 0.25703125 0.0109375 0.0109375
0 0.9109375 0.09765625 0.0171875 0.015625
0 0.928125 0.3203125 0.0125 0.0125
0 0.98828125 0.28125 0.0234375 0.03125
0 0.8046875 0.23671875 0.0375 0.034375
0 0.94375 0.5359375 0.015625 0.015625
0 0.846875 0.59453125 0.0125 0.0125
0 0.72109375 0.59375 0.0578125 0.053125
0 0.44296875 0.5140625 0.021875 0.0203125
0 0.31328125 0.4484375 0.0109375 0.009375
0 0.24375 0.5078125 0.0109375 0.009375
0 0.09765625 0.40078125 0.034375 0.03125
0 0.19296875 0.53671875 0.0140625 0.0125
0 0.328125 0.74375 0.121875 0.1125
0 0.1609375 0.89453125 0.015625 0.015625
0 0.16328125 0.7078125 0.0125 0.0109375
0 0.09453125 0.8 0.0125 0.0125
0 0.0375 0.89765625 0.0140625 0.0125
0 0.01484375 0.51640625 0.0140625 0.0125
0 0.16875 0.5140625 0.096875 0.0890625
0 0.353125 0.575 0.03125 0.0296875
0 0.36484375 0.63125 0.015625 0.015625
0 0.30625 0.584375 0.0125 0.0109375
0 0.34140625 0.5 0.0609375 0.05625
0 0.815625 0.37578125 0.0109375 0.009375
0 0.81875 0.43046875 0.0109375 0.009375
0 0.690625 0.93828125 0.01875 0.01875
0 0.8609375 0.1140625 0.028125 0.025
0 0.67265625 0.4546875 0.0140625 0.0125