0 0.846875 0.28046875 0.021875 0.0203125
0 0.61640625 0.3109375 0.01875 0.0171875
0 0.6453125 0.178125 0.0140625 0.0140625
0 0.45390625 0.18671875 0.0140625 0.0125
0 0.7625 0.41484375 0.1390625 0.1359375
0 0.053125 0.3875 0.0265625 0.025
0 0.10390625 0.440625 0.0125 0.0125
0 0.26953125 0.690625 0.028125 0.028125
0 0.66796875 0.8953125 0.0203125 0.01875
0 0.1453125 0.2578125 0.0125 0.0125
0 0.596875 0.04921875 0.0125 0.0109375
0 0.853125 0.27265625 0.0125 0.0125
0 0.96484375 0.40078125 0.025 0.025
0 0.18046875 0.4171875 0.0125 0.0125
0 0.0453125 0.371875 0.0125 0.0125
0 0.01640625 0.9203125 0.0140625 0.0125