0 0.153125 0.28046875 0.021875 0.0203125
0 0.38359375 0.3109375 0.01875 0.0171875
0 0.3546875 0.178125 0.0140625 0.0140625
0 0.54609375 0.18671875 0.0140625 0.0125
0 0.2375 0.41484375 0.1390625 0.1359375
0 0.946875 0.3875 0.0265625 0.025
0 0.89609375 0.440625 0.0125 0.0125
0 0.73046875 0.690625 0.028125 0.02734375
0 0.33203125 0.8953125 0.0203125 0.01953125
0 0.8546875 0.2578125 0.0125 0.0125
0 0.403125 0.04921875 0.01171875 0.0109375
0 0.146875 0.27265625 0.0125 0.01171875
0 0.03515625 0.40078125 0.025 0.02421875
0 0.81953125 0.4171875 0.0125 0.01171875
0 0.9546875 0.371875 0.01171875 0.01171875
0 0.98359375 0.9203125 0.0140625 0.0125