0 0.20859375 0.540625 0.0328125 0.03203125
0 0.04609375 0.16171875 0.0109375 0.0109375
0 0.12109375 0.12578125 0.0109375 0.0109375
0 0.1125 0.08671875 0.03046875 0.0296875
0 0.35078125 0.4640625 0.01171875 0.01171875
0 0.60390625 0.034375 0.0265625 0.0265625
0 0.62734375 0.0640625 0.0171875 0.0171875
0 0.70546875 0.2390625 0.01484375 0.0140625
0 0.7859375 0.19296875 0.01484375 0.0140625
0 0.78046875 0.47578125 0.015625 0.015625
0 0.70234375 0.5765625 0.01640625 0.01640625
0 0.71015625 0.9359375 0.01484375 0.01484375
0 0.415625 0.8421875 0.26640625 0.2609375
0 0.83203125 0.30390625 0.0109375 0.0109375
0 0.68671875 0.578125 0.0140625 0.0125
0 0.76953125 0.51015625 0.0140625 0.0125
0 0.81015625 0.5109375 0.01171875 0.01171875
0 0.796875 0.50703125 0.009375 0.009375
0 0.71953125 0.95625 0.01953125 0.01953125
0 0.01796875 0.7875 0.0140625 0.0125