0 0.20859375 0.459375 0.0328125 0.03125
0 0.04609375 0.83828125 0.0109375 0.0109375
0 0.12109375 0.87421875 0.0109375 0.0109375
0 0.1125 0.91328125 0.03125 0.0296875
0 0.35078125 0.5359375 0.0125 0.0125
0 0.60390625 0.965625 0.0265625 0.0265625
0 0.62734375 0.9359375 0.0171875 0.0171875
0 0.70546875 0.7609375 0.015625 0.0140625
0 0.7859375 0.80703125 0.015625 0.0140625
0 0.78046875 0.52421875 0.015625 0.015625
0 0.70234375 0.4234375 0.015625 0.015625
0 0.71015625 0.0640625 0.015625 0.015625
0 0.415625 0.1578125 0.2671875 0.2609375
0 0.83203125 0.69609375 0.0109375 0.0109375
0 0.68671875 0.421875 0.0140625 0.0125
0 0.76953125 0.48984375 0.0140625 0.0125
0 0.81015625 0.4890625 0.0125 0.0125
0 0.796875 0.49296875 0.009375 0.009375
0 0.71953125 0.04375 0.01875 0.01875
0 0.01796875 0.2125 0.0140625 0.0125