0 0.459375 0.79140625 0.03125 0.0328125
0 0.83828125 0.95390625 0.0109375 0.0109375
0 0.87421875 0.87890625 0.0109375 0.0109375
0 0.91328125 0.8875 0.0296875 0.03125
0 0.5359375 0.64921875 0.0125 0.0125
0 0.965625 0.39609375 0.0265625 0.0265625
0 0.9359375 0.37265625 0.0171875 0.0171875
0 0.7609375 0.29453125 0.0140625 0.015625
0 0.80703125 0.2140625 0.0140625 0.015625
0 0.52421875 0.21953125 0.015625 0.015625
0 0.4234375 0.29765625 0.015625 0.015625
0 0.0640625 0.28984375 0.015625 0.015625
0 0.1578125 0.584375 0.2609375 0.2671875
0 0.69609375 0.16796875 0.0109375 0.0109375
0 0.421875 0.31328125 0.0125 0.0140625
0 0.48984375 0.23046875 0.0125 0.0140625
0 0.4890625 0.18984375 0.0125 0.0125
0 0.49296875 0.203125 0.009375 0.009375
0 0.04375 0.28046875 0.01875 0.01875
0 0.2125 0.98203125 0.0125 0.0140625