0 0.625 0.153125 0.021875 0.021875
0 0.5546875 0.125 0.01875 0.01875
0 0.54921875 0.0203125 0.015625 0.015625
0 0.2984375 0.0484375 0.075 0.075
0 0.17890625 0.07109375 0.0734375 0.071875
0 0.02890625 0.06875 0.034375 0.0328125
0 0.49375 0.2453125 0.2015625 0.1984375
0 0.13515625 0.653125 0.0125 0.0125
0 0.17109375 0.4078125 0.0234375 0.0234375
0 0.22421875 0.3375 0.0234375 0.0234375
0 0.540625 0.38125 0.025 0.025
0 0.42421875 0.36953125 0.178125 0.175
0 0.43984375 0.753125 0.034375 0.034375
0 0.42109375 0.6421875 0.1140625 0.1125
0 0.66640625 0.30390625 0.1125 0.1125
0 0.775 0.65546875 0.315625 0.3125
0 0.72421875 0.83046875 0.028125 0.028125
0 0.92734375 0.79609375 0.0125 0.0125
0 0.84296875 0.92890625 0.015625 0.015625
0 0.95390625 0.934375 0.0484375 0.046875
0 0.9515625 0.971875 0.0140625 0.0125
0 0.0265625 0.9578125 0.0125 0.0125
0 0.471875 0.83125 0.034375 0.034375
0 0.1671875 0.90625 0.265625 0.1875
0 0.465625 0.68828125 0.015625 0.015625
0 0.5359375 0.9015625 0.015625 0.015625
0 0.65 0.975 0.015625 0.015625
0 0.4046875 0.19453125 0.0125 0.0125
0 0.41171875 0.15625 0.015625 0.015625
0 0.053125 0.43828125 0.0125 0.0125
0 0.2484375 0.6453125 0.0109375 0.0109375
0 0.5828125 0.86015625 0.0109375 0.0109375
0 0.70859375 0.6 0.040625 0.040625
0 0.8265625 0.88828125 0.009375 0.009375
0 0.7125 0.9734375 0.015625 0.0140625
0 0.48515625 0.02890625 0.0171875 0.015625