0 0.375 0.153125 0.021875 0.021875
0 0.4453125 0.125 0.01875 0.01875
0 0.45078125 0.0203125 0.015625 0.015625
0 0.7015625 0.0484375 0.075 0.075
0 0.82109375 0.07109375 0.0734375 0.071875
0 0.97109375 0.06875 0.034375 0.0328125
0 0.50625 0.2453125 0.2015625 0.1984375
0 0.86484375 0.653125 0.0125 0.0125
0 0.82890625 0.4078125 0.0234375 0.0234375
0 0.77578125 0.3375 0.0234375 0.0234375
0 0.459375 0.38125 0.025 0.025
0 0.57578125 0.36953125 0.178125 0.175
0 0.56015625 0.753125 0.034375 0.034375
0 0.57890625 0.6421875 0.1140625 0.1125
0 0.33359375 0.30390625 0.1125 0.1125
0 0.225 0.65546875 0.315625 0.3125
0 0.27578125 0.83046875 0.028125 0.028125
0 0.07265625 0.79609375 0.0125 0.0125
0 0.15703125 0.92890625 0.015625 0.015625
0 0.04609375 0.934375 0.0484375 0.046875
0 0.0484375 0.971875 0.0140625 0.0125
0 0.9734375 0.9578125 0.0125 0.0125
0 0.528125 0.83125 0.034375 0.034375
0 0.8328125 0.90625 0.265625 0.1875
0 0.534375 0.68828125 0.015625 0.015625
0 0.4640625 0.9015625 0.015625 0.015625
0 0.35 0.975 0.015625 0.015625
0 0.5953125 0.19453125 0.0125 0.0125
0 0.58828125 0.15625 0.015625 0.015625
0 0.946875 0.43828125 0.0125 0.0125
0 0.7515625 0.6453125 0.0109375 0.0109375
0 0.4171875 0.86015625 0.0109375 0.0109375
0 0.29140625 0.6 0.040625 0.040625
0 0.1734375 0.88828125 0.009375 0.009375
0 0.2875 0.9734375 0.015625 0.0140625
0 0.51484375 0.02890625 0.0171875 0.015625