0 0.978125 0.07265625 0.0265625 0.025
0 0.49921875 0.22109375 0.04375 0.0421875
0 0.85703125 0.259375 0.0140625 0.0140625
0 0.21484375 0.96953125 0.0390625 0.0390625
0 0.4015625 0.95234375 0.021875 0.021875
0 0.3265625 0.90859375 0.0140625 0.0140625
0 0.6375 0.7359375 0.0234375 0.0234375
0 0.8796875 0.63828125 0.0109375 0.0109375
0 0.9546875 0.93125 0.0109375 0.0109375
0 0.95703125 0.39453125 0.0171875 0.015625
0 0.68828125 0.896875 0.021875 0.0203125
0 0.8484375 0.25234375 0.009375 0.009375
0 0.71875 0.39453125 0.0125 0.0125
0 0.56484375 0.52265625 0.0109375 0.0109375
0 0.5734375 0.5296875 0.0125 0.0125
0 0.41015625 0.46015625 0.0109375 0.009375
0 0.1765625 0.453125 0.015625 0.015625
0 0.25234375 0.87109375 0.0125 0.0125
0 0.26328125 0.87578125 0.015625 0.015625
0 0.4390625 0.9359375 0.0109375 0.009375
0 0.44375 0.94609375 0.009375 0.009375
0 0.43984375 0.95234375 0.0140625 0.0140625
0 0.91484375 0.8625 0.009375 0.009375