0 0.1953125 0.84609375 0.390625 0.3078125
0 0.93828125 0.85546875 0.0546875 0.05
0 0.93828125 0.7609375 0.021875 0.01875
0 0.97734375 0.56328125 0.021875 0.01875
0 0.71328125 0.60625 0.0296875 0.028125
0 0.70234375 0.64140625 0.015625 0.015625
0 0.66484375 0.7984375 0.015625 0.0140625
0 0.6859375 0.85703125 0.0140625 0.0125
0 0.84453125 0.65703125 0.015625 0.015625
0 0.9328125 0.4125 0.134375 0.1296875
0 0.9 0.41640625 0.0296875 0.0265625
0 0.60859375 0.52265625 0.015625 0.0140625
0 0.565625 0.5890625 0.015625 0.015625
0 0.43671875 0.903125 0.01875 0.0171875
0 0.41640625 0.6265625 0.0125 0.0109375
0 0.31484375 0.8921875 0.01875 0.01875
0 0.29609375 0.83125 0.0171875 0.015625
0 0.1984375 0.82265625 0.021875 0.0203125
0 0.146875 0.61484375 0.0125 0.0109375
0 0.00703125 0.5265625 0.0125 0.0125
0 0.121875 0.503125 0.034375 0.03125
0 0.08046875 0.4765625 0.015625 0.0125
0 0.28046875 0.5484375 0.0109375 0.009375
0 0.01328125 0.31171875 0.0203125 0.01875
0 0.21171875 0.2953125 0.0328125 0.03125
0 0.0328125 0.0609375 0.0203125 0.01875
0 0.034375 0.0953125 0.015625 0.0140625
0 0.19921875 0.059375 0.0140625 0.0125
0 0.21875 0.05390625 0.028125 0.025
0 0.25703125 0.19609375 0.0140625 0.0125
0 0.23203125 0.371875 0.0140625 0.0125
0 0.3109375 0.2328125 0.015625 0.0140625
0 0.34765625 0.2703125 0.0125 0.0109375
0 0.5859375 0.384375 0.0125 0.0109375
0 0.6296875 0.31875 0.0140625 0.0125
0 0.6421875 0.48125 0.0125 0.0125
0 0.70390625 0.38203125 0.0125 0.0109375
0 0.61015625 0.0671875 0.1453125 0.13125
0 0.6125 0.0921875 0.0125 0.0109375
0 0.7140625 0.24296875 0.015625 0.015625
0 0.76796875 0.19296875 0.015625 0.015625
0 0.6828125 0.3796875 0.30625 0.2765625
0 0.18515625 0.94609375 0.0140625 0.0125
0 0.846875 0.86875 0.0109375 0.009375
0 0.76015625 0.85390625 0.0125 0.0109375
0 0.66796875 0.7390625 0.0109375 0.009375
0 0.68359375 0.5296875 0.0125 0.0109375
0 0.1515625 0.7 0.0140625 0.0125
0 0.065625 0.81953125 0.0109375 0.009375
0 0.69296875 0.2078125 0.0125 0.0109375
0 0.946875 0.3953125 0.0890625 0.08125