0 0.15390625 0.8046875 0.3078125 0.390625
0 0.14453125 0.06171875 0.05 0.0546875
0 0.2390625 0.06171875 0.01875 0.021875
0 0.43671875 0.02265625 0.01875 0.021875
0 0.39375 0.28671875 0.028125 0.0296875
0 0.35859375 0.29765625 0.015625 0.015625
0 0.2015625 0.33515625 0.0140625 0.015625
0 0.14296875 0.3140625 0.0125 0.0140625
0 0.34296875 0.15546875 0.015625 0.015625
0 0.5875 0.0671875 0.1296875 0.134375
0 0.58359375 0.1 0.0265625 0.0296875
0 0.47734375 0.39140625 0.0140625 0.015625
0 0.4109375 0.434375 0.015625 0.015625
0 0.096875 0.56328125 0.0171875 0.01875
0 0.3734375 0.58359375 0.0109375 0.0125
0 0.1078125 0.68515625 0.01875 0.01875
0 0.16875 0.70390625 0.015625 0.0171875
0 0.17734375 0.8015625 0.0203125 0.0234375
0 0.38515625 0.853125 0.0109375 0.0125
0 0.4734375 0.99296875 0.0125 0.0125
0 0.496875 0.878125 0.03125 0.034375
0 0.5234375 0.91953125 0.0125 0.015625
0 0.4515625 0.71953125 0.009375 0.0109375
0 0.68828125 0.98671875 0.01875 0.0203125
0 0.7046875 0.78828125 0.03125 0.0328125
0 0.9390625 0.9671875 0.01875 0.0203125
0 0.9046875 0.965625 0.0140625 0.015625
0 0.940625 0.80078125 0.0125 0.0140625
0 0.94609375 0.78125 0.025 0.028125
0 0.80390625 0.74296875 0.0125 0.0140625
0 0.628125 0.76796875 0.0125 0.0140625
0 0.7671875 0.6890625 0.0140625 0.015625
0 0.7296875 0.65234375 0.0109375 0.0125
0 0.615625 0.4140625 0.0109375 0.0125
0 0.68125 0.3703125 0.0125 0.0140625
0 0.51875 0.3578125 0.0125 0.0125
0 0.61796875 0.29609375 0.0109375 0.0125
0 0.9328125 0.38984375 0.13125 0.1453125
0 0.9078125 0.3875 0.0109375 0.0125
0 0.75703125 0.2859375 0.015625 0.015625
0 0.80703125 0.23203125 0.015625 0.015625
0 0.6203125 0.3171875 0.2765625 0.30625
0 0.05390625 0.81484375 0.0125 0.0140625
0 0.13125 0.153125 0.009375 0.0109375
0 0.14609375 0.23984375 0.0109375 0.0125
0 0.2609375 0.33203125 0.009375 0.0109375
0 0.4703125 0.31640625 0.0109375 0.0125
0 0.3 0.8484375 0.0125 0.0140625
0 0.18046875 0.934375 0.009375 0.0109375
0 0.7921875 0.30703125 0.0109375 0.0125
0 0.6046875 0.053125 0.08125 0.0890625