0 0.9859375 0.2078125 0.028125 0.04375
0 0.96953125 0.125 0.015625 0.015625
0 0.90234375 0.15546875 0.0125 0.0125
0 0.93046875 0.23203125 0.03125 0.03125
0 0.96640625 0.36328125 0.0171875 0.0171875
0 0.96796875 0.41875 0.025 0.025
0 0.903125 0.35234375 0.0125 0.0125
0 0.63828125 0.1609375 0.0546875 0.0546875
0 0.5953125 0.1296875 0.0125 0.0109375
0 0.409375 0.1171875 0.021875 0.021875
0 0.4765625 0.2109375 0.071875 0.071875
0 0.50078125 0.3625 0.015625 0.015625
0 0.2046875 0.08828125 0.015625 0.015625
0 0.171875 0.2609375 0.0875 0.0875
0 0.1546875 0.43828125 0.06875 0.06875
0 0.1015625 0.521875 0.0140625 0.0140625
0 0.0984375 0.6703125 0.015625 0.0140625
0 0.02734375 0.67109375 0.009375 0.009375
0 0.6953125 0.7140625 0.025 0.025
0 0.784375 0.590625 0.0796875 0.078125
0 0.471875 0.55859375 0.5375 0.534375
0 0.24609375 0.8375 0.284375 0.28125
0 0.396875 0.85078125 0.121875 0.1203125
0 0.98203125 0.63828125 0.0359375 0.0390625
0 0.6125 0.9125 0.2546875 0.175
0 0.83828125 0.74453125 0.0140625 0.0140625
0 0.07734375 0.15703125 0.03125 0.0296875
0 0.12578125 0.4125 0.0109375 0.0109375
0 0.634375 0.76171875 0.0125 0.0125
0 0.759375 0.84296875 0.0125 0.0125
0 0.803125 0.90859375 0.0109375 0.0109375
0 0.771875 0.91875 0.0140625 0.0140625
0 0.98515625 0.75859375 0.015625 0.015625
0 0.29765625 0.8828125 0.015625 0.015625