0 0.0140625 0.2078125 0.028125 0.04375
0 0.03046875 0.125 0.01640625 0.01640625
0 0.09765625 0.15546875 0.01171875 0.01171875
0 0.06953125 0.23203125 0.03125 0.03125
0 0.03359375 0.36328125 0.0171875 0.0171875
0 0.03203125 0.41875 0.02421875 0.02421875
0 0.096875 0.35234375 0.01171875 0.01171875
0 0.36171875 0.1609375 0.0546875 0.0546875
0 0.4046875 0.1296875 0.01171875 0.0109375
0 0.590625 0.1171875 0.02265625 0.02265625
0 0.5234375 0.2109375 0.071875 0.071875
0 0.49921875 0.3625 0.01640625 0.01640625
0 0.7953125 0.08828125 0.01484375 0.01484375
0 0.828125 0.2609375 0.0875 0.0875
0 0.8453125 0.43828125 0.06875 0.06875
0 0.8984375 0.521875 0.0140625 0.0140625
0 0.9015625 0.6703125 0.01484375 0.0140625
0 0.97265625 0.67109375 0.009375 0.009375
0 0.3046875 0.7140625 0.02421875 0.02421875
0 0.215625 0.590625 0.0796875 0.07890625
0 0.528125 0.55859375 0.5375 0.534375
0 0.75390625 0.8375 0.284375 0.28203125
0 0.603125 0.85078125 0.12109375 0.1203125
0 0.01796875 0.63828125 0.0359375 0.0390625
0 0.3875 0.9125 0.25390625 0.175
0 0.16171875 0.74453125 0.0140625 0.0140625
0 0.92265625 0.15703125 0.03046875 0.0296875
0 0.87421875 0.4125 0.0109375 0.0109375
0 0.365625 0.76171875 0.0125 0.0125
0 0.240625 0.84296875 0.01171875 0.01171875
0 0.196875 0.90859375 0.0109375 0.0109375
0 0.228125 0.91875 0.0140625 0.0140625
0 0.01484375 0.75859375 0.015625 0.015625
0 0.70234375 0.8828125 0.01484375 0.01484375