0 0.50703125 0.165625 0.0140625 0.0140625
0 0.659375 0.76640625 0.0265625 0.0265625
0 0.803125 0.87109375 0.0125 0.0125
0 0.73828125 0.9328125 0.0125 0.0125
0 0.5171875 0.40703125 0.015625 0.015625
0 0.43125 0.2046875 0.03125 0.03125
0 0.009375 0.51015625 0.0109375 0.0109375
0 0.009375 0.56328125 0.01875 0.01875
0 0.446875 0.959375 0.03125 0.03125
0 0.54296875 0.98359375 0.0390625 0.03125
0 0.0140625 0.2828125 0.0109375 0.0109375
0 0.3328125 0.60078125 0.01875 0.01875
0 0.28203125 0.5703125 0.028125 0.028125