0 0.6609375 0.74765625 0.0171875 0.0171875
0 0.88828125 0.84296875 0.015625 0.015625
0 0.8953125 0.64375 0.209375 0.246875
0 0.8359375 0.634375 0.0140625 0.0140625
0 0.5828125 0.6765625 0.0125 0.0125
0 0.5625 0.42109375 0.015625 0.015625
0 0.89765625 0.403125 0.0203125 0.0203125
0 0.4796875 0.53046875 0.025 0.025
0 0.50234375 0.20390625 0.021875 0.021875
0 0.8328125 0.26875 0.0140625 0.0140625
0 0.95859375 0.15078125 0.015625 0.015625
0 0.0828125 0.0484375 0.028125 0.028125
0 0.19296875 0.534375 0.0125 0.0125
0 0.2453125 0.88125 0.0125 0.0125
0 0.84453125 0.15234375 0.015625 0.015625
0 0.8515625 0.2671875 0.0140625 0.015625
0 0.98515625 0.13671875 0.0140625 0.0140625
0 0.975 0.1515625 0.0109375 0.0109375
0 0.85078125 0.42109375 0.009375 0.009375
0 0.86015625 0.28984375 0.0125 0.0125
0 0.67109375 0.09375 0.0140625 0.0140625
0 0.490625 0.70546875 0.009375 0.009375
0 0.18671875 0.48125 0.009375 0.009375
0 0.14609375 0.20625 0.015625 0.015625