0 0.0734375 0.27890625 0.0125 0.0125
0 0.12578125 0.3484375 0.03125 0.03125
0 0.92890625 0.46328125 0.1421875 0.2265625
0 0.66171875 0.696875 0.015625 0.015625
0 0.81328125 0.68203125 0.01875 0.01875
0 0.040625 0.03828125 0.015625 0.015625
0 0.41328125 0.653125 0.103125 0.1015625
0 0.3 0.02109375 0.0125 0.0125
0 0.3453125 0.8390625 0.009375 0.009375
0 0.934375 0.90390625 0.015625 0.015625
0 0.9421875 0.759375 0.0140625 0.0140625
0 0.99765625 0.384375 0.0046875 0.009375
0 0.540625 0.446875 0.0125 0.0125
0 0.3875 0.33984375 0.015625 0.015625
0 0.37265625 0.3421875 0.015625 0.015625
0 0.11796875 0.30390625 0.015625 0.015625
0 0.05 0.01484375 0.0109375 0.009375
0 0.03046875 0.03203125 0.0109375 0.0109375
0 0.028125 0.09453125 0.0109375 0.0109375
0 0.54296875 0.0484375 0.015625 0.015625
0 0.98515625 0.0828125 0.0125 0.0125