0 0.9265625 0.72109375 0.0125 0.0125
0 0.87421875 0.6515625 0.03125 0.03046875
0 0.07109375 0.53671875 0.1421875 0.2265625
0 0.33828125 0.303125 0.01484375 0.01484375
0 0.18671875 0.31796875 0.01953125 0.01953125
0 0.959375 0.96171875 0.01640625 0.01640625
0 0.58671875 0.346875 0.103125 0.1015625
0 0.7 0.97890625 0.0125 0.0125
0 0.6546875 0.1609375 0.009375 0.009375
0 0.065625 0.09609375 0.015625 0.01484375
0 0.0578125 0.240625 0.0140625 0.0140625
0 0.00234375 0.615625 0.0046875 0.009375
0 0.459375 0.553125 0.0125 0.0125
0 0.6125 0.66015625 0.015625 0.015625
0 0.62734375 0.6578125 0.01640625 0.015625
0 0.88203125 0.69609375 0.01484375 0.01484375
0 0.95 0.98515625 0.0109375 0.009375
0 0.96953125 0.96796875 0.0109375 0.0109375
0 0.971875 0.90546875 0.0109375 0.0109375
0 0.45703125 0.9515625 0.01640625 0.01640625
0 0.01484375 0.9171875 0.0125 0.0125