0 0.27890625 0.9265625 0.0125 0.0125
0 0.3484375 0.87421875 0.03125 0.03125
0 0.46328125 0.07109375 0.2265625 0.1421875
0 0.696875 0.33828125 0.015625 0.015625
0 0.68203125 0.18671875 0.01875 0.01875
0 0.03828125 0.959375 0.015625 0.015625
0 0.653125 0.58671875 0.1015625 0.103125
0 0.02109375 0.7 0.0125 0.0125
0 0.8390625 0.6546875 0.009375 0.009375
0 0.90390625 0.065625 0.015625 0.015625
0 0.759375 0.0578125 0.0140625 0.0140625
0 0.384375 0.00234375 0.009375 0.0046875
0 0.446875 0.459375 0.0125 0.0125
0 0.33984375 0.6125 0.015625 0.015625
0 0.3421875 0.62734375 0.015625 0.015625
0 0.30390625 0.88203125 0.015625 0.015625
0 0.01484375 0.95 0.009375 0.0109375
0 0.03203125 0.96953125 0.0109375 0.0109375
0 0.09453125 0.971875 0.0109375 0.0109375
0 0.0484375 0.45703125 0.015625 0.015625
0 0.0828125 0.01484375 0.0125 0.0125