0 0.0390625 0.8578125 0.015625 0.015625
0 0.45546875 0.99296875 0.0140625 0.0140625
0 0.5546875 0.990625 0.01875 0.01875
0 0.4421875 0.11171875 0.334375 0.2234375
0 0.58515625 0.275 0.0125 0.0125
0 0.31640625 0.1015625 0.0125 0.0125
0 0.23359375 0.39453125 0.015625 0.015625
0 0.696875 0.3609375 0.009375 0.0109375
0 0.4390625 0.628125 0.015625 0.015625
0 0.38203125 0.7140625 0.015625 0.0171875
0 0.3328125 0.6609375 0.009375 0.009375
0 0.3375 0.53984375 0.0140625 0.0140625
0 0.55703125 0.68828125 0.0125 0.0140625
0 0.06875 0.89765625 0.0109375 0.0109375
0 0.07578125 0.86328125 0.0125 0.0125
0 0.28515625 0.6625 0.015625 0.015625