0 0.1421875 0.9609375 0.015625 0.015625
0 0.00703125 0.54453125 0.0140625 0.0140625
0 0.009375 0.4453125 0.01875 0.01875
0 0.88828125 0.5578125 0.2234375 0.334375
0 0.725 0.41484375 0.01171875 0.01171875
0 0.8984375 0.68359375 0.0125 0.0125
0 0.60546875 0.76640625 0.015625 0.015625
0 0.6390625 0.303125 0.0109375 0.009375
0 0.371875 0.5609375 0.015625 0.015625
0 0.2859375 0.61796875 0.0171875 0.01640625
0 0.3390625 0.6671875 0.009375 0.009375
0 0.46015625 0.6625 0.0140625 0.0140625
0 0.31171875 0.44296875 0.0140625 0.0125
0 0.10234375 0.93125 0.0109375 0.0109375
0 0.13671875 0.92421875 0.01171875 0.01171875
0 0.3375 0.71484375 0.01640625 0.01640625