0 0.0625 0.19765625 0.01171875 0.0109375
0 0.1109375 0.315625 0.01484375 0.0140625
0 0.034375 0.4265625 0.01953125 0.0171875
0 0.16484375 0.17890625 0.01953125 0.01875
0 0.3765625 0.27265625 0.0125 0.0125
0 0.50390625 0.06953125 0.01953125 0.01875
0 0.396875 0.275 0.02265625 0.021875
0 0.4515625 0.25625 0.0140625 0.0140625
0 0.471875 0.25 0.109375 0.10234375
0 0.50859375 0.17109375 0.01171875 0.0109375
0 0.4078125 0.34921875 0.0171875 0.01640625
0 0.4046875 0.3171875 0.0515625 0.0484375
0 0.54140625 0.4484375 0.01171875 0.01171875
0 0.70390625 0.2625 0.0125 0.01171875
0 0.47890625 0.484375 0.01484375 0.0140625
0 0.40234375 0.48515625 0.0140625 0.0125
0 0.3875 0.5390625 0.021875 0.0203125
0 0.465625 0.52890625 0.01484375 0.0140625
0 0.1828125 0.4078125 0.0125 0.0125
0 0.15859375 0.56328125 0.025 0.02421875
0 0.38046875 0.5046875 0.07890625 0.075
0 0.5953125 0.61640625 0.225 0.2109375
0 0.56875 0.27578125 0.0109375 0.009375
0 0.90703125 0.2328125 0.02265625 0.021875
0 0.871875 0.79765625 0.021875 0.0203125
0 0.78359375 0.7796875 0.01640625 0.015625
0 0.66875 0.66484375 0.028125 0.02734375
0 0.71875 0.6984375 0.06171875 0.0578125
0 0.71953125 0.696875 0.01171875 0.0109375
0 0.8546875 0.71484375 0.0125 0.01171875
0 0.55234375 0.82421875 0.01484375 0.0140625
0 0.5375 0.7546875 0.01875 0.0171875
0 0.39765625 0.73125 0.0125 0.0125
0 0.221875 0.80703125 0.0140625 0.0125
0 0.14921875 0.78671875 0.0125 0.01171875
0 0.0203125 0.803125 0.0125 0.01171875
0 0.31015625 0.75078125 0.0125 0.01171875
0 0.41015625 0.67890625 0.0109375 0.009375
0 0.37890625 0.92265625 0.0109375 0.009375
0 0.075 0.140625 0.06171875 0.05859375
0 0.08828125 0.09921875 0.046875 0.04375
0 0.26484375 0.6125 0.01171875 0.0109375
0 0.0296875 0.62578125 0.0109375 0.009375
0 0.803125 0.8296875 0.0265625 0.02421875
0 0.7203125 0.72734375 0.0171875 0.01640625
0 0.871875 0.83984375 0.028125 0.02734375
0 0.06328125 0.79375 0.053125 0.0484375