0 0.80234375 0.0625 0.0109375 0.0125
0 0.684375 0.1109375 0.0140625 0.015625
0 0.5734375 0.034375 0.0171875 0.01875
0 0.82109375 0.16484375 0.01875 0.01875
0 0.72734375 0.3765625 0.0125 0.0125
0 0.93046875 0.50390625 0.01875 0.01875
0 0.725 0.396875 0.021875 0.021875
0 0.74375 0.4515625 0.0140625 0.0140625
0 0.75 0.471875 0.103125 0.109375
0 0.82890625 0.50859375 0.0109375 0.0125
0 0.65078125 0.4078125 0.015625 0.0171875
0 0.6828125 0.4046875 0.0484375 0.0515625
0 0.5515625 0.54140625 0.0125 0.0125
0 0.7375 0.70390625 0.0125 0.0125
0 0.515625 0.47890625 0.0140625 0.015625
0 0.51484375 0.40234375 0.0125 0.0140625
0 0.4609375 0.3875 0.0203125 0.021875
0 0.47109375 0.465625 0.0140625 0.015625
0 0.5921875 0.1828125 0.0125 0.0125
0 0.43671875 0.15859375 0.025 0.025
0 0.4953125 0.38046875 0.075 0.078125
0 0.38359375 0.5953125 0.2109375 0.225
0 0.72421875 0.56875 0.009375 0.0109375
0 0.7671875 0.90703125 0.021875 0.0234375
0 0.20234375 0.871875 0.0203125 0.021875
0 0.2203125 0.78359375 0.015625 0.015625
0 0.33515625 0.66875 0.028125 0.028125
0 0.3015625 0.71875 0.0578125 0.0625
0 0.303125 0.71953125 0.0109375 0.0125
0 0.28515625 0.8546875 0.0125 0.0125
0 0.17578125 0.55234375 0.0140625 0.015625
0 0.2453125 0.5375 0.0171875 0.01875
0 0.26875 0.39765625 0.0125 0.0125
0 0.19296875 0.221875 0.0125 0.0140625
0 0.21328125 0.14921875 0.0125 0.0125
0 0.196875 0.0203125 0.0125 0.0125
0 0.24921875 0.31015625 0.0125 0.0125
0 0.32109375 0.41015625 0.009375 0.0109375
0 0.07734375 0.37890625 0.009375 0.0109375
0 0.859375 0.075 0.059375 0.0625
0 0.90078125 0.08828125 0.04375 0.046875
0 0.3875 0.26484375 0.0109375 0.0125
0 0.37421875 0.0296875 0.009375 0.0109375
0 0.1703125 0.803125 0.025 0.0265625
0 0.27265625 0.7203125 0.015625 0.0171875
0 0.16015625 0.871875 0.028125 0.028125
0 0.20625 0.06328125 0.0484375 0.053125