0 0.9375 0.80234375 0.0125 0.0109375
0 0.8890625 0.684375 0.015625 0.0140625
0 0.965625 0.5734375 0.01875 0.0171875
0 0.83515625 0.82109375 0.01875 0.01875
0 0.6234375 0.72734375 0.0125 0.0125
0 0.49609375 0.93046875 0.01875 0.01875
0 0.603125 0.725 0.021875 0.021875
0 0.5484375 0.74375 0.0140625 0.0140625
0 0.528125 0.75 0.109375 0.103125
0 0.49140625 0.82890625 0.0125 0.0109375
0 0.5921875 0.65078125 0.0171875 0.015625
0 0.5953125 0.6828125 0.0515625 0.0484375
0 0.45859375 0.5515625 0.0125 0.0125
0 0.29609375 0.7375 0.0125 0.0125
0 0.52109375 0.515625 0.015625 0.0140625
0 0.59765625 0.51484375 0.0140625 0.0125
0 0.6125 0.4609375 0.021875 0.0203125
0 0.534375 0.47109375 0.015625 0.0140625
0 0.8171875 0.5921875 0.0125 0.0125
0 0.84140625 0.43671875 0.025 0.025
0 0.61953125 0.4953125 0.078125 0.075
0 0.4046875 0.38359375 0.225 0.2109375
0 0.43125 0.72421875 0.0109375 0.009375
0 0.09296875 0.7671875 0.0234375 0.021875
0 0.128125 0.20234375 0.021875 0.0203125
0 0.21640625 0.2203125 0.015625 0.015625
0 0.33125 0.33515625 0.028125 0.028125
0 0.28125 0.3015625 0.0625 0.0578125
0 0.28046875 0.303125 0.0125 0.0109375
0 0.1453125 0.28515625 0.0125 0.0125
0 0.44765625 0.17578125 0.015625 0.0140625
0 0.4625 0.2453125 0.01875 0.0171875
0 0.60234375 0.26875 0.0125 0.0125
0 0.778125 0.19296875 0.0140625 0.0125
0 0.85078125 0.21328125 0.0125 0.0125
0 0.9796875 0.196875 0.0125 0.0125
0 0.68984375 0.24921875 0.0125 0.0125
0 0.58984375 0.32109375 0.0109375 0.009375
0 0.62109375 0.07734375 0.0109375 0.009375
0 0.925 0.859375 0.0625 0.059375
0 0.91171875 0.90078125 0.046875 0.04375
0 0.73515625 0.3875 0.0125 0.0109375
0 0.9703125 0.37421875 0.0109375 0.009375
0 0.196875 0.1703125 0.0265625 0.025
0 0.2796875 0.27265625 0.0171875 0.015625
0 0.128125 0.16015625 0.028125 0.028125
0 0.93671875 0.20625 0.053125 0.0484375