0 0.52421875 0.9015625 0.0109375 0.0109375
0 0.55703125 0.98125 0.0109375 0.0109375
0 0.678125 0.725 0.028125 0.028125
0 0.67265625 0.7515625 0.0375 0.0375
0 0.546875 0.82890625 0.0140625 0.0140625
0 0.56171875 0.7546875 0.0125 0.0125
0 0.04609375 0.80390625 0.0125 0.0125
0 0.43671875 0.715625 0.06875 0.06875
0 0.58046875 0.43125 0.015625 0.015625
0 0.2421875 0.16171875 0.015625 0.015625
0 0.7015625 0.37890625 0.015625 0.015625
0 0.82109375 0.71171875 0.01875 0.01875
0 0.86953125 0.8453125 0.015625 0.015625
0 0.909375 0.84296875 0.009375 0.009375
0 0.903125 0.9875 0.046875 0.025
0 0.096875 0.55703125 0.0125 0.0125
0 0.59453125 0.425 0.009375 0.009375
0 0.94765625 0.1703125 0.015625 0.015625
0 0.9328125 0.60859375 0.0125 0.0125