0 0.0984375 0.47578125 0.0109375 0.0109375
0 0.01875 0.44296875 0.0109375 0.0109375
0 0.275 0.321875 0.028125 0.028125
0 0.2484375 0.32734375 0.0375 0.0375
0 0.17109375 0.453125 0.0140625 0.0140625
0 0.2453125 0.43828125 0.0125 0.0125
0 0.19609375 0.95390625 0.0125 0.0125
0 0.284375 0.56328125 0.06875 0.06875
0 0.56875 0.41953125 0.015625 0.015625
0 0.83828125 0.7578125 0.015625 0.015625
0 0.62109375 0.2984375 0.015625 0.015625
0 0.28828125 0.17890625 0.01875 0.01875
0 0.1546875 0.13046875 0.015625 0.015625
0 0.15703125 0.090625 0.009375 0.009375
0 0.0125 0.096875 0.025 0.046875
0 0.44296875 0.903125 0.0125 0.0125
0 0.575 0.40546875 0.009375 0.009375
0 0.8296875 0.05234375 0.015625 0.015625
0 0.39140625 0.0671875 0.0125 0.0125