0 0.0984375 0.52421875 0.0109375 0.0109375
0 0.01875 0.55703125 0.0109375 0.0109375
0 0.275 0.678125 0.02734375 0.02734375
0 0.2484375 0.67265625 0.03828125 0.03828125
0 0.17109375 0.546875 0.0140625 0.0140625
0 0.2453125 0.56171875 0.01171875 0.01171875
0 0.19609375 0.04609375 0.0125 0.0125
0 0.284375 0.43671875 0.06875 0.06875
0 0.56875 0.58046875 0.01640625 0.01640625
0 0.83828125 0.2421875 0.015625 0.015625
0 0.62109375 0.7015625 0.015625 0.015625
0 0.28828125 0.82109375 0.01953125 0.01953125
0 0.1546875 0.86953125 0.01484375 0.01484375
0 0.15703125 0.909375 0.009375 0.009375
0 0.0125 0.903125 0.02421875 0.046875
0 0.44296875 0.096875 0.01171875 0.01171875
0 0.575 0.59453125 0.009375 0.009375
0 0.8296875 0.94765625 0.01484375 0.01484375
0 0.39140625 0.9328125 0.0125 0.0125