0 0.63203125 0.23125 0.015625 0.015625
0 0.93125 0.16875 0.1375 0.209375
0 0.44375 0.1109375 0.0140625 0.0140625
0 0.1515625 0.1046875 0.015625 0.015625
0 0.234375 0.80625 0.0234375 0.0234375
0 0.4109375 0.9265625 0.0484375 0.0484375
0 0.4359375 0.94375 0.0421875 0.0421875
0 0.4453125 0.43984375 0.0140625 0.0140625
0 0.3078125 0.459375 0.0109375 0.0109375
0 0.5859375 0.85859375 0.0125 0.0125
0 0.7171875 0.72578125 0.0125 0.0125
0 0.5734375 0.65625 0.0109375 0.0109375
0 0.81171875 0.7171875 0.0234375 0.0234375
0 0.696875 0.15703125 0.0453125 0.04375
0 0.975 0.415625 0.0125 0.0125
0 0.10078125 0.5015625 0.0109375 0.0109375