0 0.76875 0.63203125 0.015625 0.015625
0 0.83125 0.93125 0.209375 0.1375
0 0.8890625 0.44375 0.0140625 0.0140625
0 0.8953125 0.1515625 0.015625 0.015625
0 0.19375 0.234375 0.0234375 0.0234375
0 0.0734375 0.4109375 0.0484375 0.0484375
0 0.05625 0.4359375 0.0421875 0.0421875
0 0.56015625 0.4453125 0.0140625 0.0140625
0 0.540625 0.3078125 0.0109375 0.0109375
0 0.14140625 0.5859375 0.0125 0.0125
0 0.27421875 0.7171875 0.0125 0.0125
0 0.34375 0.5734375 0.0109375 0.0109375
0 0.2828125 0.81171875 0.0234375 0.0234375
0 0.84296875 0.696875 0.04375 0.0453125
0 0.584375 0.975 0.0125 0.0125
0 0.4984375 0.10078125 0.0109375 0.0109375