0 0.08125 0.165625 0.009375 0.009375
0 0.02890625 0.275 0.021875 0.0203125
0 0.06171875 0.37890625 0.0125 0.0125
0 0.153125 0.065625 0.0109375 0.0109375
0 0.2796875 0.50390625 0.01640625 0.01640625
0 0.24296875 0.58046875 0.015625 0.015625
0 0.07734375 0.5828125 0.06640625 0.06640625
0 0.33515625 0.58046875 0.0234375 0.0234375
0 0.79296875 0.56953125 0.02265625 0.02265625
0 0.78046875 0.2375 0.021875 0.021875
0 0.5296875 0.2296875 0.01171875 0.01171875
0 0.9859375 0.7984375 0.01171875 0.01171875
0 0.046875 0.25234375 0.009375 0.009375
0 0.059375 0.2703125 0.0125 0.0125
0 0.6515625 0.39140625 0.009375 0.009375
0 0.95234375 0.45234375 0.015625 0.015625
0 0.40703125 0.9078125 0.0109375 0.0109375