0 0.834375 0.91875 0.009375 0.009375
0 0.725 0.97109375 0.0203125 0.021875
0 0.62109375 0.93828125 0.0125 0.0125
0 0.934375 0.846875 0.0109375 0.0109375
0 0.49609375 0.7203125 0.015625 0.015625
0 0.41953125 0.75703125 0.015625 0.015625
0 0.4171875 0.92265625 0.065625 0.065625
0 0.41953125 0.66484375 0.0234375 0.0234375
0 0.43046875 0.20703125 0.021875 0.021875
0 0.7625 0.21953125 0.021875 0.021875
0 0.7703125 0.4703125 0.0125 0.0125
0 0.2015625 0.0140625 0.0125 0.0125
0 0.74765625 0.953125 0.009375 0.009375
0 0.7296875 0.940625 0.0125 0.0125
0 0.60859375 0.3484375 0.009375 0.009375
0 0.54765625 0.04765625 0.015625 0.015625
0 0.0921875 0.59296875 0.0109375 0.0109375