0 0.30859375 0.12109375 0.1203125 0.115625
0 0.08984375 0.96640625 0.0578125 0.05625
0 0.14453125 0.86328125 0.05625 0.053125
0 0.17421875 0.63203125 0.209375 0.2
0 0.32421875 0.796875 0.065625 0.0625
0 0.52421875 0.40234375 0.0578125 0.05625
0 0.61875 0.3015625 0.0453125 0.04375
0 0.65 0.2875 0.05625 0.053125
0 0.73671875 0.74296875 0.06875 0.0671875
0 0.7609375 0.90234375 0.090625 0.0875
0 0.88671875 0.9515625 0.0796875 0.0765625
0 0.42578125 0.26328125 0.253125 0.24375
0 0.9265625 0.7609375 0.0359375 0.034375
0 0.7828125 0.24296875 0.0265625 0.0265625
0 0.853125 0.859375 0.084375 0.08125
0 0.6546875 0.8546875 0.0671875 0.0625
0 0.31015625 0.9046875 0.053125 0.05
0 0.39453125 0.9046875 0.034375 0.03125
0 0.15859375 0.95703125 0.05625 0.053125
0 0.196875 0.9796875 0.0796875 0.040625
0 0.8328125 0.91328125 0.0453125 0.04375