0 0.30859375 0.87890625 0.1203125 0.115625
0 0.08984375 0.03359375 0.0578125 0.05625
0 0.14453125 0.13671875 0.05625 0.053125
0 0.17421875 0.36796875 0.209375 0.2
0 0.32421875 0.203125 0.065625 0.0625
0 0.52421875 0.59765625 0.0578125 0.05625
0 0.61875 0.6984375 0.0453125 0.04375
0 0.65 0.7125 0.05625 0.053125
0 0.73671875 0.25703125 0.06875 0.0671875
0 0.7609375 0.09765625 0.090625 0.0875
0 0.88671875 0.0484375 0.0796875 0.0765625
0 0.42578125 0.73671875 0.253125 0.24375
0 0.9265625 0.2390625 0.0359375 0.034375
0 0.7828125 0.75703125 0.0265625 0.0265625
0 0.853125 0.140625 0.084375 0.08125
0 0.6546875 0.1453125 0.0671875 0.0625
0 0.31015625 0.0953125 0.053125 0.05
0 0.39453125 0.0953125 0.034375 0.03125
0 0.15859375 0.04296875 0.05625 0.053125
0 0.196875 0.0203125 0.0796875 0.040625
0 0.8328125 0.08671875 0.0453125 0.04375