0 0.69140625 0.12109375 0.1203125 0.115625
0 0.91015625 0.96640625 0.0578125 0.05546875
0 0.85546875 0.86328125 0.05546875 0.053125
0 0.82578125 0.63203125 0.209375 0.19921875
0 0.67578125 0.796875 0.06484375 0.0625
0 0.47578125 0.40234375 0.0578125 0.05546875
0 0.38125 0.3015625 0.0453125 0.04296875
0 0.35 0.2875 0.05546875 0.053125
0 0.26328125 0.74296875 0.06953125 0.0671875
0 0.2390625 0.90234375 0.09140625 0.08671875
0 0.11328125 0.9515625 0.0796875 0.0765625
0 0.57421875 0.26328125 0.25234375 0.24296875
0 0.0734375 0.7609375 0.0359375 0.03359375
0 0.2171875 0.24296875 0.0265625 0.0265625
0 0.146875 0.859375 0.084375 0.08203125
0 0.3453125 0.8546875 0.0671875 0.0625
0 0.68984375 0.9046875 0.053125 0.05078125
0 0.60546875 0.9046875 0.03359375 0.03125
0 0.84140625 0.95703125 0.05546875 0.053125
0 0.803125 0.9796875 0.0796875 0.040625
0 0.1671875 0.91328125 0.0453125 0.04296875