0 0.52265625 0.0890625 0.021875 0.021875
0 0.6578125 0.3875 0.025 0.025
0 0.7640625 0.66796875 0.0109375 0.0109375
0 0.2640625 0.70859375 0.015625 0.015625
0 0.66484375 0.05546875 0.03203125 0.03203125
0 0.0125 0.365625 0.02421875 0.02421875
0 0.675 0.6703125 0.0125 0.0125
0 0.61875 0.8015625 0.02265625 0.02265625
0 0.6140625 0.6234375 0.009375 0.009375
0 0.059375 0.54765625 0.0140625 0.0140625
0 0.08203125 0.9015625 0.0125 0.0125
0 0.78984375 0.9328125 0.028125 0.028125
0 0.7953125 0.94375 0.015625 0.015625