0 0.97421875 0.72890625 0.0140625 0.0140625
0 0.92265625 0.55625 0.0125 0.0125
0 0.6203125 0.9875 0.0125 0.0125
0 0.5 0.990625 0.021875 0.01875
0 0.4671875 0.92578125 0.0109375 0.0109375
0 0.41875 0.94453125 0.0109375 0.0109375
0 0.6125 0.87578125 0.01875 0.01875
0 0.75078125 0.8 0.0125 0.0125
0 0.87265625 0.60078125 0.046875 0.0484375
0 0.74765625 0.59453125 0.109375 0.109375
0 0.6375 0.5078125 0.0140625 0.0140625
0 0.64140625 0.67265625 0.0171875 0.0171875
0 0.6296875 0.71953125 0.0125 0.0125
0 0.6875 0.83515625 0.1125 0.1140625
0 0.4953125 0.5625 0.0140625 0.0140625
0 0.51015625 0.67578125 0.325 0.328125
0 0.4046875 0.4484375 0.0328125 0.034375
0 0.80546875 0.35234375 0.015625 0.015625
0 0.81875 0.3109375 0.015625 0.015625
0 0.4828125 0.33359375 0.015625 0.015625
0 0.37890625 0.46953125 0.0453125 0.046875
0 0.4109375 0.3203125 0.028125 0.028125
0 0.6546875 0.05625 0.0125 0.0125
0 0.65 0.38515625 0.0125 0.0125
0 0.3828125 0.8421875 0.0125 0.0125
0 0.475 0.14375 0.01875 0.01875
0 0.5015625 0.13125 0.01875 0.01875
0 0.3796875 0.06875 0.0375 0.0390625
0 0.4515625 0.021875 0.01875 0.01875
0 0.103125 0.00703125 0.015625 0.0140625
0 0.11640625 0.26953125 0.046875 0.046875
0 0.2078125 0.18046875 0.071875 0.071875
0 0.25703125 0.04921875 0.084375 0.084375
0 0.2203125 0.70078125 0.01875 0.01875
0 0.275 0.8765625 0.1140625 0.115625
0 0.08359375 0.90390625 0.015625 0.015625
0 0.06953125 0.98515625 0.0125 0.0140625
0 0.06640625 0.69296875 0.0828125 0.084375
0 0.0140625 0.7828125 0.00625 0.0109375
0 0.9203125 0.9578125 0.028125 0.028125
0 0.37890625 0.39375 0.046875 0.046875
0 0.5234375 0.47265625 0.0109375 0.0109375
0 0.3296875 0.2296875 0.0125 0.0140625
0 0.65546875 0.9328125 0.065625 0.0671875
0 0.915625 0.52578125 0.0390625 0.0390625
0 0.9421875 0.5484375 0.071875 0.071875
0 0.9953125 0.775 0.009375 0.0125
0 0.86171875 0.5 0.0125 0.0125
0 0.7140625 0.3765625 0.009375 0.0109375
0 0.7296875 0.1765625 0.0109375 0.0109375
0 0.5859375 0.01484375 0.0125 0.009375
0 0.38984375 0.19609375 0.009375 0.009375
0 0.38515625 0.25703125 0.009375 0.009375
0 0.3625 0.8953125 0.0109375 0.0109375
0 0.2 0.8546875 0.009375 0.0109375
0 0.09453125 0.70859375 0.0109375 0.0109375
0 0.15703125 0.58671875 0.009375 0.009375
0 0.27421875 0.46015625 0.009375 0.009375
0 0.13125 0.3765625 0.0125 0.0125
0 0.121875 0.12265625 0.0171875 0.0171875
0 0.22890625 0.1078125 0.009375 0.009375
0 0.1984375 0.0890625 0.009375 0.009375
0 0.2234375 0.19609375 0.0125 0.0125