0 0.27109375 0.97421875 0.0140625 0.0140625
0 0.44375 0.92265625 0.0125 0.0125
0 0.0125 0.6203125 0.0125 0.0125
0 0.009375 0.5 0.01875 0.021875
0 0.07421875 0.4671875 0.0109375 0.0109375
0 0.05546875 0.41875 0.0109375 0.0109375
0 0.12421875 0.6125 0.01875 0.01875
0 0.2 0.75078125 0.0125 0.0125
0 0.39921875 0.87265625 0.046875 0.046875
0 0.40546875 0.74765625 0.109375 0.109375
0 0.4921875 0.6375 0.0140625 0.0140625
0 0.32734375 0.64140625 0.0171875 0.0171875
0 0.28046875 0.6296875 0.0125 0.0125
0 0.16484375 0.6875 0.1140625 0.1125
0 0.4375 0.4953125 0.0140625 0.0140625
0 0.32421875 0.51015625 0.328125 0.325
0 0.5515625 0.4046875 0.034375 0.0328125
0 0.64765625 0.80546875 0.015625 0.015625
0 0.6890625 0.81875 0.015625 0.015625
0 0.66640625 0.4828125 0.015625 0.015625
0 0.53046875 0.37890625 0.046875 0.0453125
0 0.6796875 0.4109375 0.028125 0.028125
0 0.94375 0.6546875 0.0125 0.0125
0 0.61484375 0.65 0.0125 0.0125
0 0.1578125 0.3828125 0.0125 0.0125
0 0.85625 0.475 0.01875 0.01875
0 0.86875 0.5015625 0.01875 0.01875
0 0.93125 0.3796875 0.0390625 0.0375
0 0.978125 0.4515625 0.01875 0.01875
0 0.99296875 0.103125 0.0140625 0.015625
0 0.73046875 0.11640625 0.046875 0.046875
0 0.81953125 0.2078125 0.071875 0.071875
0 0.95078125 0.25703125 0.084375 0.084375
0 0.29921875 0.2203125 0.01875 0.01875
0 0.1234375 0.275 0.115625 0.1140625
0 0.09609375 0.08359375 0.015625 0.015625
0 0.01484375 0.06953125 0.0140625 0.0125
0 0.30703125 0.06640625 0.084375 0.0828125
0 0.2171875 0.0140625 0.0109375 0.00625
0 0.0421875 0.9203125 0.028125 0.028125
0 0.60625 0.37890625 0.046875 0.046875
0 0.52734375 0.5234375 0.0109375 0.0109375
0 0.7703125 0.3296875 0.0140625 0.0125
0 0.0671875 0.65546875 0.065625 0.065625
0 0.47421875 0.915625 0.0390625 0.0390625
0 0.4515625 0.9421875 0.071875 0.071875
0 0.225 0.9953125 0.0125 0.009375
0 0.5 0.86171875 0.0125 0.0125
0 0.6234375 0.7140625 0.0109375 0.009375
0 0.8234375 0.7296875 0.0109375 0.0109375
0 0.98515625 0.5859375 0.009375 0.0125
0 0.80390625 0.38984375 0.009375 0.009375
0 0.74296875 0.38515625 0.009375 0.009375
0 0.1046875 0.3625 0.0109375 0.0109375
0 0.1453125 0.2 0.0109375 0.009375
0 0.29140625 0.09453125 0.0109375 0.0109375
0 0.41328125 0.15703125 0.009375 0.009375
0 0.53984375 0.27421875 0.009375 0.009375
0 0.6234375 0.13125 0.0125 0.0125
0 0.87734375 0.121875 0.0171875 0.0171875
0 0.8921875 0.22890625 0.009375 0.009375
0 0.9109375 0.1984375 0.009375 0.009375
0 0.80390625 0.2234375 0.0125 0.0125