0 0.0140625 0.0359375 0.02734375 0.0265625
0 0.2484375 0.15 0.0140625 0.0125
0 0.540625 0.08125 0.025 0.02421875
0 0.58515625 0.03828125 0.0125 0.01171875
0 0.6546875 0.28046875 0.0296875 0.028125
0 0.74375 0.246875 0.015625 0.01484375
0 0.934375 0.009375 0.025 0.01875
0 0.96875 0.06953125 0.02734375 0.0265625
0 0.93828125 0.29140625 0.01875 0.0171875
0 0.8625 0.228125 0.03984375 0.03828125
0 0.65546875 0.4890625 0.06171875 0.05859375
0 0.74140625 0.74453125 0.5171875 0.5109375
0 0.3609375 0.53515625 0.015625 0.01484375
0 0.4 0.6453125 0.040625 0.0390625
0 0.4484375 0.659375 0.01171875 0.0109375
0 0.1125 0.80625 0.01484375 0.01484375
0 0.4421875 0.665625 0.09296875 0.0875
0 0.0890625 0.95234375 0.0640625 0.06171875
0 0.24921875 0.96171875 0.01640625 0.015625
0 0.45390625 0.965625 0.0109375 0.009375
0 0.35 0.771875 0.0140625 0.0125