0 0.0140625 0.9640625 0.028125 0.0265625
0 0.2484375 0.85 0.0140625 0.0125
0 0.540625 0.91875 0.025 0.025
0 0.58515625 0.96171875 0.0125 0.0125
0 0.6546875 0.71953125 0.0296875 0.028125
0 0.74375 0.753125 0.015625 0.015625
0 0.934375 0.990625 0.025 0.01875
0 0.96875 0.93046875 0.028125 0.0265625
0 0.93828125 0.70859375 0.01875 0.0171875
0 0.8625 0.771875 0.040625 0.0390625
0 0.65546875 0.5109375 0.0625 0.059375
0 0.74140625 0.25546875 0.5171875 0.5109375
0 0.3609375 0.46484375 0.015625 0.015625
0 0.4 0.3546875 0.040625 0.0390625
0 0.4484375 0.340625 0.0125 0.0109375
0 0.1125 0.19375 0.015625 0.015625
0 0.4421875 0.334375 0.09375 0.0875
0 0.0890625 0.04765625 0.0640625 0.0625
0 0.24921875 0.03828125 0.015625 0.015625
0 0.45390625 0.034375 0.0109375 0.009375
0 0.35 0.228125 0.0140625 0.0125