0 0.92265625 0.05234375 0.01484375 0.01484375
0 0.3828125 0.0609375 0.021875 0.02109375
0 0.14921875 0.225 0.0125 0.0125
0 0.48515625 0.69921875 0.0265625 0.0265625
0 0.4390625 0.77265625 0.0109375 0.0109375
0 0.7203125 0.81171875 0.01171875 0.01171875
0 0.8453125 0.6765625 0.01171875 0.01171875
0 0.9203125 0.7328125 0.015625 0.015625
0 0.91015625 0.59765625 0.0234375 0.0234375
0 0.9578125 0.609375 0.025 0.025
0 0.815625 0.48046875 0.0203125 0.0203125
0 0.375 0.4171875 0.02265625 0.021875
0 0.91171875 0.934375 0.01953125 0.01953125