0 0.63984375 0.11640625 0.36015625 0.2328125
0 0.0515625 0.084375 0.01875 0.0171875
0 0.053125 0.23125 0.0640625 0.05859375
0 0.04375 0.2046875 0.05 0.0453125
0 0.15859375 0.0171875 0.0609375 0.034375
0 0.21328125 0.20078125 0.015625 0.0140625
0 0.34375 0.11875 0.07109375 0.0640625
0 0.340625 0.25 0.01640625 0.01484375
0 0.21171875 0.41015625 0.0125 0.01171875
0 0.23359375 0.484375 0.03984375 0.0359375
0 0.4171875 0.11015625 0.015625 0.0140625
0 0.39765625 0.303125 0.0140625 0.0125
0 0.43828125 0.47421875 0.05390625 0.0484375
0 0.578125 0.49375 0.07734375 0.0703125
0 0.746875 0.31171875 0.015625 0.01484375
0 0.8328125 0.04453125 0.0125 0.01171875
0 0.784375 0.78046875 0.04375 0.03984375
0 0.759375 0.91796875 0.01171875 0.0109375
0 0.93359375 0.5390625 0.0875 0.0796875
0 0.6109375 0.8609375 0.0140625 0.0125
0 0.50625 0.57890625 0.06328125 0.0578125
0 0.46171875 0.62578125 0.0203125 0.01875
0 0.3328125 0.55 0.0203125 0.01875
0 0.015625 0.53046875 0.03125 0.03203125
0 0.13203125 0.6390625 0.0171875 0.01640625
0 0.13125 0.88671875 0.0109375 0.009375
0 0.215625 0.91796875 0.2375 0.1640625
0 0.18671875 0.03828125 0.0109375 0.009375
0 0.29765625 0.365625 0.0109375 0.009375
0 0.3296875 0.371875 0.0109375 0.009375
0 0.20234375 0.68203125 0.01171875 0.009375
0 0.98359375 0.6921875 0.0171875 0.015625