0 0.88359375 0.63984375 0.2328125 0.359375
0 0.915625 0.0515625 0.0171875 0.01875
0 0.76875 0.053125 0.059375 0.0640625
0 0.7953125 0.04375 0.0453125 0.05
0 0.9828125 0.15859375 0.034375 0.0609375
0 0.79921875 0.21328125 0.0140625 0.015625
0 0.88125 0.34375 0.0640625 0.071875
0 0.75 0.340625 0.015625 0.015625
0 0.58984375 0.21171875 0.0125 0.0125
0 0.515625 0.23359375 0.0359375 0.040625
0 0.88984375 0.4171875 0.0140625 0.015625
0 0.696875 0.39765625 0.0125 0.0140625
0 0.52578125 0.43828125 0.0484375 0.053125
0 0.50625 0.578125 0.0703125 0.078125
0 0.68828125 0.746875 0.015625 0.015625
0 0.95546875 0.8328125 0.0125 0.0125
0 0.21953125 0.784375 0.040625 0.04375
0 0.08203125 0.759375 0.0109375 0.0125
0 0.4609375 0.93359375 0.0796875 0.0875
0 0.1390625 0.6109375 0.0125 0.0140625
0 0.42109375 0.50625 0.0578125 0.0625
0 0.37421875 0.46171875 0.01875 0.0203125
0 0.45 0.3328125 0.01875 0.0203125
0 0.46953125 0.015625 0.03125 0.03125
0 0.3609375 0.13203125 0.015625 0.0171875
0 0.11328125 0.13125 0.009375 0.0109375
0 0.08203125 0.215625 0.1640625 0.2375
0 0.96171875 0.18671875 0.009375 0.0109375
0 0.634375 0.29765625 0.009375 0.0109375
0 0.628125 0.3296875 0.009375 0.0109375
0 0.31796875 0.20234375 0.009375 0.0125
0 0.3078125 0.98359375 0.015625 0.0171875