0 0.228125 0.0578125 0.0109375 0.0125
0 0.0625 0.10859375 0.0171875 0.01875
0 0.0234375 0.15546875 0.0125 0.0125
0 0.0375 0.2078125 0.075 0.096875
0 0.16015625 0.1484375 0.009375 0.0109375
0 0.253125 0.26484375 0.0125 0.0140625
0 0.3546875 0.2546875 0.0125 0.0125
0 0.053125 0.378125 0.01875 0.0203125
0 0.228125 0.478125 0.0109375 0.0125
0 0.0921875 0.68984375 0.0125 0.0140625
0 0.17890625 0.5734375 0.071875 0.078125
0 0.21015625 0.63984375 0.046875 0.05
0 0.28671875 0.496875 0.0734375 0.0796875
0 0.30546875 0.65546875 0.0140625 0.015625
0 0.271875 0.8265625 0.0109375 0.0125
0 0.2328125 0.8359375 0.0125 0.0140625
0 0.1640625 0.8484375 0.0296875 0.03125
0 0.12421875 0.8640625 0.2484375 0.271875
0 0.54453125 0.92578125 0.015625 0.015625
0 0.571875 0.95859375 0.075 0.08125
0 0.67734375 0.9328125 0.0125 0.0125
0 0.7453125 0.94453125 0.009375 0.0109375
0 0.7921875 0.9578125 0.0125 0.015625
0 0.896875 0.85859375 0.0203125 0.021875
0 0.83671875 0.83515625 0.078125 0.0859375
0 0.84453125 0.6546875 0.021875 0.0234375
0 0.909375 0.67734375 0.0125 0.0125
0 0.48671875 0.803125 0.040625 0.0453125
0 0.43046875 0.7921875 0.015625 0.0171875
0 0.440625 0.7921875 0.05625 0.0609375
0 0.70859375 0.61171875 0.0125 0.0140625
0 0.73203125 0.5796875 0.015625 0.0171875
0 0.4875 0.57109375 0.025 0.028125
0 0.93359375 0.5375 0.0109375 0.0125
0 0.675 0.728125 0.2875 0.3140625
0 0.44140625 0.34453125 0.0140625 0.015625
0 0.5125 0.40546875 0.03125 0.034375
0 0.61875 0.4171875 0.021875 0.0234375
0 0.6984375 0.38203125 0.015625 0.015625
0 0.82890625 0.35859375 0.01875 0.021875
0 0.859375 0.32734375 0.0109375 0.0125
0 0.915625 0.34609375 0.0125 0.0140625
0 0.89375 0.3421875 0.034375 0.0390625
0 0.93203125 0.19609375 0.0125 0.0125
0 0.83828125 0.09375 0.0125 0.0125
0 0.5953125 0.25234375 0.01875 0.0203125
0 0.58046875 0.16484375 0.0109375 0.0125
0 0.63125 0.184375 0.009375 0.0109375
0 0.94296875 0.0265625 0.015625 0.015625
0 0.6625 0.01484375 0.0328125 0.0296875
0 0.0484375 0.571875 0.0125 0.0125
0 0.24921875 0.62265625 0.0125 0.0125
0 0.60625 0.815625 0.009375 0.0109375
0 0.865625 0.528125 0.0109375 0.0125