0 0.2171875 0.509375 0.040625 0.040625
0 0.25234375 0.6859375 0.015625 0.015625
0 0.153125 0.83125 0.0109375 0.0109375
0 0.6015625 0.8984375 0.0234375 0.0234375
0 0.4671875 0.740625 0.0125 0.0125
0 0.46328125 0.77578125 0.0171875 0.0171875
0 0.709375 0.4796875 0.0328125 0.0328125
0 0.946875 0.984375 0.015625 0.015625
0 0.86640625 0.19375 0.053125 0.053125
0 0.221875 0.040625 0.015625 0.015625
0 0.0875 0.01015625 0.0203125 0.0203125
0 0.31953125 0.8421875 0.0125 0.0125
0 0.775 0.91484375 0.015625 0.015625
0 0.87578125 0.7234375 0.0109375 0.0109375
0 0.8046875 0.7125 0.0125 0.0125
0 0.8765625 0.80703125 0.009375 0.009375
0 0.734375 0.684375 0.009375 0.009375
0 0.6671875 0.6578125 0.0109375 0.0109375
0 0.08671875 0.8140625 0.0125 0.0125
0 0.4625 0.45234375 0.015625 0.015625