0 0.2171875 0.490625 0.03984375 0.03984375
0 0.25234375 0.3140625 0.015625 0.015625
0 0.153125 0.16875 0.0109375 0.0109375
0 0.6015625 0.1015625 0.0234375 0.0234375
0 0.4671875 0.259375 0.0125 0.0125
0 0.46328125 0.22421875 0.0171875 0.0171875
0 0.709375 0.5203125 0.0328125 0.0328125
0 0.946875 0.015625 0.01484375 0.01484375
0 0.86640625 0.80625 0.053125 0.053125
0 0.221875 0.959375 0.01640625 0.01640625
0 0.0875 0.98984375 0.0203125 0.0203125
0 0.31953125 0.1578125 0.01171875 0.01171875
0 0.775 0.08515625 0.01484375 0.01484375
0 0.87578125 0.2765625 0.0109375 0.0109375
0 0.8046875 0.2875 0.0125 0.0125
0 0.8765625 0.19296875 0.009375 0.009375
0 0.734375 0.315625 0.009375 0.009375
0 0.6671875 0.3421875 0.0109375 0.0109375
0 0.08671875 0.1859375 0.0125 0.0125
0 0.4625 0.54765625 0.01484375 0.01484375