0 0.35859375 0.5265625 0.2640625 0.2578125
0 0.51171875 0.60234375 0.05078125 0.05
0 0.815625 0.14609375 0.01875 0.01875
0 0.7953125 0.2640625 0.01640625 0.015625
0 0.65390625 0.071875 0.0171875 0.0171875
0 0.8890625 0.128125 0.0140625 0.0140625
0 0.725 0.00390625 0.0125 0.0078125
0 0.665625 0.9921875 0.028125 0.015625
0 0.39765625 0.9140625 0.06171875 0.059375
0 0.19375 0.86796875 0.02421875 0.02421875
0 0.70625 0.259375 0.01171875 0.0109375
0 0.61484375 0.1484375 0.0109375 0.0109375
0 0.3703125 0.09296875 0.01484375 0.0140625
0 0.2796875 0.29765625 0.0125 0.0125
0 0.0828125 0.62109375 0.02265625 0.021875
0 0.3296875 0.684375 0.0109375 0.0109375
0 0.5640625 0.4765625 0.0140625 0.0140625
0 0.5890625 0.66640625 0.0125 0.01171875
0 0.55859375 0.7484375 0.01171875 0.0109375
0 0.43671875 0.75078125 0.01171875 0.0109375
0 0.440625 0.734375 0.0140625 0.0140625
0 0.47734375 0.703125 0.01484375 0.01484375
0 0.4328125 0.68125 0.0109375 0.0109375
0 0.4265625 0.72890625 0.01171875 0.01171875
0 0.51015625 0.684375 0.021875 0.021875
0 0.6234375 0.3734375 0.0109375 0.0109375
0 0.96875 0.84140625 0.0109375 0.0109375
0 0.93828125 0.80390625 0.0109375 0.009375
0 0.61015625 0.978125 0.01875 0.01875
0 0.61015625 0.94296875 0.0171875 0.0171875
0 0.50859375 0.9734375 0.01640625 0.01640625
0 0.459375 0.846875 0.0125 0.0125
0 0.4265625 0.85 0.01171875 0.01171875
0 0.390625 0.7921875 0.02265625 0.02265625
0 0.315625 0.7140625 0.0109375 0.0109375
0 0.32265625 0.72421875 0.0125 0.0125
0 0.39140625 0.9171875 0.03203125 0.03203125
0 0.5015625 0.71171875 0.01484375 0.01484375
0 0.49296875 0.80625 0.01875 0.0171875
0 0.1765625 0.771875 0.0109375 0.009375