0 0.4734375 0.35859375 0.2578125 0.2640625
0 0.39765625 0.51171875 0.05 0.05
0 0.85390625 0.815625 0.01875 0.01875
0 0.7359375 0.7953125 0.015625 0.0171875
0 0.928125 0.65390625 0.0171875 0.0171875
0 0.871875 0.8890625 0.0140625 0.0140625
0 0.99609375 0.725 0.0078125 0.0125
0 0.0078125 0.665625 0.015625 0.028125
0 0.0859375 0.39765625 0.059375 0.0625
0 0.13203125 0.19375 0.025 0.025
0 0.740625 0.70625 0.0109375 0.0125
0 0.8515625 0.61484375 0.0109375 0.0109375
0 0.90703125 0.3703125 0.0140625 0.015625
0 0.70234375 0.2796875 0.0125 0.0125
0 0.37890625 0.0828125 0.021875 0.021875
0 0.315625 0.3296875 0.0109375 0.0109375
0 0.5234375 0.5640625 0.0140625 0.0140625
0 0.33359375 0.5890625 0.0125 0.0125
0 0.2515625 0.55859375 0.0109375 0.0125
0 0.24921875 0.43671875 0.0109375 0.0125
0 0.265625 0.440625 0.0140625 0.0140625
0 0.296875 0.47734375 0.015625 0.015625
0 0.31875 0.4328125 0.0109375 0.0109375
0 0.27109375 0.4265625 0.0125 0.0125
0 0.315625 0.51015625 0.021875 0.021875
0 0.6265625 0.6234375 0.0109375 0.0109375
0 0.15859375 0.96875 0.0109375 0.0109375
0 0.19609375 0.93828125 0.009375 0.0109375
0 0.021875 0.61015625 0.01875 0.01875
0 0.05703125 0.61015625 0.0171875 0.0171875
0 0.0265625 0.50859375 0.015625 0.015625
0 0.153125 0.459375 0.0125 0.0125
0 0.15 0.4265625 0.0125 0.0125
0 0.2078125 0.390625 0.021875 0.021875
0 0.2859375 0.315625 0.0109375 0.0109375
0 0.27578125 0.32265625 0.0125 0.0125
0 0.0828125 0.39140625 0.03125 0.03125
0 0.28828125 0.5015625 0.015625 0.015625
0 0.19375 0.49296875 0.0171875 0.01875
0 0.228125 0.1765625 0.009375 0.0109375