0 0.08203125 0.36015625 0.01875 0.01875
0 0.06015625 0.309375 0.01875 0.01875
0 0.76875 0.5171875 0.121875 0.125
0 0.58046875 0.11796875 0.046875 0.05
0 0.93046875 0.63671875 0.03125 0.03125
0 0.0921875 0.2953125 0.0203125 0.021875
0 0.07578125 0.290625 0.0140625 0.015625
0 0.48046875 0.175 0.0125 0.0140625
0 0.40546875 0.28203125 0.03125 0.03125
0 0.33125 0.565625 0.0109375 0.0109375
0 0.45 0.715625 0.0125 0.0125
0 0.509375 0.6625 0.021875 0.021875
0 0.525 0.665625 0.015625 0.0171875
0 0.5921875 0.62265625 0.0234375 0.025
0 0.58046875 0.62890625 0.0234375 0.0234375
0 0.7390625 0.79140625 0.0125 0.0125
0 0.91171875 0.6203125 0.025 0.025
0 0.9265625 0.60625 0.015625 0.015625