0 0.63984375 0.08203125 0.01953125 0.01875
0 0.690625 0.06015625 0.01875 0.01875
0 0.4828125 0.76875 0.125 0.121875
0 0.88203125 0.58046875 0.05 0.04765625
0 0.36328125 0.93046875 0.03125 0.03046875
0 0.7046875 0.0921875 0.021875 0.0203125
0 0.709375 0.07578125 0.01484375 0.0140625
0 0.825 0.48046875 0.0140625 0.0125
0 0.71796875 0.40546875 0.03203125 0.03125
0 0.434375 0.33125 0.0109375 0.0109375
0 0.284375 0.45 0.0125 0.0125
0 0.3375 0.509375 0.02265625 0.021875
0 0.334375 0.525 0.0171875 0.01640625
0 0.37734375 0.5921875 0.02421875 0.0234375
0 0.37109375 0.58046875 0.0234375 0.0234375
0 0.20859375 0.7390625 0.0125 0.0125
0 0.3796875 0.91171875 0.02421875 0.02421875
0 0.39375 0.9265625 0.015625 0.01484375