0 0.91796875 0.63984375 0.01875 0.01875
0 0.93984375 0.690625 0.01875 0.01875
0 0.23125 0.4828125 0.121875 0.125
0 0.41953125 0.88203125 0.046875 0.05
0 0.06953125 0.36328125 0.03125 0.03125
0 0.9078125 0.7046875 0.0203125 0.021875
0 0.92421875 0.709375 0.0140625 0.015625
0 0.51953125 0.825 0.0125 0.0140625
0 0.59453125 0.71796875 0.03125 0.03125
0 0.66875 0.434375 0.0109375 0.0109375
0 0.55 0.284375 0.0125 0.0125
0 0.490625 0.3375 0.021875 0.021875
0 0.475 0.334375 0.015625 0.0171875
0 0.4078125 0.37734375 0.0234375 0.025
0 0.41953125 0.37109375 0.0234375 0.0234375
0 0.2609375 0.20859375 0.0125 0.0125
0 0.08828125 0.3796875 0.025 0.025
0 0.0734375 0.39375 0.015625 0.015625