0 0.87421875 0.2796875 0.01171875 0.01171875
0 0.74453125 0.128125 0.0171875 0.01640625
0 0.4328125 0.21640625 0.01484375 0.01484375
0 0.3921875 0.1390625 0.0328125 0.03203125
0 0.36015625 0.12421875 0.0484375 0.046875
0 0.31015625 0.29296875 0.01484375 0.01484375
0 0.3296875 0.321875 0.021875 0.0203125
0 0.8515625 0.36015625 0.0234375 0.02265625
0 0.2734375 0.9421875 0.034375 0.0328125
0 0.4421875 0.92421875 0.07734375 0.075
0 0.825 0.94140625 0.0125 0.01171875
0 0.98828125 0.753125 0.0234375 0.03125
0 0.45234375 0.66640625 0.0140625 0.0125
0 0.6421875 0.39453125 0.01171875 0.01171875
0 0.61015625 0.4125 0.0125 0.0125
0 0.6578125 0.478125 0.0171875 0.01640625
0 0.89375 0.503125 0.0109375 0.009375
0 0.85703125 0.8546875 0.0734375 0.07109375
0 0.65546875 0.9203125 0.0109375 0.009375
0 0.6328125 0.89296875 0.0140625 0.0125