0 0.7203125 0.87421875 0.0125 0.0125
0 0.871875 0.74453125 0.015625 0.0171875
0 0.78359375 0.4328125 0.015625 0.015625
0 0.8609375 0.3921875 0.03125 0.0328125
0 0.87578125 0.36015625 0.046875 0.0484375
0 0.70703125 0.31015625 0.015625 0.015625
0 0.678125 0.3296875 0.0203125 0.021875
0 0.63984375 0.8515625 0.021875 0.0234375
0 0.0578125 0.2734375 0.0328125 0.034375
0 0.07578125 0.4421875 0.075 0.078125
0 0.05859375 0.825 0.0125 0.0125
0 0.246875 0.98828125 0.03125 0.0234375
0 0.33359375 0.45234375 0.0125 0.0140625
0 0.60546875 0.6421875 0.0125 0.0125
0 0.5875 0.61015625 0.0125 0.0125
0 0.521875 0.6578125 0.015625 0.0171875
0 0.496875 0.89375 0.009375 0.0109375
0 0.1453125 0.85703125 0.071875 0.0734375
0 0.0796875 0.65546875 0.009375 0.0109375
0 0.10703125 0.6328125 0.0125 0.0140625