0 0.56640625 0.25078125 0.0265625 0.028125
0 0.42109375 0.6921875 0.0125 0.0140625
0 0.621875 0.90078125 0.034375 0.0359375
0 0.7953125 0.8078125 0.0125 0.0125
0 0.9515625 0.790625 0.0453125 0.046875
0 0.82734375 0.678125 0.075 0.078125
0 0.4328125 0.790625 0.0125 0.0125
0 0.378125 0.67109375 0.0125 0.0140625
0 0.4078125 0.38515625 0.128125 0.134375
0 0.425 0.24765625 0.1671875 0.175
0 0.27265625 0.92265625 0.0859375 0.090625
0 0.26640625 0.7375 0.0875 0.0921875
0 0.2171875 0.25625 0.015625 0.015625
0 0.02421875 0.1359375 0.0125 0.0125
0 0.88125 0.96953125 0.0171875 0.01875
0 0.55 0.41484375 0.0109375 0.0109375
0 0.025 0.53984375 0.0125 0.0125