0 0.240625 0.04375 0.021875 0.01875
0 0.58671875 0.1640625 0.0125 0.0109375
0 0.9828125 0.18359375 0.01875 0.0171875
0 0.8265625 0.5515625 0.0359375 0.0328125
0 0.6046875 0.778125 0.028125 0.0265625
0 0.8546875 0.584375 0.0140625 0.0125
0 0.340625 0.18359375 0.0125 0.0125
0 0.24375 0.059375 0.0140625 0.0125
0 0.0640625 0.16015625 0.0125 0.0109375
0 0.18046875 0.540625 0.0125 0.0125
0 0.41484375 0.4125 0.0109375 0.0109375
0 0.81328125 0.51171875 0.0125 0.0109375
0 0.80078125 0.86328125 0.0109375 0.009375