0 0.95625 0.240625 0.01875 0.021875
0 0.8359375 0.58671875 0.0109375 0.0125
0 0.81640625 0.9828125 0.0171875 0.01875
0 0.4484375 0.8265625 0.0328125 0.0359375
0 0.221875 0.6046875 0.0265625 0.028125
0 0.415625 0.8546875 0.0125 0.0140625
0 0.81640625 0.340625 0.0125 0.0125
0 0.940625 0.24375 0.0125 0.0140625
0 0.83984375 0.0640625 0.0109375 0.0125
0 0.459375 0.18046875 0.0125 0.0125
0 0.5875 0.41484375 0.0109375 0.0109375
0 0.48828125 0.81328125 0.0109375 0.0125
0 0.13671875 0.80078125 0.009375 0.0109375