0 0.00859375 0.0125 0.0125 0.01171875
0 0.41484375 0.03984375 0.1359375 0.0796875
0 0.4265625 0.41484375 0.01953125 0.01875
0 0.35078125 0.56171875 0.0109375 0.0109375
0 0.803125 0.14765625 0.0234375 0.021875
0 0.75859375 0.06015625 0.0109375 0.009375
0 0.825 0.0296875 0.02421875 0.02265625
0 0.884375 0.740625 0.0515625 0.04765625
0 0.446875 0.87578125 0.1578125 0.146875
0 0.34609375 0.78125 0.01953125 0.01875
0 0.71953125 0.68515625 0.01484375 0.0140625
0 0.0734375 0.4984375 0.0171875 0.01640625
0 0.46015625 0.040625 0.015625 0.01484375
0 0.3625 0.0765625 0.015625 0.01484375
0 0.0796875 0.54296875 0.01171875 0.0109375
0 0.034375 0.71796875 0.01171875 0.01171875
0 0.62109375 0.9828125 0.0109375 0.009375