0 0.03984375 0.7203125 0.01875 0.021875
0 0.0765625 0.284375 0.053125 0.059375
0 0.7015625 0.15390625 0.0140625 0.015625
0 0.47109375 0.15546875 0.01875 0.0203125
0 0.41953125 0.15859375 0.0109375 0.0125
0 0.20859375 0.06953125 0.0109375 0.0125
0 0.68046875 0.28828125 0.0109375 0.0125
0 0.69609375 0.390625 0.0171875 0.01875
0 0.5796875 0.4203125 0.0359375 0.0390625
0 0.475 0.19453125 0.31875 0.3484375
0 0.4484375 0.27265625 0.0109375 0.0125
0 0.30078125 0.51875 0.0125 0.0140625
0 0.67421875 0.7453125 0.5203125 0.509375
0 0.28828125 0.89921875 0.2640625 0.2015625
0 0.7453125 0.98515625 0.015625 0.0171875
0 0.5078125 0.575 0.021875 0.025
0 0.83046875 0.746875 0.0109375 0.0125
0 0.90703125 0.52265625 0.1 0.109375
0 0.2 0.90078125 0.0109375 0.0125
0 0.190625 0.5609375 0.009375 0.0109375
0 0.378125 0.61796875 0.009375 0.0109375
0 0.4734375 0.621875 0.0125 0.0125
0 0.4078125 0.69375 0.0140625 0.015625
0 0.33515625 0.6671875 0.015625 0.015625
0 0.6828125 0.57734375 0.0125 0.0140625
0 0.62109375 0.3140625 0.0109375 0.0125
0 0.71796875 0.27109375 0.0109375 0.0125
0 0.96171875 0.240625 0.0125 0.0125
0 0.9515625 0.62734375 0.0109375 0.0125