0 0.96015625 0.2796875 0.01875 0.021875
0 0.9234375 0.715625 0.053125 0.059375
0 0.2984375 0.84609375 0.0140625 0.015625
0 0.52890625 0.84453125 0.01875 0.0203125
0 0.58046875 0.84140625 0.0109375 0.0125
0 0.79140625 0.93046875 0.0109375 0.0125
0 0.31953125 0.71171875 0.0109375 0.0125
0 0.30390625 0.609375 0.0171875 0.01875
0 0.4203125 0.5796875 0.0359375 0.0390625
0 0.525 0.80546875 0.31875 0.3484375
0 0.5515625 0.72734375 0.0109375 0.0125
0 0.69921875 0.48125 0.0125 0.0140625
0 0.32578125 0.2546875 0.5203125 0.509375
0 0.71171875 0.10078125 0.2640625 0.2015625
0 0.2546875 0.01484375 0.015625 0.015625
0 0.4921875 0.425 0.021875 0.025
0 0.16953125 0.253125 0.0109375 0.0125
0 0.09296875 0.47734375 0.1 0.109375
0 0.8 0.09921875 0.0109375 0.0125
0 0.809375 0.4390625 0.009375 0.0109375
0 0.621875 0.38203125 0.009375 0.0109375
0 0.5265625 0.378125 0.0125 0.0125
0 0.5921875 0.30625 0.0140625 0.015625
0 0.66484375 0.3328125 0.015625 0.015625
0 0.3171875 0.42265625 0.0125 0.0140625
0 0.37890625 0.6859375 0.0109375 0.0125
0 0.28203125 0.72890625 0.0109375 0.0125
0 0.03828125 0.759375 0.0125 0.0125
0 0.0484375 0.37265625 0.0109375 0.0125