0 0.021875 0.7296875 0.021875 0.01875
0 0.13046875 0.2140625 0.0203125 0.0171875
0 0.209375 0.3765625 0.053125 0.046875
0 0.25078125 0.30625 0.0203125 0.0171875
0 0.21015625 0.72890625 0.034375 0.03125
0 0.39140625 0.16171875 0.053125 0.046875
0 0.5921875 0.0578125 0.046875 0.0421875
0 0.44921875 0.21953125 0.0234375 0.0203125
0 0.7546875 0.2375 0.015625 0.0125
0 0.79296875 0.5578125 0.0421875 0.0375
0 0.93125 0.41875 0.1 0.0875
0 0.43203125 0.62890625 0.0171875 0.015625
0 0.428125 0.76640625 0.109375 0.0953125
0 0.684375 0.79375 0.0328125 0.0296875
0 0.5953125 0.3125 0.284375 0.2484375
0 0.38984375 0.86015625 0.015625 0.0140625
0 0.0234375 0.828125 0.0125 0.0109375
0 0.459375 0.1265625 0.01875 0.015625
0 0.52265625 0.028125 0.0125 0.0109375
0 0.61953125 0.0640625 0.0390625 0.034375
0 0.06953125 0.53046875 0.0125 0.0109375
0 0.49375 0.5359375 0.0125 0.0109375
0 0.7375 0.8953125 0.0125 0.0109375
0 0.08203125 0.92578125 0.0125 0.0109375