0 0.7296875 0.978125 0.01875 0.021875
0 0.2140625 0.86953125 0.0171875 0.0203125
0 0.3765625 0.790625 0.046875 0.053125
0 0.30625 0.74921875 0.0171875 0.0203125
0 0.72890625 0.78984375 0.03125 0.034375
0 0.16171875 0.60859375 0.046875 0.053125
0 0.0578125 0.4078125 0.0421875 0.046875
0 0.21953125 0.55078125 0.0203125 0.0234375
0 0.2375 0.2453125 0.0125 0.015625
0 0.5578125 0.20703125 0.0375 0.0421875
0 0.41875 0.06875 0.0875 0.1
0 0.62890625 0.56796875 0.015625 0.0171875
0 0.76640625 0.571875 0.0953125 0.109375
0 0.79375 0.315625 0.0296875 0.0328125
0 0.3125 0.4046875 0.2484375 0.284375
0 0.86015625 0.61015625 0.0140625 0.015625
0 0.828125 0.9765625 0.0109375 0.0125
0 0.1265625 0.540625 0.015625 0.01875
0 0.028125 0.47734375 0.0109375 0.0125
0 0.0640625 0.38046875 0.034375 0.0390625
0 0.53046875 0.93046875 0.0109375 0.0125
0 0.5359375 0.50625 0.0109375 0.0125
0 0.8953125 0.2625 0.0109375 0.0125
0 0.92578125 0.91796875 0.0109375 0.0125