0 0.43828125 0.4515625 0.0125 0.0125
0 0.3859375 0.2953125 0.028125 0.028125
0 0.459375 0.009375 0.021875 0.01875
0 0.2 0.1 0.03125 0.03125
0 0.17109375 0.075 0.0140625 0.0140625
0 0.26640625 0.35 0.0140625 0.0140625
0 0.9484375 0.48203125 0.0703125 0.06953125
0 0.81875 0.34453125 0.0140625 0.0140625
0 0.9140625 0.1125 0.01640625 0.01640625
0 0.7984375 0.49296875 0.01484375 0.01484375
0 0.853125 0.471875 0.0125 0.0125
0 0.64375 0.3 0.0125 0.0125
0 0.9453125 0.8265625 0.0125 0.0125
0 0.42890625 0.8046875 0.04375 0.04296875
0 0.60078125 0.09921875 0.0125 0.0125
0 0.54296875 0.30625 0.025 0.025
0 0.2171875 0.0203125 0.021875 0.0203125
0 0.353125 0.0953125 0.01640625 0.015625
0 0.42265625 0.06171875 0.0109375 0.0109375
0 0.6265625 0.0109375 0.01171875 0.01171875
0 0.1046875 0.8546875 0.01953125 0.01953125
0 0.90234375 0.771875 0.01171875 0.01171875
0 0.04921875 0.23828125 0.009375 0.009375
0 0.1046875 0.18359375 0.0109375 0.009375
0 0.59921875 0.4953125 0.0125 0.0125
0 0.6140625 0.6375 0.01171875 0.01171875
0 0.04296875 0.6109375 0.015625 0.015625
0 0.015625 0.70390625 0.0125 0.0125
0 0.5328125 0.96640625 0.0109375 0.0109375