0 0.4515625 0.56171875 0.0125 0.0125
0 0.2953125 0.6140625 0.028125 0.028125
0 0.009375 0.540625 0.01875 0.021875
0 0.1 0.8 0.03125 0.03125
0 0.075 0.82890625 0.0140625 0.0140625
0 0.35 0.73359375 0.0140625 0.0140625
0 0.48203125 0.0515625 0.06875 0.0703125
0 0.34453125 0.18125 0.0140625 0.0140625
0 0.1125 0.0859375 0.015625 0.015625
0 0.49296875 0.2015625 0.015625 0.015625
0 0.471875 0.146875 0.0125 0.0125
0 0.3 0.35625 0.0125 0.0125
0 0.8265625 0.0546875 0.0125 0.0125
0 0.8046875 0.57109375 0.04375 0.04375
0 0.09921875 0.39921875 0.0125 0.0125
0 0.30625 0.45703125 0.025 0.025
0 0.0203125 0.7828125 0.0203125 0.021875
0 0.0953125 0.646875 0.015625 0.015625
0 0.06171875 0.57734375 0.0109375 0.0109375
0 0.0109375 0.3734375 0.0125 0.0125
0 0.8546875 0.8953125 0.01875 0.01875
0 0.771875 0.09765625 0.0125 0.0125
0 0.23828125 0.95078125 0.009375 0.009375
0 0.18359375 0.8953125 0.009375 0.0109375
0 0.4953125 0.40078125 0.0125 0.0125
0 0.6375 0.3859375 0.0125 0.0125
0 0.6109375 0.95703125 0.015625 0.015625
0 0.70390625 0.984375 0.0125 0.0125
0 0.96640625 0.4671875 0.0109375 0.0109375