0 0.88125 0.55 0.015625 0.015625
0 0.8875 0.7984375 0.021875 0.021875
0 0.91875 0.4125 0.034375 0.034375
0 0.48125 0.865625 0.04375 0.04375
0 0.521875 0.584375 0.03125 0.03125
0 0.7484375 0.5125 0.0125 0.0125
0 0.19453125 0.5265625 0.0328125 0.034375
0 0.1 0.82265625 0.0171875 0.0171875
0 0.56640625 0.1203125 0.025 0.025
0 0.7859375 0.0171875 0.015625 0.015625
0 0.8453125 0.2015625 0.0265625 0.028125
0 0.834375 0.61796875 0.075 0.0765625
0 0.59140625 0.56953125 0.8171875 0.859375
0 0.2640625 0.2078125 0.009375 0.009375
0 0.2890625 0.1984375 0.0140625 0.0140625
0 0.03984375 0.0671875 0.0125 0.0125
0 0.090625 0.22578125 0.0125 0.0125
0 0.9859375 0.1515625 0.0125 0.0125
0 0.8765625 0.75703125 0.0109375 0.0125
0 0.6640625 0.2328125 0.009375 0.009375
0 0.590625 0.25625 0.0125 0.0125
0 0.70390625 0.35703125 0.0125 0.0125
0 0.76015625 0.434375 0.009375 0.009375
0 0.38828125 0.0546875 0.0125 0.0125
0 0.4046875 0.1484375 0.009375 0.0109375
0 0.4515625 0.084375 0.0125 0.0125
0 0.4734375 0.05625 0.0109375 0.0109375
0 0.5515625 0.01484375 0.0125 0.0125
0 0.52421875 0.07734375 0.0125 0.0125
0 0.52578125 0.828125 0.0109375 0.0109375
0 0.00859375 0.265625 0.015625 0.015625
0 0.25390625 0.13984375 0.0125 0.0125