0 0.55 0.11875 0.015625 0.015625
0 0.7984375 0.1125 0.021875 0.021875
0 0.4125 0.08125 0.03515625 0.034375
0 0.865625 0.51875 0.04296875 0.04296875
0 0.584375 0.478125 0.03125 0.03046875
0 0.5125 0.2515625 0.0125 0.0125
0 0.5265625 0.80546875 0.034375 0.0328125
0 0.82265625 0.9 0.0171875 0.0171875
0 0.1203125 0.43359375 0.02421875 0.02421875
0 0.0171875 0.2140625 0.01484375 0.01484375
0 0.2015625 0.1546875 0.02734375 0.0265625
0 0.61796875 0.165625 0.0765625 0.075
0 0.56953125 0.40859375 0.86015625 0.8171875
0 0.2078125 0.7359375 0.009375 0.009375
0 0.1984375 0.7109375 0.0140625 0.0140625
0 0.0671875 0.96015625 0.01171875 0.01171875
0 0.22578125 0.909375 0.0125 0.0125
0 0.1515625 0.0140625 0.0125 0.0125
0 0.75703125 0.1234375 0.01171875 0.0109375
0 0.2328125 0.3359375 0.009375 0.009375
0 0.25625 0.409375 0.01171875 0.01171875
0 0.35703125 0.29609375 0.0125 0.0125
0 0.434375 0.23984375 0.009375 0.009375
0 0.0546875 0.61171875 0.0125 0.01171875
0 0.1484375 0.5953125 0.0109375 0.009375
0 0.084375 0.5484375 0.01171875 0.01171875
0 0.05625 0.5265625 0.0109375 0.0109375
0 0.01484375 0.4484375 0.01171875 0.01171875
0 0.07734375 0.47578125 0.01171875 0.01171875
0 0.828125 0.47421875 0.0109375 0.0109375
0 0.265625 0.99140625 0.015625 0.015625
0 0.13984375 0.74609375 0.01171875 0.01171875