0 0.78671875 0.08359375 0.04609375 0.04609375
0 0.05546875 0.315625 0.0453125 0.04375
0 0.00703125 0.31015625 0.0140625 0.0171875
0 0.07734375 0.88046875 0.03046875 0.03046875
0 0.11015625 0.6046875 0.02421875 0.02421875
0 0.06328125 0.59296875 0.0171875 0.0171875
0 0.21171875 0.7453125 0.015625 0.015625
0 0.3234375 0.88203125 0.34765625 0.2359375
0 0.92265625 0.7953125 0.01953125 0.01953125
0 0.56953125 0.0109375 0.0234375 0.021875
0 0.071875 0.346875 0.015625 0.015625
0 0.196875 0.1921875 0.0109375 0.0109375
0 0.22734375 0.6890625 0.0109375 0.0109375
0 0.2796875 0.803125 0.009375 0.009375
0 0.25625 0.75078125 0.0109375 0.009375