0 0.78671875 0.91640625 0.046875 0.046875
0 0.05546875 0.684375 0.0453125 0.04375
0 0.00703125 0.68984375 0.0140625 0.0171875
0 0.07734375 0.11953125 0.03125 0.03125
0 0.11015625 0.3953125 0.025 0.025
0 0.06328125 0.40703125 0.0171875 0.0171875
0 0.21171875 0.2546875 0.015625 0.015625
0 0.3234375 0.11796875 0.346875 0.2359375
0 0.92265625 0.2046875 0.01875 0.01875
0 0.56953125 0.9890625 0.0234375 0.021875
0 0.071875 0.653125 0.015625 0.015625
0 0.196875 0.8078125 0.0109375 0.0109375
0 0.22734375 0.3109375 0.0109375 0.0109375
0 0.2796875 0.196875 0.009375 0.009375
0 0.25625 0.24921875 0.0109375 0.009375