0 0.9609375 0.99375 0.015625 0.0125
0 0.21171875 0.9625 0.015625 0.0140625
0 0.08203125 0.965625 0.0171875 0.015625
0 0.59140625 0.9125 0.0125 0.0125
0 0.60078125 0.48828125 0.0171875 0.015625
0 0.67265625 0.528125 0.015625 0.0140625
0 0.78515625 0.75625 0.021875 0.01875
0 0.8921875 0.796875 0.015625 0.015625
0 0.6109375 0.85625 0.0125 0.0125
0 0.9515625 0.89921875 0.015625 0.015625
0 0.8484375 0.59140625 0.0125 0.0125
0 0.96171875 0.4546875 0.015625 0.015625
0 0.95859375 0.12734375 0.0109375 0.009375
0 0.8484375 0.30625 0.021875 0.01875
0 0.634375 0.05859375 0.0125 0.0109375
0 0.471875 0.1984375 0.046875 0.0421875
0 0.30703125 0.2125 0.0125 0.0109375
0 0.1203125 0.33515625 0.021875 0.01875
0 0.51640625 0.484375 0.0125 0.0109375
0 0.0328125 0.79453125 0.0125 0.0109375