0 0.00625 0.9609375 0.0125 0.0171875
0 0.0375 0.21171875 0.0140625 0.015625
0 0.034375 0.08203125 0.015625 0.0171875
0 0.0875 0.59140625 0.0125 0.0125
0 0.51171875 0.60078125 0.015625 0.0171875
0 0.471875 0.67265625 0.0140625 0.015625
0 0.24375 0.78515625 0.01875 0.021875
0 0.203125 0.8921875 0.015625 0.015625
0 0.14375 0.6109375 0.0125 0.0125
0 0.10078125 0.9515625 0.015625 0.015625
0 0.40859375 0.8484375 0.0125 0.0125
0 0.5453125 0.96171875 0.015625 0.0171875
0 0.87265625 0.95859375 0.009375 0.0109375
0 0.69375 0.8484375 0.01875 0.021875
0 0.94140625 0.634375 0.0109375 0.0125
0 0.8015625 0.471875 0.0421875 0.046875
0 0.7875 0.30703125 0.0109375 0.0125
0 0.66484375 0.1203125 0.01875 0.021875
0 0.515625 0.51640625 0.0109375 0.0125
0 0.20546875 0.0328125 0.0109375 0.0125