0 0.8203125 0.8546875 0.015625 0.0140625
0 0.11015625 0.840625 0.0734375 0.0640625
0 0.01171875 0.996875 0.0109375 0.00625
0 0.11796875 0.396875 0.0359375 0.03125
0 0.275 0.34296875 0.0296875 0.0265625
0 0.34140625 0.4515625 0.0171875 0.015625
0 0.32109375 0.5296875 0.0125 0.0109375
0 0.51015625 0.2921875 0.015625 0.0125
0 0.5765625 0.2828125 0.015625 0.015625
0 0.83515625 0.49921875 0.015625 0.015625
0 0.9375 0.16328125 0.015625 0.0140625
0 0.6984375 0.08046875 0.0296875 0.025
0 0.6828125 0.059375 0.0125 0.0109375
0 0.06328125 0.19765625 0.015625 0.015625
0 0.0609375 0.08671875 0.028125 0.0234375
0 0.53515625 0.19921875 0.0125 0.0109375