0 0.8203125 0.1453125 0.015625 0.0140625
0 0.11015625 0.159375 0.0734375 0.0640625
0 0.01171875 0.003125 0.0109375 0.00625
0 0.11796875 0.603125 0.0359375 0.03125
0 0.275 0.65703125 0.0296875 0.0265625
0 0.34140625 0.5484375 0.0171875 0.015625
0 0.32109375 0.4703125 0.01171875 0.0109375
0 0.51015625 0.7078125 0.01484375 0.0125
0 0.5765625 0.7171875 0.01640625 0.01484375
0 0.83515625 0.50078125 0.01640625 0.01484375
0 0.9375 0.83671875 0.015625 0.0140625
0 0.6984375 0.91953125 0.0296875 0.025
0 0.6828125 0.940625 0.01171875 0.0109375
0 0.06328125 0.80234375 0.01640625 0.01484375
0 0.0609375 0.91328125 0.02734375 0.0234375
0 0.53515625 0.80078125 0.01171875 0.0109375