0 0.92890625 0.865625 0.0765625 0.0796875
0 0.88671875 0.1390625 0.025 0.0265625
0 0.4890625 0.00859375 0.04375 0.0171875
0 0.640625 0.1203125 0.053125 0.05625
0 0.1234375 0.696875 0.0578125 0.0609375
0 0.63671875 0.68984375 0.0265625 0.0265625
0 0.28515625 0.8265625 0.065625 0.0671875
0 0.05625 0.1921875 0.025 0.0265625
0 0.1546875 0.9078125 0.025 0.025
0 0.803125 0.4640625 0.39375 0.928125
0 0.375 0.0265625 0.165625 0.04375
0 0.10234375 0.0625 0.2046875 0.11875
0 0.68046875 0.7796875 0.1828125 0.2015625