0 0.865625 0.07109375 0.0796875 0.0765625
0 0.1390625 0.11328125 0.0265625 0.02421875
0 0.00859375 0.5109375 0.0171875 0.04296875
0 0.1203125 0.359375 0.05546875 0.053125
0 0.696875 0.8765625 0.06015625 0.0578125
0 0.68984375 0.36328125 0.0265625 0.0265625
0 0.8265625 0.71484375 0.0671875 0.06484375
0 0.1921875 0.94375 0.0265625 0.02421875
0 0.9078125 0.8453125 0.02421875 0.02421875
0 0.4640625 0.196875 0.928125 0.39375
0 0.0265625 0.625 0.04296875 0.165625
0 0.0625 0.89765625 0.11796875 0.2046875
0 0.7796875 0.31953125 0.2015625 0.1828125