0 0.92890625 0.134375 0.0765625 0.0796875
0 0.88671875 0.8609375 0.025 0.0265625
0 0.4890625 0.99140625 0.04375 0.0171875
0 0.640625 0.8796875 0.053125 0.05625
0 0.1234375 0.303125 0.0578125 0.059375
0 0.63671875 0.31015625 0.0265625 0.0265625
0 0.28515625 0.1734375 0.065625 0.0671875
0 0.05625 0.8078125 0.025 0.0265625
0 0.1546875 0.0921875 0.025 0.025
0 0.803125 0.5359375 0.39375 0.928125
0 0.375 0.9734375 0.165625 0.04375
0 0.10234375 0.9375 0.2046875 0.11875
0 0.68046875 0.2203125 0.1828125 0.2015625