0 0.134375 0.07109375 0.0796875 0.0765625
0 0.8609375 0.11328125 0.0265625 0.025
0 0.99140625 0.5109375 0.0171875 0.04375
0 0.8796875 0.359375 0.05625 0.053125
0 0.303125 0.8765625 0.059375 0.0578125
0 0.31015625 0.36328125 0.0265625 0.0265625
0 0.1734375 0.71484375 0.0671875 0.065625
0 0.8078125 0.94375 0.0265625 0.025
0 0.0921875 0.8453125 0.025 0.025
0 0.5359375 0.196875 0.928125 0.39375
0 0.9734375 0.625 0.04375 0.165625
0 0.9375 0.89765625 0.11875 0.2046875
0 0.2203125 0.31953125 0.2015625 0.1828125