0 0.121875 0.9734375 0.053125 0.053125
0 0.7453125 0.08203125 0.03125 0.03125
0 0.4765625 0.11640625 0.015625 0.015625
0 0.759375 0.12578125 0.0125 0.0125
0 0.86640625 0.14765625 0.0109375 0.0109375
0 0.57890625 0.3 0.021875 0.021875
0 0.3921875 0.3578125 0.015625 0.015625
0 0.20234375 0.38125 0.0125 0.0125
0 0.82109375 0.49453125 0.0453125 0.046875
0 0.84765625 0.784375 0.025 0.025
0 0.9203125 0.9578125 0.015625 0.015625
0 0.36640625 0.9609375 0.0125 0.0125
0 0.11796875 0.0140625 0.0125 0.0125
0 0.35 0.93671875 0.0125 0.0125
0 0.96953125 0.12890625 0.0109375 0.0109375
0 0.86484375 0.5140625 0.2703125 0.503125