0 0.76171875 0.7125 0.05546875 0.0484375
0 0.396875 0.140625 0.0625 0.05546875
0 0.5015625 0.9046875 0.06953125 0.0625
0 0.47109375 0.87265625 0.06484375 0.0578125
0 0.7921875 0.76171875 0.02890625 0.0265625
0 0.79453125 0.66015625 0.02890625 0.02421875
0 0.56015625 0.7921875 0.03125 0.02890625
0 0.49140625 0.94375 0.03828125 0.03359375
0 0.59765625 0.98515625 0.0390625 0.0296875
0 0.63515625 0.98984375 0.0359375 0.0203125
0 0.696875 0.8578125 0.03125 0.02890625
0 0.41015625 0.853125 0.02890625 0.02421875
0 0.3140625 0.81875 0.08203125 0.071875
0 0.265625 0.9265625 0.04296875 0.03828125
0 0.12109375 0.9828125 0.04296875 0.03359375
0 0.9203125 0.2359375 0.15859375 0.43515625