0 0.7359375 0.059375 0.03125 0.0359375
0 0.8390625 0.3890625 0.0625 0.06875
0 0.8453125 0.47265625 0.015625 0.0171875
0 0.77109375 0.403125 0.0125 0.0140625
0 0.5984375 0.69453125 0.3484375 0.384375
0 0.52890625 0.67890625 0.0296875 0.03125
0 0.50859375 0.73125 0.0625 0.06875
0 0.021875 0.91953125 0.015625 0.01875
0 0.2484375 0.9328125 0.015625 0.01875
0 0.3921875 0.678125 0.0125 0.0140625
0 0.2546875 0.81328125 0.0125 0.0140625
0 0.19140625 0.784375 0.0890625 0.0984375
0 0.225 0.34375 0.01875 0.021875
0 0.20078125 0.3171875 0.01875 0.021875
0 0.32109375 0.31875 0.0125 0.0140625
0 0.11328125 0.16015625 0.0125 0.0140625
0 0.28515625 0.12578125 0.015625 0.015625
0 0.4328125 0.17890625 0.0140625 0.015625
0 0.1078125 0.5015625 0.0125 0.0125
0 0.140625 0.25625 0.0109375 0.0125