0 0.059375 0.2640625 0.0359375 0.03125
0 0.3890625 0.1609375 0.06875 0.0625
0 0.47265625 0.1546875 0.0171875 0.015625
0 0.403125 0.22890625 0.0140625 0.0125
0 0.69453125 0.4015625 0.384375 0.3484375
0 0.67890625 0.47109375 0.03125 0.0296875
0 0.73125 0.49140625 0.06875 0.0625
0 0.91953125 0.978125 0.01875 0.015625
0 0.9328125 0.7515625 0.01875 0.015625
0 0.678125 0.6078125 0.0140625 0.0125
0 0.81328125 0.7453125 0.0140625 0.0125
0 0.784375 0.80859375 0.0984375 0.0890625
0 0.34375 0.775 0.021875 0.01875
0 0.3171875 0.79921875 0.021875 0.01875
0 0.31875 0.67890625 0.0140625 0.0125
0 0.16015625 0.88671875 0.0140625 0.0125
0 0.12578125 0.71484375 0.015625 0.015625
0 0.17890625 0.5671875 0.015625 0.0140625
0 0.5015625 0.8921875 0.0125 0.0125
0 0.25625 0.859375 0.0125 0.0109375