0 0.925 0.7015625 0.15 0.165625
0 0.9109375 0.49375 0.046875 0.040625
0 0.73828125 0.6609375 0.08125 0.071875
0 0.7625 0.8484375 0.0171875 0.015625
0 0.47890625 0.78203125 0.015625 0.015625
0 0.3703125 0.6984375 0.0296875 0.025
0 0.1234375 0.58984375 0.0328125 0.0296875
0 0.1109375 0.5578125 0.0125 0.0109375
0 0.340625 0.63046875 0.215625 0.190625
0 0.19375 0.51796875 0.05625 0.05
0 0.1921875 0.48828125 0.021875 0.0203125
0 0.34140625 0.078125 0.01875 0.0171875
0 0.73359375 0.09453125 0.03125 0.028125
0 0.70390625 0.284375 0.015625 0.0125
0 0.809375 0.12890625 0.015625 0.0140625
0 0.83671875 0.028125 0.0140625 0.0125
0 0.771875 0.02109375 0.0140625 0.0125
0 0.99296875 0.40390625 0.0140625 0.0171875
0 0.2359375 0.8859375 0.0140625 0.0125
0 0.93359375 0.33984375 0.0125 0.0109375
0 0.4640625 0.0859375 0.0109375 0.009375