0 0.925 0.2984375 0.15 0.165625
0 0.9109375 0.50625 0.046875 0.040625
0 0.73828125 0.3390625 0.08125 0.071875
0 0.7625 0.1515625 0.0171875 0.015625
0 0.47890625 0.21796875 0.015625 0.015625
0 0.3703125 0.3015625 0.0296875 0.025
0 0.1234375 0.41015625 0.0328125 0.0296875
0 0.1109375 0.4421875 0.0125 0.0109375
0 0.340625 0.36953125 0.215625 0.190625
0 0.19375 0.48203125 0.05625 0.05
0 0.1921875 0.51171875 0.021875 0.0203125
0 0.34140625 0.921875 0.01875 0.0171875
0 0.73359375 0.90546875 0.03125 0.028125
0 0.70390625 0.715625 0.015625 0.0125
0 0.809375 0.87109375 0.015625 0.0140625
0 0.83671875 0.971875 0.0140625 0.0125
0 0.771875 0.97890625 0.0140625 0.0125
0 0.99296875 0.59609375 0.0140625 0.0171875
0 0.2359375 0.1140625 0.0140625 0.0125
0 0.93359375 0.66015625 0.0125 0.0109375
0 0.4640625 0.9140625 0.0109375 0.009375