0 0.77109375 0.16328125 0.146875 0.146875
0 0.6203125 0.08203125 0.03125 0.03125
0 0.88359375 0.09609375 0.0234375 0.0234375
0 0.396875 0.29765625 0.0265625 0.0265625
0 0.54375 0.95625 0.0328125 0.0328125
0 0.64609375 0.69921875 0.046875 0.046875
0 0.65546875 0.9046875 0.19375 0.190625
0 0.4578125 0.7921875 0.0625 0.0625
0 0.5109375 0.46171875 0.078125 0.078125
0 0.62578125 0.559375 0.034375 0.034375
0 0.9046875 0.4703125 0.190625 0.2125
0 0.95 0.76015625 0.1 0.1703125
0 0.853125 0.74453125 0.0109375 0.0109375
0 0.528125 0.74375 0.015625 0.015625
0 0.77421875 0.55 0.0296875 0.0296875
0 0.7609375 0.08203125 0.015625 0.015625