0 0.22890625 0.83671875 0.146875 0.146875
0 0.3796875 0.91796875 0.03125 0.03125
0 0.11640625 0.90390625 0.0234375 0.0234375
0 0.603125 0.70234375 0.0265625 0.0265625
0 0.45625 0.04375 0.0328125 0.0328125
0 0.35390625 0.30078125 0.046875 0.046875
0 0.34453125 0.0953125 0.19375 0.190625
0 0.5421875 0.2078125 0.0625 0.0625
0 0.4890625 0.53828125 0.078125 0.078125
0 0.37421875 0.440625 0.034375 0.034375
0 0.0953125 0.5296875 0.190625 0.2125
0 0.05 0.23984375 0.1 0.171875
0 0.146875 0.25546875 0.0109375 0.0109375
0 0.471875 0.25625 0.015625 0.015625
0 0.22578125 0.45 0.0296875 0.0296875
0 0.2390625 0.91796875 0.015625 0.015625