0 0.84765625 0.165625 0.01171875 0.0109375
0 0.64296875 0.6546875 0.01171875 0.0109375
0 0.78203125 0.3140625 0.0125 0.01171875
0 0.27265625 0.209375 0.0625 0.0609375
0 0.24375 0.38203125 0.0140625 0.0125
0 0.00703125 0.3265625 0.0125 0.0125
0 0.91015625 0.8390625 0.1078125 0.1046875
0 0.84453125 0.01171875 0.01171875 0.01171875
0 0.75 0.45 0.02734375 0.0265625
0 0.403125 0.51171875 0.03203125 0.03125
0 0.1625 0.64453125 0.0109375 0.0109375
0 0.14765625 0.3890625 0.01484375 0.0140625
0 0.059375 0.9296875 0.01171875 0.0109375