0 0.96171875 0.21015625 0.0765625 0.0765625
0 0.9203125 0.32421875 0.028125 0.02734375
0 0.64375 0.26640625 0.01484375 0.01484375
0 0.52265625 0.05859375 0.03046875 0.0296875
0 0.1203125 0.20546875 0.01171875 0.01171875
0 0.0421875 0.7 0.06328125 0.06171875
0 0.09453125 0.70234375 0.01171875 0.0109375
0 0.165625 0.684375 0.0140625 0.0140625
0 0.20078125 0.64921875 0.02734375 0.0265625
0 0.26171875 0.92109375 0.04296875 0.040625
0 0.40703125 0.93828125 0.1015625 0.0984375
0 0.40546875 0.4546875 0.05625 0.0546875
0 0.24375 0.4171875 0.015625 0.015625
0 0.5734375 0.89765625 0.115625 0.1125
0 0.67734375 0.41328125 0.0203125 0.01953125
0 0.78828125 0.6203125 0.0125 0.0125
0 0.72578125 0.82578125 0.02265625 0.021875
0 0.9 0.8265625 0.08984375 0.08671875
0 0.93984375 0.9546875 0.06875 0.06640625
0 0.4328125 0.57890625 0.0109375 0.0109375
0 0.4265625 0.4765625 0.0125 0.01171875
0 0.715625 0.84453125 0.01953125 0.01875
0 0.575 0.89453125 0.03046875 0.0296875
0 0.22578125 0.83359375 0.0109375 0.009375