0 0.96171875 0.78984375 0.0765625 0.0765625
0 0.9203125 0.67578125 0.028125 0.028125
0 0.64375 0.73359375 0.015625 0.015625
0 0.52265625 0.94140625 0.03125 0.0296875
0 0.1203125 0.79453125 0.0125 0.0125
0 0.0421875 0.3 0.0625 0.0625
0 0.09453125 0.29765625 0.0125 0.0109375
0 0.165625 0.315625 0.0140625 0.0140625
0 0.20078125 0.35078125 0.028125 0.0265625
0 0.26171875 0.07890625 0.04375 0.040625
0 0.40703125 0.06171875 0.1015625 0.0984375
0 0.40546875 0.5453125 0.05625 0.0546875
0 0.24375 0.5828125 0.015625 0.015625
0 0.5734375 0.10234375 0.115625 0.1125
0 0.67734375 0.58671875 0.0203125 0.01875
0 0.78828125 0.3796875 0.0125 0.0125
0 0.72578125 0.17421875 0.021875 0.021875
0 0.9 0.1734375 0.090625 0.0875
0 0.93984375 0.0453125 0.06875 0.065625
0 0.4328125 0.42109375 0.0109375 0.0109375
0 0.4265625 0.5234375 0.0125 0.0125
0 0.715625 0.15546875 0.01875 0.01875
0 0.575 0.10546875 0.03125 0.0296875
0 0.22578125 0.16640625 0.0109375 0.009375