0 0.0796875 0.5390625 0.01875 0.0171875
0 0.0921875 0.5203125 0.0125 0.01171875
0 0.1203125 0.1765625 0.0203125 0.01953125
0 0.4265625 0.11484375 0.0109375 0.0109375
0 0.4828125 0.2015625 0.0171875 0.01640625
0 0.4796875 0.3875 0.01171875 0.0109375
0 0.33515625 0.3890625 0.046875 0.0453125
0 0.86953125 0.3609375 0.02265625 0.021875
0 0.95625 0.053125 0.03203125 0.03046875
0 0.89921875 0.4609375 0.01953125 0.01875
0 0.7625 0.60390625 0.109375 0.1046875
0 0.12109375 0.27265625 0.0109375 0.009375
0 0.9640625 0.13203125 0.01640625 0.015625
0 0.703125 0.6078125 0.015625 0.015625
0 0.1890625 0.58671875 0.0109375 0.0109375
0 0.1609375 0.74140625 0.0109375 0.0109375
0 0.25703125 0.80390625 0.01171875 0.0109375
0 0.4390625 0.959375 0.01171875 0.01171875
0 0.415625 0.75859375 0.0109375 0.0109375
0 0.490625 0.66171875 0.0296875 0.028125
0 0.70390625 0.9171875 0.03515625 0.0328125