0 0.5390625 0.9203125 0.0171875 0.01875
0 0.5203125 0.9078125 0.0125 0.0125
0 0.1765625 0.8796875 0.01875 0.0203125
0 0.11484375 0.5734375 0.0109375 0.0109375
0 0.2015625 0.5171875 0.015625 0.0171875
0 0.3875 0.5203125 0.0109375 0.0125
0 0.3890625 0.66484375 0.0453125 0.046875
0 0.3609375 0.13046875 0.021875 0.021875
0 0.053125 0.04375 0.03125 0.03125
0 0.4609375 0.10078125 0.01875 0.01875
0 0.60390625 0.2375 0.1046875 0.109375
0 0.27265625 0.87890625 0.009375 0.0109375
0 0.13203125 0.0359375 0.015625 0.015625
0 0.6078125 0.296875 0.015625 0.015625
0 0.58671875 0.8109375 0.0109375 0.0109375
0 0.74140625 0.8390625 0.0109375 0.0109375
0 0.80390625 0.74296875 0.0109375 0.0125
0 0.959375 0.5609375 0.0125 0.0125
0 0.75859375 0.584375 0.0109375 0.0109375
0 0.66171875 0.509375 0.028125 0.0296875
0 0.9171875 0.29609375 0.0328125 0.034375