0 0.425 0.853125 0.015625 0.015625
0 0.5296875 0.659375 0.040625 0.04375
0 0.95234375 0.74140625 0.015625 0.015625
0 0.878125 0.42109375 0.0515625 0.05625
0 0.5890625 0.37734375 0.025 0.0265625
0 0.521875 0.3328125 0.034375 0.0375
0 0.76484375 0.93984375 0.0140625 0.015625
0 0.2296875 0.58828125 0.03125 0.034375
0 0.23046875 0.65859375 0.025 0.0265625
0 0.321875 0.6359375 0.0125 0.0125
0 0.40703125 0.7 0.04375 0.046875
0 0.04140625 0.865625 0.0234375 0.025
0 0.203125 0.975 0.0109375 0.0125
0 0.096875 0.515625 0.19375 0.559375