0 0.146875 0.575 0.015625 0.01484375
0 0.340625 0.4703125 0.04296875 0.03984375
0 0.25859375 0.04765625 0.015625 0.01484375
0 0.57890625 0.121875 0.05625 0.0515625
0 0.62265625 0.4109375 0.0265625 0.02421875
0 0.6671875 0.478125 0.03828125 0.03515625
0 0.06015625 0.23515625 0.01484375 0.0140625
0 0.41171875 0.7703125 0.034375 0.03125
0 0.34140625 0.76953125 0.0265625 0.02421875
0 0.3640625 0.678125 0.0125 0.01171875
0 0.3 0.59296875 0.04609375 0.04296875
0 0.134375 0.95859375 0.025 0.0234375
0 0.025 0.796875 0.01171875 0.0109375
0 0.484375 0.903125 0.56015625 0.19375