0 0.575 0.853125 0.015625 0.015625
0 0.4703125 0.659375 0.040625 0.04375
0 0.04765625 0.74140625 0.015625 0.015625
0 0.121875 0.42109375 0.0515625 0.05625
0 0.4109375 0.37734375 0.025 0.0265625
0 0.478125 0.3328125 0.034375 0.0375
0 0.23515625 0.93984375 0.0140625 0.015625
0 0.7703125 0.58828125 0.03125 0.034375
0 0.76953125 0.65859375 0.025 0.0265625
0 0.678125 0.6359375 0.0125 0.0125
0 0.59296875 0.7 0.04375 0.046875
0 0.95859375 0.865625 0.0234375 0.025
0 0.796875 0.975 0.0109375 0.0125
0 0.903125 0.515625 0.19375 0.559375