0 0.4953125 0.0453125 0.07890625 0.07109375
0 0.721875 0.0421875 0.02421875 0.02265625
0 0.96328125 0.415625 0.021875 0.01953125
0 0.5171875 0.340625 0.015625 0.01484375
0 0.96796875 0.1 0.03046875 0.02734375
0 0.73671875 0.159375 0.034375 0.03125
0 0.7203125 0.103125 0.01640625 0.015625
0 0.30625 0.1390625 0.01953125 0.01875
0 0.35234375 0.66171875 0.059375 0.0546875
0 0.82109375 0.80390625 0.01640625 0.015625
0 0.45078125 0.69375 0.021875 0.0203125
0 0.2359375 0.58671875 0.03828125 0.03515625
0 0.015625 0.40546875 0.021875 0.01953125
0 0.178125 0.65078125 0.02734375 0.025
0 0.03203125 0.62421875 0.0640625 0.109375
0 0.121875 0.92578125 0.0140625 0.0125
0 0.46953125 0.8640625 0.02734375 0.025
0 0.2984375 0.84453125 0.05078125 0.046875
0 0.05546875 0.1390625 0.0203125 0.01875
0 0.75625 0.2359375 0.015625 0.0140625
0 0.396875 0.39140625 0.0109375 0.009375
0 0.490625 0.10546875 0.0109375 0.009375
0 0.80390625 0.14375 0.0125 0.01171875
0 0.88125 0.42265625 0.0125 0.01171875
0 0.46640625 0.32578125 0.0125 0.01171875
0 0.24453125 0.41640625 0.01484375 0.0125
0 0.7046875 0.8796875 0.0125 0.01171875
0 0.459375 0.9390625 0.0140625 0.0125