0 0.9546875 0.4953125 0.071875 0.078125
0 0.9578125 0.721875 0.021875 0.025
0 0.584375 0.96328125 0.01875 0.021875
0 0.659375 0.5171875 0.015625 0.015625
0 0.9 0.96796875 0.028125 0.03125
0 0.840625 0.73671875 0.03125 0.034375
0 0.896875 0.7203125 0.015625 0.015625
0 0.8609375 0.30625 0.01875 0.01875
0 0.33828125 0.35234375 0.0546875 0.059375
0 0.19609375 0.82109375 0.015625 0.015625
0 0.30625 0.45078125 0.0203125 0.021875
0 0.41328125 0.2359375 0.034375 0.0375
0 0.59453125 0.015625 0.01875 0.021875
0 0.34921875 0.178125 0.025 0.028125
0 0.37578125 0.03203125 0.109375 0.0640625
0 0.07421875 0.121875 0.0125 0.0140625
0 0.1359375 0.46953125 0.025 0.028125
0 0.15546875 0.2984375 0.046875 0.05
0 0.8609375 0.05546875 0.01875 0.0203125
0 0.7640625 0.75625 0.0140625 0.015625
0 0.60859375 0.396875 0.009375 0.0109375
0 0.89453125 0.490625 0.009375 0.0109375
0 0.85625 0.80390625 0.0125 0.0125
0 0.57734375 0.88125 0.0125 0.0125
0 0.67421875 0.46640625 0.0125 0.0125
0 0.58359375 0.24453125 0.0125 0.015625
0 0.1203125 0.7046875 0.0125 0.0125
0 0.0609375 0.459375 0.0125 0.0140625