0 0.3875 0.121875 0.0109375 0.009375
0 0.3296875 0.02109375 0.03984375 0.0359375
0 0.50078125 0.1671875 0.015625 0.01484375
0 0.68359375 0.15078125 0.0171875 0.015625
0 0.11015625 0.10234375 0.0125 0.0109375
0 0.76484375 0.4046875 0.32109375 0.2890625
0 0.43046875 0.45390625 0.0625 0.05546875
0 0.034375 0.878125 0.021875 0.01953125
0 0.475 0.553125 0.021875 0.01953125
0 0.1703125 0.340625 0.015625 0.0140625
0 0.80390625 0.59140625 0.03828125 0.03515625
0 0.90546875 0.74921875 0.1890625 0.284375
0 0.82734375 0.2625 0.34453125 0.50859375
0 0.81796875 0.0359375 0.02734375 0.02421875
0 0.1 0.28203125 0.01640625 0.01484375
0 0.8609375 0.6765625 0.015625 0.01484375
0 0.02734375 0.93515625 0.0140625 0.0125
0 0.090625 0.55390625 0.015625 0.01484375
0 0.35859375 0.034375 0.0109375 0.009375
0 0.05234375 0.46015625 0.0109375 0.009375
0 0.28359375 0.475 0.0109375 0.009375
0 0.80703125 0.6265625 0.01484375 0.0140625
0 0.784375 0.74375 0.015625 0.01484375