0 0.96796875 0.71328125 0.034375 0.03125
0 0.928125 0.5453125 0.034375 0.0296875
0 0.83671875 0.421875 0.0125 0.0125
0 0.7859375 0.7140625 0.1046875 0.0921875
0 0.45234375 0.39921875 0.0171875 0.01875
0 0.4765625 0.4953125 0.015625 0.0125
0 0.36171875 0.20546875 0.01875 0.0140625
0 0.2203125 0.63515625 0.0421875 0.0359375
0 0.0125 0.72734375 0.025 0.0234375
0 0.18828125 0.96640625 0.08125 0.0671875
0 0.41875 0.98671875 0.059375 0.0265625
0 0.69609375 0.9875 0.0484375 0.025
0 0.58984375 0.88671875 0.1578125 0.1390625
0 0.3453125 0.8171875 0.01875 0.015625
0 0.7546875 0.74296875 0.059375 0.0515625
0 0.0765625 0.0109375 0.0140625 0.0125
0 0.51484375 0.3140625 0.0171875 0.015625
0 0.98359375 0.6390625 0.0109375 0.009375
0 0.98828125 0.68828125 0.0125 0.0109375
0 0.1109375 0.65546875 0.0125 0.0109375
0 0.92421875 0.80390625 0.040625 0.0359375