0 0.03203125 0.28671875 0.034375 0.03125
0 0.071875 0.4546875 0.034375 0.0296875
0 0.16328125 0.578125 0.0125 0.0125
0 0.2140625 0.2859375 0.1046875 0.0921875
0 0.54765625 0.60078125 0.0171875 0.01875
0 0.5234375 0.5046875 0.015625 0.0125
0 0.63828125 0.79453125 0.01875 0.0140625
0 0.7796875 0.36484375 0.0421875 0.0359375
0 0.9875 0.27265625 0.025 0.0234375
0 0.81171875 0.03359375 0.08125 0.0671875
0 0.58125 0.01328125 0.059375 0.0265625
0 0.30390625 0.0125 0.0484375 0.025
0 0.41015625 0.11328125 0.1578125 0.1390625
0 0.6546875 0.1828125 0.01875 0.015625
0 0.2453125 0.25703125 0.059375 0.0515625
0 0.9234375 0.9890625 0.0140625 0.0125
0 0.48515625 0.6859375 0.0171875 0.015625
0 0.01640625 0.3609375 0.0109375 0.009375
0 0.01171875 0.31171875 0.0125 0.0109375
0 0.8890625 0.34453125 0.0125 0.0109375
0 0.07578125 0.19609375 0.040625 0.0359375