0 0.040625 0.94765625 0.0484375 0.0484375
0 0.3890625 0.8234375 0.1453125 0.146875
0 0.434375 0.75234375 0.0375 0.0375
0 0.5328125 0.65 0.01875 0.01875
0 0.57421875 0.6921875 0.0125 0.0125
0 0.3046875 0.540625 0.015625 0.015625
0 0.02890625 0.50703125 0.0125 0.0125
0 0.27265625 0.4125 0.096875 0.096875
0 0.36796875 0.7 0.0921875 0.09375
0 0.60078125 0.21015625 0.1015625 0.103125
0 0.15234375 0.07265625 0.0171875 0.0171875
0 0.6375 0.0390625 0.0921875 0.078125
0 0.8015625 0.415625 0.053125 0.053125
0 0.68671875 0.72734375 0.01875 0.01875
0 0.7203125 0.778125 0.0140625 0.0140625
0 0.90859375 0.78828125 0.015625 0.015625
0 0.70625 0.9390625 0.153125 0.121875
0 0.8265625 0.95703125 0.015625 0.015625
0 0.5796875 0.2078125 0.0203125 0.0203125
0 0.6359375 0.13828125 0.0140625 0.0140625
0 0.78359375 0.16171875 0.01875 0.01875
0 0.9875 0.13515625 0.0125 0.0125
0 0.89375 0.20078125 0.028125 0.028125
0 0.29140625 0.85625 0.0453125 0.0453125
0 0.4234375 0.890625 0.025 0.025
0 0.4515625 0.70546875 0.0125 0.0125
0 0.44453125 0.7125 0.04375 0.04375
0 0.18359375 0.45234375 0.0109375 0.0109375
0 0.17265625 0.33125 0.01875 0.01875
0 0.7640625 0.753125 0.0109375 0.0109375
0 0.59140625 0.9984375 0.0109375 0.003125
0 0.9796875 0.71171875 0.0125 0.0125
0 0.9859375 0.56640625 0.015625 0.015625
0 0.8140625 0.621875 0.0109375 0.0109375
0 0.91875 0.5421875 0.015625 0.015625