0 0.05234375 0.040625 0.0484375 0.0484375
0 0.1765625 0.3890625 0.146875 0.1453125
0 0.24765625 0.434375 0.03828125 0.03828125
0 0.35 0.5328125 0.01953125 0.01875
0 0.3078125 0.57421875 0.01171875 0.01171875
0 0.459375 0.3046875 0.01640625 0.01640625
0 0.49296875 0.02890625 0.0125 0.0125
0 0.5875 0.27265625 0.096875 0.096875
0 0.3 0.36796875 0.09296875 0.0921875
0 0.78984375 0.60078125 0.10234375 0.1015625
0 0.92734375 0.15234375 0.0171875 0.0171875
0 0.9609375 0.6375 0.078125 0.0921875
0 0.584375 0.8015625 0.05390625 0.05390625
0 0.27265625 0.68671875 0.01953125 0.01953125
0 0.221875 0.7203125 0.0140625 0.0140625
0 0.21171875 0.90859375 0.01484375 0.01484375
0 0.0609375 0.70625 0.12109375 0.15234375
0 0.04296875 0.8265625 0.015625 0.015625
0 0.7921875 0.5796875 0.0203125 0.0203125
0 0.86171875 0.6359375 0.0140625 0.0140625
0 0.83828125 0.78359375 0.01953125 0.01953125
0 0.86484375 0.9875 0.0125 0.0125
0 0.79921875 0.89375 0.02734375 0.02734375
0 0.14375 0.29140625 0.0453125 0.0453125
0 0.109375 0.4234375 0.02421875 0.02421875
0 0.29453125 0.4515625 0.01171875 0.01171875
0 0.2875 0.44453125 0.04375 0.04375
0 0.54765625 0.18359375 0.0109375 0.0109375
0 0.66875 0.17265625 0.01953125 0.01953125
0 0.246875 0.7640625 0.0109375 0.0109375
0 0.0015625 0.59140625 0.003125 0.0109375
0 0.28828125 0.9796875 0.01171875 0.01171875
0 0.43359375 0.9859375 0.01484375 0.01484375
0 0.378125 0.8140625 0.0109375 0.0109375
0 0.4578125 0.91875 0.015625 0.015625