0 0.94765625 0.959375 0.0484375 0.0484375
0 0.8234375 0.6109375 0.146875 0.1453125
0 0.75234375 0.565625 0.0375 0.0375
0 0.65 0.4671875 0.01875 0.01875
0 0.6921875 0.42578125 0.0125 0.0125
0 0.540625 0.6953125 0.015625 0.015625
0 0.50703125 0.97109375 0.0125 0.0125
0 0.4125 0.72734375 0.096875 0.096875
0 0.7 0.63203125 0.09375 0.0921875
0 0.21015625 0.39921875 0.103125 0.1015625
0 0.07265625 0.84765625 0.0171875 0.0171875
0 0.0390625 0.3625 0.078125 0.0921875
0 0.415625 0.1984375 0.053125 0.053125
0 0.72734375 0.31328125 0.01875 0.01875
0 0.778125 0.2796875 0.0140625 0.0140625
0 0.78828125 0.09140625 0.015625 0.015625
0 0.9390625 0.29375 0.121875 0.153125
0 0.95703125 0.1734375 0.015625 0.015625
0 0.2078125 0.4203125 0.0203125 0.0203125
0 0.13828125 0.3640625 0.0140625 0.0140625
0 0.16171875 0.21640625 0.01875 0.01875
0 0.13515625 0.0125 0.0125 0.0125
0 0.20078125 0.10625 0.028125 0.028125
0 0.85625 0.70859375 0.0453125 0.0453125
0 0.890625 0.5765625 0.025 0.025
0 0.70546875 0.5484375 0.0125 0.0125
0 0.7125 0.55546875 0.04375 0.04375
0 0.45234375 0.81640625 0.0109375 0.0109375
0 0.33125 0.82734375 0.01875 0.01875
0 0.753125 0.2359375 0.0109375 0.0109375
0 0.9984375 0.40859375 0.003125 0.0109375
0 0.71171875 0.0203125 0.0125 0.0125
0 0.56640625 0.0140625 0.015625 0.015625
0 0.621875 0.1859375 0.0109375 0.0109375
0 0.5421875 0.08125 0.015625 0.015625