0 0.846875 0.5375 0.075 0.0765625
0 0.753125 0.88125 0.3 0.2375
0 0.4453125 0.159375 0.021875 0.021875
0 0.2640625 0.2625 0.053125 0.0546875
0 0.06796875 0.09296875 0.0140625 0.0140625
0 0.1078125 0.7546875 0.0125 0.0125
0 0.33828125 0.6796875 0.025 0.025
0 0.07734375 0.75625 0.075 0.075
0 0.44296875 0.021875 0.0125 0.0125
0 0.43359375 0.30625 0.0125 0.0125
0 0.3 0.37109375 0.0125 0.0125
0 0.39921875 0.45078125 0.0109375 0.0109375
0 0.19453125 0.82734375 0.0140625 0.0140625
0 0.225 0.878125 0.01875 0.01875
0 0.11484375 0.3828125 0.009375 0.009375
0 0.0375 0.41953125 0.0125 0.0125
0 0.10859375 0.22265625 0.009375 0.0109375