0 0.4625 0.153125 0.0765625 0.07421875
0 0.11875 0.246875 0.2375 0.3
0 0.840625 0.5546875 0.02265625 0.02265625
0 0.7375 0.7359375 0.0546875 0.05390625
0 0.90703125 0.93203125 0.0140625 0.0140625
0 0.2453125 0.8921875 0.0125 0.01171875
0 0.3203125 0.66171875 0.02421875 0.02421875
0 0.24375 0.92265625 0.075 0.07421875
0 0.978125 0.55703125 0.0125 0.01171875
0 0.69375 0.56640625 0.0125 0.01171875
0 0.62890625 0.7 0.0125 0.0125
0 0.54921875 0.60078125 0.0109375 0.0109375
0 0.17265625 0.80546875 0.0140625 0.0140625
0 0.121875 0.775 0.01953125 0.01953125
0 0.6171875 0.88515625 0.009375 0.009375
0 0.58046875 0.9625 0.0125 0.0125
0 0.77734375 0.89140625 0.0109375 0.009375