0 0.28046875 0.2359375 0.0125 0.01171875
0 0.51328125 0.0875 0.015625 0.01484375
0 0.6390625 0.18515625 0.01171875 0.0109375
0 0.74921875 0.04296875 0.0203125 0.01875
0 0.97265625 0.434375 0.0125 0.01171875
0 0.715625 0.57421875 0.01484375 0.0140625
0 0.64921875 0.51484375 0.01484375 0.0140625
0 0.79375 0.79375 0.02734375 0.025
0 0.7625 0.7375 0.07734375 0.07109375
0 0.47421875 0.66328125 0.01953125 0.0171875
0 0.4640625 0.73828125 0.01484375 0.0125
0 0.396875 0.70625 0.0125 0.01171875
0 0.3265625 0.84609375 0.01171875 0.0109375
0 0.01796875 0.85078125 0.0109375 0.009375
0 0.03359375 0.42265625 0.0109375 0.009375