0 0.7640625 0.71953125 0.0125 0.0125
0 0.9125 0.48671875 0.015625 0.015625
0 0.81484375 0.3609375 0.0109375 0.0125
0 0.95703125 0.25078125 0.01875 0.0203125
0 0.565625 0.02734375 0.0125 0.0125
0 0.42578125 0.284375 0.0140625 0.015625
0 0.48515625 0.35078125 0.0140625 0.015625
0 0.20625 0.20625 0.025 0.028125
0 0.2625 0.2375 0.071875 0.078125
0 0.33671875 0.52578125 0.0171875 0.01875
0 0.26171875 0.5359375 0.0125 0.015625
0 0.29375 0.603125 0.0125 0.0125
0 0.15390625 0.6734375 0.0109375 0.0125
0 0.14921875 0.98203125 0.009375 0.0109375
0 0.57734375 0.96640625 0.009375 0.0109375