0 0.89375 0.10625 0.01875 0.015625
0 0.7296875 0.025 0.0125 0.01171875
0 0.7671875 0.16953125 0.015625 0.0140625
0 0.23359375 0.05078125 0.0125 0.01171875
0 0.5234375 0.13671875 0.01640625 0.01484375
0 0.5984375 0.2203125 0.01171875 0.0109375
0 0.06015625 0.47734375 0.0140625 0.0125
0 0.0359375 0.3828125 0.01484375 0.0140625
0 0.09453125 0.28515625 0.01484375 0.0125
0 0.23984375 0.5359375 0.0609375 0.053125
0 0.30859375 0.6046875 0.0140625 0.01171875
0 0.4703125 0.64140625 0.01171875 0.0109375
0 0.484375 0.64609375 0.01171875 0.0109375
0 0.3921875 0.70546875 0.01171875 0.009375
0 0.72578125 0.61015625 0.0140625 0.0125
0 0.96015625 0.3140625 0.01484375 0.0125
0 0.76875 0.9609375 0.0125 0.0109375
0 0.36875 0.88046875 0.015625 0.0140625
0 0.23359375 0.9421875 0.0140625 0.01171875