0 0.89375 0.89375 0.01875 0.015625
0 0.7296875 0.975 0.0125 0.0125
0 0.7671875 0.83046875 0.015625 0.0140625
0 0.23359375 0.94921875 0.0125 0.0125
0 0.5234375 0.86328125 0.0171875 0.015625
0 0.5984375 0.7796875 0.0125 0.0109375
0 0.06015625 0.52265625 0.0140625 0.0125
0 0.0359375 0.6171875 0.015625 0.0140625
0 0.09453125 0.71484375 0.015625 0.0125
0 0.23984375 0.4640625 0.0609375 0.053125
0 0.30859375 0.3953125 0.0140625 0.0125
0 0.4703125 0.35859375 0.0125 0.0109375
0 0.484375 0.35390625 0.0125 0.0109375
0 0.3921875 0.29453125 0.0125 0.009375
0 0.72578125 0.38984375 0.0140625 0.0125
0 0.96015625 0.6859375 0.015625 0.0125
0 0.76875 0.0390625 0.0125 0.0109375
0 0.36875 0.11953125 0.015625 0.0140625
0 0.23359375 0.0578125 0.0140625 0.0125