0 0.2359375 0.71953125 0.0125 0.0125
0 0.0875 0.48671875 0.015625 0.015625
0 0.18515625 0.3609375 0.0109375 0.0125
0 0.04296875 0.25078125 0.01875 0.0203125
0 0.434375 0.02734375 0.0125 0.0125
0 0.57421875 0.284375 0.0140625 0.015625
0 0.51484375 0.35078125 0.0140625 0.015625
0 0.79375 0.20625 0.025 0.028125
0 0.7375 0.2375 0.071875 0.078125
0 0.66328125 0.52578125 0.0171875 0.01875
0 0.73828125 0.5359375 0.0125 0.015625
0 0.70625 0.603125 0.0125 0.0125
0 0.84609375 0.6734375 0.0109375 0.0125
0 0.85078125 0.98203125 0.009375 0.0109375
0 0.42265625 0.96640625 0.009375 0.0109375