0 0.48359375 0.01640625 0.0421875 0.0328125
0 0.30390625 0.10078125 0.015625 0.015625
0 0.35859375 0.1484375 0.015625 0.0140625
0 0.27265625 0.2 0.0140625 0.0125
0 0.315625 0.19609375 0.0125 0.009375
0 0.2078125 0.190625 0.0125 0.0109375
0 0.81171875 0.03125 0.01875 0.015625
0 0.98984375 0.653125 0.0171875 0.015625
0 0.9703125 0.72109375 0.0125 0.0109375
0 0.3953125 0.5375 0.2375 0.209375
0 0.20078125 0.346875 0.015625 0.0140625
0 0.0578125 0.2375 0.021875 0.01875
0 0.16328125 0.60546875 0.06875 0.0609375
0 0.29765625 0.72578125 0.0125 0.009375
0 0.3546875 0.78515625 0.04375 0.0375
0 0.6265625 0.8796875 0.0125 0.0125
0 0.95390625 0.88828125 0.0125 0.0109375
0 0.80625 0.93984375 0.084375 0.075
0 0.0671875 0.4265625 0.0140625 0.0125
0 0.8609375 0.70859375 0.0109375 0.009375
0 0.76875 0.53671875 0.0125 0.0109375