0 0.51640625 0.01640625 0.0421875 0.0328125
0 0.69609375 0.10078125 0.01640625 0.01484375
0 0.64140625 0.1484375 0.015625 0.0140625
0 0.72734375 0.2 0.0140625 0.0125
0 0.684375 0.19609375 0.01171875 0.009375
0 0.7921875 0.190625 0.01171875 0.0109375
0 0.18828125 0.03125 0.01875 0.01640625
0 0.01015625 0.653125 0.0171875 0.015625
0 0.0296875 0.72109375 0.0125 0.0109375
0 0.6046875 0.5375 0.2375 0.209375
0 0.79921875 0.346875 0.01484375 0.0140625
0 0.9421875 0.2375 0.02265625 0.01953125
0 0.83671875 0.60546875 0.06875 0.0609375
0 0.70234375 0.72578125 0.01171875 0.009375
0 0.6453125 0.78515625 0.04296875 0.03828125
0 0.3734375 0.8796875 0.0125 0.01171875
0 0.04609375 0.88828125 0.01171875 0.0109375
0 0.19375 0.93984375 0.08515625 0.07421875
0 0.9328125 0.4265625 0.0140625 0.01171875
0 0.1390625 0.70859375 0.0109375 0.009375
0 0.23125 0.53671875 0.01171875 0.0109375