0 0.871875 0.0765625 0.0140625 0.015625
0 0.771875 0.07734375 0.0125 0.0140625
0 0.9890625 0.471875 0.009375 0.0125
0 0.9734375 0.303125 0.046875 0.053125
0 0.9171875 0.3171875 0.0109375 0.0125
0 0.85 0.20625 0.0125 0.0140625
0 0.828125 0.578125 0.009375 0.0125
0 0.7953125 0.7984375 0.015625 0.0171875
0 0.934375 0.83359375 0.0125 0.0140625
0 0.31171875 0.85234375 0.01875 0.021875
0 0.29609375 0.3890625 0.065625 0.075
0 0.25703125 0.27265625 0.078125 0.0890625
0 0.2046875 0.38984375 0.01875 0.021875
0 0.1421875 0.09453125 0.0125 0.0140625
0 0.14453125 0.43828125 0.021875 0.025
0 0.04375 0.54765625 0.0109375 0.0125
0 0.084375 0.74453125 0.0125 0.0140625
0 0.1046875 0.3859375 0.009375 0.0125
0 0.5078125 0.103125 0.0109375 0.0125