0 0.128125 0.0765625 0.0140625 0.015625
0 0.228125 0.07734375 0.0125 0.0140625
0 0.0109375 0.471875 0.009375 0.0125
0 0.0265625 0.303125 0.046875 0.053125
0 0.0828125 0.3171875 0.0109375 0.0125
0 0.15 0.20625 0.0125 0.0140625
0 0.171875 0.578125 0.009375 0.0125
0 0.2046875 0.7984375 0.015625 0.0171875
0 0.065625 0.83359375 0.0125 0.0140625
0 0.68828125 0.85234375 0.01875 0.021875
0 0.70390625 0.3890625 0.065625 0.075
0 0.74296875 0.27265625 0.078125 0.0890625
0 0.7953125 0.38984375 0.01875 0.021875
0 0.8578125 0.09453125 0.0125 0.0140625
0 0.85546875 0.43828125 0.021875 0.025
0 0.95625 0.54765625 0.0109375 0.0125
0 0.915625 0.74453125 0.0125 0.0140625
0 0.8953125 0.3859375 0.009375 0.0125
0 0.4921875 0.103125 0.0109375 0.0125