0 0.415625 0.0828125 0.034375 0.03203125
0 0.80234375 0.06875 0.0125 0.01171875
0 0.95 0.00546875 0.0125 0.0109375
0 0.95390625 0.059375 0.0203125 0.01953125
0 0.925 0.7015625 0.01171875 0.0109375
0 0.81484375 0.6703125 0.02421875 0.021875
0 0.6921875 0.721875 0.01484375 0.0140625
0 0.61875 0.55625 0.0109375 0.009375
0 0.64375 0.4203125 0.01484375 0.0140625
0 0.2734375 0.40390625 0.0125 0.01171875
0 0.42890625 0.45859375 0.01171875 0.0109375
0 0.45703125 0.58125 0.0140625 0.0125
0 0.328125 0.65703125 0.01484375 0.0140625
0 0.2609375 0.66953125 0.01640625 0.01484375
0 0.24296875 0.70625 0.02421875 0.02265625
0 0.14921875 0.7046875 0.01875 0.01640625
0 0.42109375 0.903125 0.0125 0.01171875
0 0.321875 0.8296875 0.0125 0.0109375
0 0.15546875 0.93125 0.1734375 0.13671875
0 0.365625 0.978125 0.028125 0.025
0 0.4328125 0.971875 0.02421875 0.02265625
0 0.82890625 0.953125 0.0140625 0.0125
0 0.07890625 0.7 0.0125 0.01171875