0 0.9171875 0.584375 0.03125 0.034375
0 0.93125 0.19765625 0.0125 0.0125
0 0.99453125 0.05 0.0109375 0.0125
0 0.940625 0.04609375 0.01875 0.0203125
0 0.2984375 0.075 0.0109375 0.0125
0 0.3296875 0.18515625 0.021875 0.025
0 0.278125 0.3078125 0.0140625 0.015625
0 0.44375 0.38125 0.009375 0.0109375
0 0.5796875 0.35625 0.0140625 0.015625
0 0.59609375 0.7265625 0.0125 0.0125
0 0.54140625 0.57109375 0.0109375 0.0125
0 0.41875 0.54296875 0.0125 0.0140625
0 0.34296875 0.671875 0.0140625 0.015625
0 0.33046875 0.7390625 0.015625 0.015625
0 0.29375 0.75703125 0.021875 0.025
0 0.2953125 0.85078125 0.015625 0.01875
0 0.096875 0.57890625 0.0125 0.0125
0 0.1703125 0.678125 0.0109375 0.0125
0 0.06875 0.84453125 0.1375 0.1734375
0 0.021875 0.634375 0.025 0.028125
0 0.028125 0.5671875 0.021875 0.025
0 0.046875 0.17109375 0.0125 0.0140625
0 0.3 0.92109375 0.0125 0.0125