0 0.9171875 0.415625 0.03125 0.034375
0 0.93125 0.80234375 0.0125 0.0125
0 0.99453125 0.95 0.0109375 0.0125
0 0.940625 0.95390625 0.01875 0.0203125
0 0.2984375 0.925 0.0109375 0.0125
0 0.3296875 0.81484375 0.021875 0.025
0 0.278125 0.6921875 0.0140625 0.015625
0 0.44375 0.61875 0.009375 0.0109375
0 0.5796875 0.64375 0.0140625 0.015625
0 0.59609375 0.2734375 0.0125 0.0125
0 0.54140625 0.42890625 0.0109375 0.0125
0 0.41875 0.45703125 0.0125 0.0140625
0 0.34296875 0.328125 0.0140625 0.015625
0 0.33046875 0.2609375 0.015625 0.015625
0 0.29375 0.24296875 0.021875 0.025
0 0.2953125 0.14921875 0.015625 0.01875
0 0.096875 0.42109375 0.0125 0.0125
0 0.1703125 0.321875 0.0109375 0.0125
0 0.06875 0.15546875 0.1375 0.1734375
0 0.021875 0.365625 0.025 0.028125
0 0.028125 0.4328125 0.021875 0.025
0 0.046875 0.82890625 0.0125 0.0140625
0 0.3 0.07890625 0.0125 0.0125