0 0.9234375 0.128125 0.015625 0.0140625
0 0.92265625 0.228125 0.0140625 0.01171875
0 0.528125 0.0109375 0.01171875 0.009375
0 0.696875 0.0265625 0.053125 0.046875
0 0.6828125 0.0828125 0.0125 0.0109375
0 0.79375 0.15 0.0140625 0.0125
0 0.421875 0.171875 0.01171875 0.009375
0 0.2015625 0.2046875 0.0171875 0.015625
0 0.16640625 0.065625 0.0140625 0.01171875
0 0.14765625 0.68828125 0.021875 0.01875
0 0.6109375 0.70390625 0.075 0.065625
0 0.72734375 0.74296875 0.0890625 0.078125
0 0.61015625 0.7953125 0.021875 0.01953125
0 0.90546875 0.8578125 0.0140625 0.01171875
0 0.56171875 0.85546875 0.02421875 0.021875
0 0.45234375 0.95625 0.01171875 0.0109375
0 0.25546875 0.915625 0.0140625 0.01171875
0 0.6140625 0.8953125 0.01171875 0.009375
0 0.896875 0.4921875 0.01171875 0.0109375