0 0.11328125 0.49609375 0.0265625 0.025
0 0.19609375 0.45625 0.01484375 0.0140625
0 0.47734375 0.29296875 0.03515625 0.0328125
0 0.56484375 0.46328125 0.015625 0.01484375
0 0.57421875 0.54375 0.01484375 0.01484375
0 0.28125 0.6109375 0.015625 0.01484375
0 0.8671875 0.48515625 0.0796875 0.075
0 0.9265625 0.75078125 0.0234375 0.02265625
0 0.39609375 0.97734375 0.02265625 0.021875
0 0.61328125 0.60625 0.0125 0.01171875
0 0.3421875 0.478125 0.0109375 0.0109375
0 0.94140625 0.95546875 0.01953125 0.01875