0 0.26875 0.0984375 0.0296875 0.02734375
0 0.40703125 0.49375 0.01171875 0.0109375
0 0.79765625 0.21015625 0.19375 0.1828125
0 0.9921875 0.03828125 0.015625 0.01484375
0 0.98984375 0.6390625 0.00703125 0.01171875
0 0.92265625 0.715625 0.015625 0.01484375
0 0.83125 0.83671875 0.03125 0.0296875
0 0.70546875 0.946875 0.01640625 0.015625
0 0.62265625 0.9203125 0.01875 0.0171875
0 0.64921875 0.8890625 0.01875 0.0171875
0 0.57109375 0.83125 0.01171875 0.0109375
0 0.54140625 0.8984375 0.0109375 0.0109375
0 0.365625 0.728125 0.0109375 0.009375
0 0.340625 0.8859375 0.01484375 0.0140625
0 0.06875 0.6640625 0.01953125 0.01875
0 0.22890625 0.31875 0.0125 0.01171875
0 0.25390625 0.0671875 0.0109375 0.009375
0 0.5265625 0.64375 0.0109375 0.009375
0 0.58515625 0.66875 0.01640625 0.015625
0 0.58125 0.97421875 0.015625 0.01484375