0 0.03203125 0.07265625 0.0296875 0.0296875
0 0.0484375 0.25546875 0.046875 0.046875
0 0.0203125 0.91328125 0.0171875 0.0171875
0 0.2640625 0.875 0.015625 0.015625
0 0.45 0.74921875 0.021875 0.021875
0 0.53125 0.2625 0.01875 0.01875
0 0.56875 0.0421875 0.015625 0.015625
0 0.5875 0.221875 0.0109375 0.0109375
0 0.79453125 0.1609375 0.053125 0.053125
0 0.990625 0.69921875 0.0140625 0.0140625
0 0.9375 0.9828125 0.04375 0.034375
0 0.9359375 0.5046875 0.01875 0.01875
0 0.9203125 0.515625 0.015625 0.015625
0 0.35078125 0.34296875 0.0109375 0.0109375
0 0.1109375 0.37265625 0.0109375 0.0109375
0 0.78125 0.45 0.009375 0.009375
0 0.58359375 0.0109375 0.0125 0.0078125
0 0.63125 0.29375 0.0234375 0.0234375