0 0.92734375 0.03203125 0.0296875 0.0296875
0 0.74453125 0.0484375 0.046875 0.046875
0 0.08671875 0.0203125 0.0171875 0.0171875
0 0.125 0.2640625 0.015625 0.015625
0 0.25078125 0.45 0.021875 0.021875
0 0.7375 0.53125 0.01875 0.01875
0 0.9578125 0.56875 0.015625 0.015625
0 0.778125 0.5875 0.0109375 0.0109375
0 0.8390625 0.79453125 0.053125 0.053125
0 0.30078125 0.990625 0.0140625 0.0140625
0 0.0171875 0.9375 0.034375 0.04375
0 0.4953125 0.9359375 0.01875 0.01875
0 0.484375 0.9203125 0.015625 0.015625
0 0.65703125 0.35078125 0.0109375 0.0109375
0 0.62734375 0.1109375 0.0109375 0.0109375
0 0.55 0.78125 0.009375 0.009375
0 0.9890625 0.58359375 0.0078125 0.0125
0 0.70625 0.63125 0.0234375 0.0234375