0 0.0984375 0.73125 0.028125 0.0296875
0 0.49375 0.59296875 0.0109375 0.0125
0 0.21015625 0.20234375 0.1828125 0.19375
0 0.03828125 0.0078125 0.015625 0.015625
0 0.6390625 0.01015625 0.0125 0.00625
0 0.715625 0.07734375 0.015625 0.015625
0 0.83671875 0.16875 0.0296875 0.03125
0 0.946875 0.29453125 0.015625 0.015625
0 0.9203125 0.37734375 0.0171875 0.01875
0 0.8890625 0.35078125 0.0171875 0.01875
0 0.83125 0.42890625 0.0109375 0.0125
0 0.8984375 0.45859375 0.0109375 0.0109375
0 0.728125 0.634375 0.009375 0.0109375
0 0.8859375 0.659375 0.0140625 0.015625
0 0.6640625 0.93125 0.01875 0.01875
0 0.31875 0.77109375 0.0125 0.0125
0 0.0671875 0.74609375 0.009375 0.0109375
0 0.64375 0.4734375 0.009375 0.0109375
0 0.66875 0.41484375 0.015625 0.015625
0 0.97421875 0.41875 0.015625 0.015625