0 0.515625 0.421875 0.09140625 0.08671875
0 0.17421875 0.76171875 0.06953125 0.0671875
0 0.96015625 0.8640625 0.0265625 0.02421875
0 0.5515625 0.2390625 0.071875 0.06953125
0 0.775 0.2984375 0.071875 0.06953125
0 0.2984375 0.39921875 0.0796875 0.07421875
0 0.3265625 0.8125 0.053125 0.05078125
0 0.24375 0.7203125 0.05546875 0.053125
0 0.1625 0.62109375 0.03359375 0.03125
0 0.2859375 0.765625 0.06015625 0.0578125
0 0.484375 0.61640625 0.0453125 0.04296875
0 0.74296875 0.2609375 0.0265625 0.02421875
0 0.8546875 0.2328125 0.0359375 0.03359375
0 0.8640625 0.0875 0.03828125 0.0359375
0 0.6515625 0.62265625 0.11328125 0.10546875