0 0.484375 0.578125 0.09140625 0.08671875
0 0.82578125 0.23828125 0.06953125 0.0671875
0 0.03984375 0.1359375 0.0265625 0.02421875
0 0.4484375 0.7609375 0.071875 0.06953125
0 0.225 0.7015625 0.071875 0.06953125
0 0.7015625 0.60078125 0.0796875 0.07421875
0 0.6734375 0.1875 0.053125 0.05078125
0 0.75625 0.2796875 0.05546875 0.053125
0 0.8375 0.37890625 0.03359375 0.03125
0 0.7140625 0.234375 0.06015625 0.0578125
0 0.515625 0.38359375 0.0453125 0.04296875
0 0.25703125 0.7390625 0.0265625 0.02421875
0 0.1453125 0.7671875 0.0359375 0.03359375
0 0.1359375 0.9125 0.03828125 0.0359375
0 0.3484375 0.37734375 0.11328125 0.10546875