0 0.578125 0.515625 0.0875 0.090625
0 0.23828125 0.17421875 0.0671875 0.06875
0 0.1359375 0.96015625 0.025 0.0265625
0 0.7609375 0.5515625 0.06875 0.071875
0 0.7015625 0.775 0.06875 0.071875
0 0.60078125 0.2984375 0.075 0.0796875
0 0.1875 0.3265625 0.05 0.053125
0 0.2796875 0.24375 0.053125 0.05625
0 0.37890625 0.1625 0.03125 0.034375
0 0.234375 0.2859375 0.0578125 0.059375
0 0.38359375 0.484375 0.04375 0.0453125
0 0.7390625 0.74296875 0.025 0.0265625
0 0.7671875 0.8546875 0.034375 0.0359375
0 0.9125 0.8640625 0.0359375 0.0375
0 0.37734375 0.6515625 0.10625 0.1125