0 0.421875 0.484375 0.0875 0.090625
0 0.76171875 0.82578125 0.0671875 0.0703125
0 0.8640625 0.03984375 0.025 0.0265625
0 0.2390625 0.4484375 0.06875 0.071875
0 0.2984375 0.225 0.06875 0.071875
0 0.39921875 0.7015625 0.075 0.0796875
0 0.8125 0.6734375 0.05 0.053125
0 0.7203125 0.75625 0.053125 0.05625
0 0.62109375 0.8375 0.03125 0.034375
0 0.765625 0.7140625 0.0578125 0.059375
0 0.61640625 0.515625 0.04375 0.0453125
0 0.2609375 0.25703125 0.025 0.0265625
0 0.2328125 0.1453125 0.034375 0.0359375
0 0.0875 0.1359375 0.0359375 0.0375
0 0.62265625 0.3484375 0.10625 0.1125