0 0.5703125 0.31875 0.0234375 0.0234375
0 0.2859375 0.184375 0.05 0.05
0 0.096875 0.2484375 0.0328125 0.03125
0 0.06875 0.25390625 0.03125 0.03125
0 0.20703125 0.37265625 0.0515625 0.05
0 0.1875 0.61015625 0.0140625 0.0140625
0 0.32109375 0.6 0.0109375 0.0109375
0 0.47265625 0.18828125 0.0125 0.0125
0 0.51484375 0.0421875 0.015625 0.015625
0 0.596875 0.465625 0.1328125 0.1328125
0 0.709375 0.31953125 0.1296875 0.1296875
0 0.17734375 0.06015625 0.0125 0.0125
0 0.11640625 0.8265625 0.0390625 0.0375
0 0.16875 0.9390625 0.015625 0.015625
0 0.1625 0.70234375 0.1109375 0.1109375
0 0.315625 0.7890625 0.25 0.25
0 0.57421875 0.89765625 0.01875 0.01875
0 0.6015625 0.04453125 0.009375 0.009375
0 0.409375 0.0515625 0.0125 0.0125
0 0.48125 0.128125 0.015625 0.015625
0 0.21484375 0.1375 0.0375 0.0375
0 0.1765625 0.14765625 0.0125 0.0125
0 0.15703125 0.4703125 0.009375 0.009375
0 0.175 0.29453125 0.0125 0.0125
0 0.059375 0.20234375 0.009375 0.009375
0 0.446875 0.2703125 0.0125 0.0125
0 0.8984375 0.27734375 0.015625 0.015625
0 0.9796875 0.6828125 0.0125 0.0125
0 0.75625 0.73828125 0.025 0.025
0 0.28671875 0.5671875 0.009375 0.009375
0 0.18515625 0.79609375 0.0109375 0.0109375
0 0.63046875 0.85546875 0.009375 0.009375