0 0.4296875 0.31875 0.0234375 0.0234375
0 0.7140625 0.184375 0.05 0.05
0 0.903125 0.2484375 0.03203125 0.03203125
0 0.93125 0.25390625 0.03203125 0.03203125
0 0.79296875 0.37265625 0.05078125 0.05078125
0 0.8125 0.61015625 0.0140625 0.0140625
0 0.67890625 0.6 0.0109375 0.0109375
0 0.52734375 0.18828125 0.01171875 0.01171875
0 0.48515625 0.0421875 0.01484375 0.01484375
0 0.403125 0.465625 0.1328125 0.1328125
0 0.290625 0.31953125 0.1296875 0.1296875
0 0.82265625 0.06015625 0.0125 0.0125
0 0.88359375 0.8265625 0.03828125 0.03828125
0 0.83125 0.9390625 0.01484375 0.01484375
0 0.8375 0.70234375 0.1109375 0.1109375
0 0.684375 0.7890625 0.24921875 0.24921875
0 0.42578125 0.89765625 0.01875 0.01875
0 0.3984375 0.04453125 0.009375 0.009375
0 0.590625 0.0515625 0.01171875 0.01171875
0 0.51875 0.128125 0.01640625 0.01640625
0 0.78515625 0.1375 0.03828125 0.03828125
0 0.8234375 0.14765625 0.0125 0.0125
0 0.84296875 0.4703125 0.009375 0.009375
0 0.825 0.29453125 0.01171875 0.01171875
0 0.940625 0.20234375 0.009375 0.009375
0 0.553125 0.2703125 0.01171875 0.01171875
0 0.1015625 0.27734375 0.01484375 0.01484375
0 0.0203125 0.6828125 0.01171875 0.01171875
0 0.24375 0.73828125 0.025 0.025
0 0.71328125 0.5671875 0.009375 0.009375
0 0.81484375 0.79609375 0.0109375 0.0109375
0 0.36953125 0.85546875 0.009375 0.009375