0 0.5703125 0.68125 0.0234375 0.0234375
0 0.2859375 0.815625 0.05 0.05
0 0.096875 0.7515625 0.03125 0.03125
0 0.06875 0.74609375 0.03125 0.03125
0 0.20703125 0.62734375 0.05 0.05
0 0.1875 0.38984375 0.0140625 0.0140625
0 0.32109375 0.4 0.0109375 0.0109375
0 0.47265625 0.81171875 0.0125 0.0125
0 0.51484375 0.9578125 0.015625 0.015625
0 0.596875 0.534375 0.1328125 0.1328125
0 0.709375 0.68046875 0.1296875 0.1296875
0 0.17734375 0.93984375 0.0125 0.0125
0 0.11640625 0.1734375 0.0375 0.0375
0 0.16875 0.0609375 0.015625 0.015625
0 0.1625 0.29765625 0.1109375 0.1109375
0 0.315625 0.2109375 0.25 0.25
0 0.57421875 0.10234375 0.01875 0.01875
0 0.6015625 0.95546875 0.009375 0.009375
0 0.409375 0.9484375 0.0125 0.0125
0 0.48125 0.871875 0.015625 0.015625
0 0.21484375 0.8625 0.0375 0.0375
0 0.1765625 0.85234375 0.0125 0.0125
0 0.15703125 0.5296875 0.009375 0.009375
0 0.175 0.70546875 0.0125 0.0125
0 0.059375 0.79765625 0.009375 0.009375
0 0.446875 0.7296875 0.0125 0.0125
0 0.8984375 0.72265625 0.015625 0.015625
0 0.9796875 0.3171875 0.0125 0.0125
0 0.75625 0.26171875 0.025 0.025
0 0.28671875 0.4328125 0.009375 0.009375
0 0.18515625 0.20390625 0.0109375 0.0109375
0 0.63046875 0.14453125 0.009375 0.009375