0 0.6671875 0.92109375 0.0296875 0.03125
0 0.9796875 0.534375 0.028125 0.028125
0 0.9671875 0.3640625 0.065625 0.071875
0 0.6953125 0.2046875 0.0171875 0.0171875
0 0.65859375 0.17734375 0.015625 0.015625
0 0.52421875 0.13515625 0.0109375 0.0125
0 0.41484375 0.17890625 0.015625 0.015625
0 0.134375 0.10859375 0.04375 0.0453125
0 0.3265625 0.3015625 0.01875 0.01875
0 0.99453125 0.1421875 0.0109375 0.0140625
0 0.98828125 0.1828125 0.01875 0.01875
0 0.80625 0.053125 0.0109375 0.0109375
0 0.70234375 0.19375 0.0125 0.0125
0 0.87890625 0.353125 0.0125 0.0125
0 0.75078125 0.37578125 0.015625 0.015625
0 0.70625 0.4734375 0.0109375 0.0109375
0 0.9359375 0.5046875 0.028125 0.028125
0 0.73515625 0.2375 0.009375 0.009375
0 0.3578125 0.596875 0.0125 0.0140625
0 0.39765625 0.4625 0.0109375 0.0125
0 0.31875 0.46171875 0.0109375 0.0125
0 0.43046875 0.38984375 0.0140625 0.0140625
0 0.4734375 0.0953125 0.0125 0.0125
0 0.5125 0.34609375 0.0125 0.0125
0 0.40078125 0.31328125 0.0109375 0.0125
0 0.28046875 0.0984375 0.015625 0.015625
0 0.4703125 0.0484375 0.015625 0.015625
0 0.6171875 0.08671875 0.009375 0.009375
0 0.040625 0.3375 0.0140625 0.0140625
0 0.0140625 0.58515625 0.00625 0.0109375