0 0.07890625 0.3328125 0.03125 0.0296875
0 0.465625 0.0203125 0.028125 0.028125
0 0.6359375 0.0328125 0.071875 0.065625
0 0.7953125 0.3046875 0.0171875 0.0171875
0 0.82265625 0.34140625 0.015625 0.015625
0 0.86484375 0.47578125 0.0125 0.0109375
0 0.82109375 0.58515625 0.015625 0.015625
0 0.89140625 0.865625 0.0453125 0.04375
0 0.6984375 0.6734375 0.01875 0.01875
0 0.8578125 0.00546875 0.0140625 0.0109375
0 0.8171875 0.01171875 0.01875 0.01875
0 0.946875 0.19375 0.0109375 0.0109375
0 0.80625 0.29765625 0.0125 0.0125
0 0.646875 0.12109375 0.0125 0.0125
0 0.62421875 0.24921875 0.015625 0.015625
0 0.5265625 0.29375 0.0109375 0.0109375
0 0.4953125 0.0640625 0.028125 0.028125
0 0.7625 0.26484375 0.009375 0.009375
0 0.403125 0.6421875 0.0140625 0.0125
0 0.5375 0.60234375 0.0125 0.0109375
0 0.53828125 0.68125 0.0125 0.0109375
0 0.61015625 0.56953125 0.0140625 0.0140625
0 0.9046875 0.5265625 0.0125 0.0125
0 0.65390625 0.4875 0.0125 0.0125
0 0.68671875 0.59921875 0.0125 0.0109375
0 0.9015625 0.71953125 0.015625 0.015625
0 0.9515625 0.5296875 0.015625 0.015625
0 0.91328125 0.3828125 0.009375 0.009375
0 0.6625 0.959375 0.0140625 0.0140625
0 0.41484375 0.9859375 0.0109375 0.00625