0 0.109375 0.19296875 0.03828125 0.0359375
0 0.2953125 0.20390625 0.0234375 0.02265625
0 0.721875 0.375 0.0359375 0.034375
0 0.66484375 0.49296875 0.028125 0.02734375
0 0.83359375 0.24453125 0.18046875 0.171875
0 0.53984375 0.26875 0.1421875 0.13671875
0 0.43828125 0.1765625 0.0921875 0.0875
0 0.8375 0.9515625 0.025 0.02421875
0 0.8796875 0.64375 0.19453125 0.18671875
0 0.92578125 0.65 0.0171875 0.0171875
0 0.3953125 0.871875 0.0203125 0.01953125
0 0.14140625 0.0046875 0.0109375 0.00859375
0 0.5796875 0.1 0.01875 0.0171875
0 0.83046875 0.23671875 0.01171875 0.01171875
0 0.75625 0.16484375 0.0109375 0.0109375
0 0.94609375 0.06328125 0.0140625 0.0140625
0 0.721875 0.41640625 0.01484375 0.0140625
0 0.73984375 0.334375 0.01171875 0.0109375
0 0.47734375 0.43203125 0.015625 0.01484375
0 0.4796875 0.48515625 0.0140625 0.0140625
0 0.25078125 0.553125 0.0109375 0.0109375
0 0.33359375 0.384375 0.0109375 0.009375
0 0.21796875 0.45234375 0.015625 0.01484375
0 0.1546875 0.5328125 0.0125 0.0125
0 0.4265625 0.9328125 0.0109375 0.0109375
0 0.528125 0.7109375 0.0109375 0.009375
0 0.5703125 0.70546875 0.01171875 0.0109375