0 0.02421875 0.39140625 0.01875 0.0203125
0 0.659375 0.9859375 0.05 0.028125
0 0.81953125 0.92109375 0.05 0.053125
0 0.190625 0.76484375 0.0125 0.0125
0 0.3265625 0.75859375 0.01875 0.01875
0 0.2796875 0.5765625 0.0140625 0.015625
0 0.24375 0.57890625 0.0125 0.0125
0 0.221875 0.5609375 0.0171875 0.01875
0 0.4765625 0.18828125 0.0296875 0.03125
0 0.6671875 0.10078125 0.028125 0.0296875
0 0.31171875 0.0078125 0.021875 0.015625
0 0.6578125 0.15703125 0.0125 0.0125
0 0.5390625 0.06171875 0.0125 0.0125
0 0.9046875 0.2890625 0.1015625 0.1078125
0 0.95703125 0.67734375 0.0859375 0.1390625
0 0.06015625 0.684375 0.015625 0.015625
0 0.1078125 0.54296875 0.0109375 0.0109375
0 0.1734375 0.4109375 0.0109375 0.0109375
0 0.0921875 0.12421875 0.0125 0.0125
0 0.44453125 0.42578125 0.0125 0.0125
0 0.46796875 0.54765625 0.009375 0.0109375
0 0.6734375 0.88828125 0.0125 0.0125
0 0.79921875 0.53984375 0.009375 0.0109375
0 0.64140625 0.34140625 0.015625 0.015625
0 0.6609375 0.00703125 0.009375 0.0109375
0 0.92578125 0.415625 0.0125 0.0125