0 0.28984375 0.23671875 0.01640625 0.015625
0 0.36015625 0.0796875 0.3015625 0.159375
0 0.1859375 0.28046875 0.015625 0.0140625
0 0.1734375 0.3046875 0.20703125 0.1859375
0 0.0234375 0.4109375 0.0328125 0.0296875
0 0.2640625 0.53046875 0.0234375 0.021875
0 0.83984375 0.796875 0.025 0.0234375
0 0.59453125 0.39453125 0.56328125 0.50703125
0 0.9453125 0.69765625 0.0140625 0.0125
0 0.0890625 0.5375 0.0984375 0.0890625
0 0.3765625 0.67109375 0.0234375 0.021875
0 0.13359375 0.23359375 0.01171875 0.0109375
0 0.39765625 0.4125 0.01171875 0.0109375
0 0.825 0.56015625 0.01875 0.01640625
0 0.4671875 0.6203125 0.0171875 0.015625
0 0.3234375 0.5375 0.015625 0.0140625