0 0.1328125 0.11171875 0.0359375 0.0359375
0 0.0125 0.51796875 0.0234375 0.021875
0 0.1125 0.64765625 0.025 0.0234375
0 0.11796875 0.71015625 0.015625 0.015625
0 0.0734375 0.853125 0.103125 0.103125
0 0.1828125 0.6703125 0.0796875 0.0796875
0 0.5109375 0.865625 0.1046875 0.1046875
0 0.76015625 0.7734375 0.1390625 0.1390625
0 0.91328125 0.26484375 0.0140625 0.0140625
0 0.959375 0.1515625 0.0625 0.0609375
0 0.33125 0.18125 0.015625 0.015625
0 0.40625 0.0171875 0.015625 0.015625
0 0.378125 0.18828125 0.0109375 0.0109375
0 0.31640625 0.41328125 0.015625 0.015625
0 0.10234375 0.503125 0.0125 0.0125
0 0.69375 0.6109375 0.046875 0.046875
0 0.68515625 0.64140625 0.0234375 0.0234375
0 0.83203125 0.84296875 0.0171875 0.0171875
0 0.68203125 0.8953125 0.015625 0.015625