0 0.5359375 0.05625 0.0109375 0.0109375
0 0.39765625 0.1609375 0.015625 0.015625
0 0.840625 0.09609375 0.0265625 0.025
0 0.8765625 0.21484375 0.01875 0.01875
0 0.93828125 0.37265625 0.025 0.025
0 0.83515625 0.075 0.15625 0.15
0 0.02265625 0.71484375 0.0453125 0.0734375
0 0.28203125 0.8671875 0.015625 0.015625
0 0.44609375 0.89375 0.0125 0.0125
0 0.0640625 0.053125 0.0203125 0.0203125
0 0.01328125 0.01328125 0.0203125 0.0203125
0 0.0140625 0.3 0.015625 0.015625
0 0.7421875 0.25703125 0.034375 0.034375
0 0.728125 0.746875 0.0125 0.0125
0 0.140625 0.59296875 0.015625 0.015625
0 0.1421875 0.65703125 0.015625 0.015625
0 0.03828125 0.853125 0.0296875 0.028125
0 0.64765625 0.940625 0.015625 0.0140625