0 0.4640625 0.94375 0.0109375 0.0109375
0 0.60234375 0.8390625 0.015625 0.015625
0 0.159375 0.90390625 0.0265625 0.025
0 0.1234375 0.78515625 0.01875 0.01875
0 0.06171875 0.62734375 0.025 0.025
0 0.16484375 0.925 0.15625 0.15
0 0.97734375 0.28515625 0.0453125 0.0734375
0 0.71796875 0.1328125 0.015625 0.015625
0 0.55390625 0.10625 0.0125 0.0125
0 0.9359375 0.946875 0.0203125 0.0203125
0 0.98671875 0.98671875 0.0203125 0.0203125
0 0.9859375 0.7 0.015625 0.015625
0 0.2578125 0.74296875 0.034375 0.034375
0 0.271875 0.253125 0.0125 0.0125
0 0.859375 0.40703125 0.015625 0.015625
0 0.8578125 0.34296875 0.015625 0.015625
0 0.96171875 0.146875 0.0296875 0.028125
0 0.35234375 0.059375 0.015625 0.0140625