0 0.03828125 0.4421875 0.0265625 0.0234375
0 0.19453125 0.2796875 0.065625 0.059375
0 0.3328125 0.10859375 0.071875 0.065625
0 0.64921875 0.4328125 0.084375 0.078125
0 0.9265625 0.2921875 0.134375 0.121875
0 0.95 0.3765625 0.01875 0.015625
0 0.409375 0.94453125 0.0109375 0.009375
0 0.4203125 0.68671875 0.0765625 0.06875
0 0.03984375 0.53359375 0.0796875 0.078125
0 0.3265625 0.03359375 0.0125 0.0109375
0 0.0171875 0.421875 0.0171875 0.015625
0 0.340625 0.36796875 0.0171875 0.015625
0 0.61875 0.784375 0.015625 0.0125
0 0.12578125 0.67109375 0.0140625 0.0125
0 0.309375 0.69765625 0.015625 0.015625
0 0.82265625 0.96953125 0.015625 0.0140625