0 0.96171875 0.4421875 0.0265625 0.0234375
0 0.80546875 0.2796875 0.065625 0.059375
0 0.6671875 0.10859375 0.071875 0.065625
0 0.35078125 0.4328125 0.084375 0.078125
0 0.0734375 0.2921875 0.134375 0.121875
0 0.05 0.3765625 0.01875 0.015625
0 0.590625 0.94453125 0.0109375 0.009375
0 0.5796875 0.68671875 0.0765625 0.06875
0 0.96015625 0.53359375 0.078125 0.078125
0 0.6734375 0.03359375 0.0125 0.0109375
0 0.9828125 0.421875 0.0171875 0.015625
0 0.659375 0.36796875 0.0171875 0.015625
0 0.38125 0.784375 0.015625 0.0125
0 0.87421875 0.67109375 0.0140625 0.0125
0 0.690625 0.69765625 0.015625 0.015625
0 0.17734375 0.96953125 0.015625 0.0140625