0 0.790625 0.18046875 0.040625 0.040625
0 0.82578125 0.20234375 0.0125 0.0125
0 0.99765625 0.16484375 0.0046875 0.009375
0 0.76953125 0.575 0.015625 0.015625
0 0.7875 0.5890625 0.0375 0.0375
0 0.61328125 0.7296875 0.0328125 0.0328125
0 0.98828125 0.4046875 0.0203125 0.0203125
0 0.18125 0.73046875 0.0125 0.0125
0 0.115625 0.6765625 0.015625 0.015625
0 0.30234375 0.92890625 0.0125 0.0125
0 0.8328125 0.92421875 0.015625 0.015625
0 0.91640625 0.29296875 0.0125 0.0125
0 0.90625 0.6890625 0.0125 0.0125
0 0.56640625 0.75234375 0.0109375 0.009375
0 0.81640625 0.91484375 0.009375 0.009375