0 0.209375 0.18046875 0.040625 0.040625
0 0.17421875 0.20234375 0.0125 0.0125
0 0.00234375 0.16484375 0.0046875 0.009375
0 0.23046875 0.575 0.015625 0.015625
0 0.2125 0.5890625 0.0375 0.0375
0 0.38671875 0.7296875 0.0328125 0.0328125
0 0.01171875 0.4046875 0.0203125 0.0203125
0 0.81875 0.73046875 0.0125 0.0125
0 0.884375 0.6765625 0.015625 0.015625
0 0.69765625 0.92890625 0.0125 0.0125
0 0.1671875 0.92421875 0.015625 0.015625
0 0.08359375 0.29296875 0.0125 0.0125
0 0.09375 0.6890625 0.0125 0.0125
0 0.43359375 0.75234375 0.0109375 0.009375
0 0.18359375 0.91484375 0.009375 0.009375