0 0.8078125 0.96171875 0.01875 0.01875
0 0.87578125 0.82109375 0.096875 0.0953125
0 0.684375 0.9109375 0.0203125 0.01875
0 0.278125 0.8953125 0.046875 0.046875
0 0.05625 0.91875 0.0125 0.0125
0 0.2015625 0.77265625 0.0109375 0.009375
0 0.059375 0.40546875 0.01875 0.0171875
0 0.0921875 0.3328125 0.015625 0.015625
0 0.4375 0.33046875 0.0109375 0.0109375
0 0.21953125 0.07890625 0.015625 0.015625
0 0.49609375 0.51796875 0.0125 0.0125
0 0.490625 0.43046875 0.0109375 0.0109375
0 0.790625 0.48828125 0.009375 0.009375
0 0.79765625 0.90703125 0.0109375 0.0109375