0 0.8078125 0.03828125 0.01953125 0.01953125
0 0.87578125 0.17890625 0.09765625 0.0953125
0 0.684375 0.0890625 0.0203125 0.01953125
0 0.278125 0.1046875 0.04609375 0.04609375
0 0.05625 0.08125 0.0125 0.01171875
0 0.2015625 0.22734375 0.0109375 0.009375
0 0.059375 0.59453125 0.01875 0.0171875
0 0.0921875 0.6671875 0.01484375 0.01484375
0 0.4375 0.66953125 0.0109375 0.0109375
0 0.21953125 0.92109375 0.015625 0.01484375
0 0.49609375 0.48203125 0.0125 0.0125
0 0.490625 0.56953125 0.0109375 0.0109375
0 0.790625 0.51171875 0.009375 0.009375
0 0.79765625 0.09296875 0.0109375 0.0109375