0 0.2671875 0.85703125 0.0359375 0.0328125
0 0.71640625 0.88125 0.015625 0.015625
0 0.9015625 0.70625 0.01875 0.0171875
0 0.78125 0.07734375 0.0125 0.0125
0 0.84453125 0.403125 0.0125 0.0125
0 0.47265625 0.3390625 0.0125 0.0125
0 0.30546875 0.30625 0.0234375 0.021875
0 0.08515625 0.334375 0.0453125 0.0421875
0 0.98359375 0.9171875 0.0171875 0.015625
0 0.66484375 0.8015625 0.0109375 0.009375
0 0.603125 0.25703125 0.0125 0.0109375
0 0.2796875 0.03203125 0.015625 0.0140625
0 0.01328125 0.45390625 0.015625 0.0140625