0 0.14296875 0.7328125 0.0328125 0.0359375
0 0.11875 0.28359375 0.015625 0.015625
0 0.29375 0.0984375 0.0171875 0.01875
0 0.92265625 0.21875 0.0125 0.0125
0 0.596875 0.15546875 0.0125 0.0125
0 0.6609375 0.52734375 0.0125 0.0125
0 0.69375 0.69453125 0.021875 0.0234375
0 0.665625 0.91484375 0.0421875 0.0453125
0 0.0828125 0.01640625 0.015625 0.0171875
0 0.1984375 0.33515625 0.009375 0.0109375
0 0.74296875 0.396875 0.0109375 0.0125
0 0.96796875 0.7203125 0.0140625 0.015625
0 0.54609375 0.98671875 0.0140625 0.015625