0 0.1921875 0.03828125 0.01875 0.01875
0 0.12421875 0.17890625 0.096875 0.0953125
0 0.315625 0.0890625 0.0203125 0.01875
0 0.721875 0.1046875 0.046875 0.046875
0 0.94375 0.08125 0.0125 0.0125
0 0.7984375 0.22734375 0.0109375 0.009375
0 0.940625 0.59453125 0.01875 0.0171875
0 0.9078125 0.6671875 0.015625 0.015625
0 0.5625 0.66953125 0.0109375 0.0109375
0 0.78046875 0.92109375 0.015625 0.015625
0 0.50390625 0.48203125 0.0125 0.0125
0 0.509375 0.56953125 0.0109375 0.0109375
0 0.209375 0.51171875 0.009375 0.009375
0 0.20234375 0.09296875 0.0109375 0.0109375