0 0.4 0.40703125 0.025 0.028125
0 0.46875 0.18671875 0.0203125 0.021875
0 0.2375 0.265625 0.0234375 0.0265625
0 0.36953125 0.65625 0.034375 0.0390625
0 0.16875 0.684375 0.040625 0.046875
0 0.49375 0.64140625 0.01875 0.0203125
0 0.2421875 0.8875 0.1015625 0.1140625
0 0.5546875 0.73125 0.103125 0.1171875
0 0.58046875 0.34765625 0.028125 0.03125
0 0.81953125 0.1546875 0.09375 0.10625
0 0.40234375 0.8828125 0.009375 0.0109375
0 0.36015625 0.83515625 0.0140625 0.015625
0 0.584375 0.48046875 0.01875 0.021875
0 0.81640625 0.88984375 0.015625 0.015625
0 0.96640625 0.640625 0.0109375 0.0125
0 0.96796875 0.35625 0.0140625 0.015625