0 0.5984375 0.159375 0.01875 0.01875
0 0.49375 0.34140625 0.0125 0.0125
0 0.496875 0.39453125 0.021875 0.021875
0 0.6375 0.81796875 0.025 0.025
0 0.5828125 0.96953125 0.01875 0.01875
0 0.9734375 0.86015625 0.009375 0.0109375
0 0.91796875 0.90859375 0.021875 0.021875
0 0.87890625 0.9625 0.0265625 0.0265625
0 0.0984375 0.546875 0.0125 0.0125
0 0.3484375 0.56640625 0.0109375 0.0125
0 0.075 0.03359375 0.021875 0.021875
0 0.1203125 0.021875 0.0109375 0.0125
0 0.8734375 0.053125 0.0125 0.0125
0 0.7515625 0.6265625 0.009375 0.009375