0 0.92578125 0.0625 0.015625 0.01484375
0 0.5828125 0.00625 0.01484375 0.01171875
0 0.21328125 0.40625 0.01484375 0.0140625
0 0.20234375 0.1 0.0109375 0.009375
0 0.28203125 0.22421875 0.0171875 0.015625
0 0.3484375 0.3140625 0.0125 0.01171875
0 0.478125 0.26484375 0.0140625 0.0125
0 0.6203125 0.234375 0.01484375 0.0140625
0 0.66875 0.1515625 0.01171875 0.0109375
0 0.975 0.7921875 0.0125 0.01171875
0 0.8953125 0.84453125 0.0109375 0.009375
0 0.853125 0.59453125 0.0140625 0.0125
0 0.8921875 0.62265625 0.0109375 0.009375
0 0.7609375 0.5828125 0.0140625 0.0125
0 0.44453125 0.7328125 0.0140625 0.0125
0 0.4109375 0.6140625 0.0171875 0.01640625
0 0.6375 0.95859375 0.10625 0.0828125
0 0.52109375 0.7828125 0.0125 0.01171875
0 0.29140625 0.55234375 0.01875 0.0171875
0 0.3109375 0.89921875 0.01171875 0.0109375
0 0.315625 0.94140625 0.021875 0.01953125