0 0.3375 0.63828125 0.0125 0.0109375
0 0.40625 0.7578125 0.021875 0.021875
0 0.00625 0.77890625 0.0125 0.01875
0 0.0984375 0.26484375 0.015625 0.0140625
0 0.1578125 0.38984375 0.0265625 0.0265625
0 0.08046875 0.5125 0.0109375 0.0109375
0 0.58125 0.16640625 0.0109375 0.0109375
0 0.671875 0.47421875 0.0125 0.0125
0 0.846875 0.54765625 0.015625 0.0140625
0 0.92265625 0.5890625 0.0125 0.0125
0 0.7078125 0.39375 0.0375 0.0359375
0 0.8328125 0.040625 0.071875 0.0703125
0 0.878125 0.44921875 0.009375 0.009375