0 0.840625 0.4015625 0.01953125 0.01875
0 0.65859375 0.50625 0.01171875 0.01171875
0 0.60546875 0.503125 0.02265625 0.021875
0 0.18203125 0.3625 0.025 0.025
0 0.03046875 0.4171875 0.01953125 0.01875
0 0.13984375 0.0265625 0.0109375 0.009375
0 0.09140625 0.08203125 0.02265625 0.021875
0 0.0375 0.12109375 0.0265625 0.0265625
0 0.453125 0.9015625 0.01171875 0.01171875
0 0.43359375 0.6515625 0.01171875 0.0109375
0 0.96640625 0.925 0.02265625 0.021875
0 0.978125 0.8796875 0.01171875 0.0109375
0 0.946875 0.1265625 0.01171875 0.01171875
0 0.3734375 0.2484375 0.009375 0.009375