0 0.92578125 0.9375 0.015625 0.015625
0 0.5828125 0.99375 0.015625 0.0125
0 0.21328125 0.59375 0.015625 0.0140625
0 0.20234375 0.9 0.0109375 0.009375
0 0.28203125 0.77578125 0.0171875 0.015625
0 0.3484375 0.6859375 0.0125 0.0125
0 0.478125 0.73515625 0.0140625 0.0125
0 0.6203125 0.765625 0.015625 0.0140625
0 0.66875 0.8484375 0.0125 0.0109375
0 0.975 0.2078125 0.0125 0.0125
0 0.8953125 0.15546875 0.0109375 0.009375
0 0.853125 0.40546875 0.0140625 0.0125
0 0.8921875 0.37734375 0.0109375 0.009375
0 0.7609375 0.4171875 0.0140625 0.0125
0 0.44453125 0.2671875 0.0140625 0.0125
0 0.4109375 0.3859375 0.0171875 0.015625
0 0.6375 0.04140625 0.10625 0.0828125
0 0.52109375 0.2171875 0.0125 0.0125
0 0.29140625 0.44765625 0.01875 0.0171875
0 0.3109375 0.10078125 0.0125 0.0109375
0 0.315625 0.05859375 0.021875 0.01875