0 0.971875 0.21328125 0.01171875 0.0109375
0 0.61796875 0.071875 0.1953125 0.14375
0 0.2359375 0.07109375 0.03203125 0.03203125
0 0.16953125 0.71796875 0.0140625 0.0140625
0 0.496875 0.6828125 0.0125 0.0125
0 0.29453125 0.37421875 0.01953125 0.01953125
0 0.4390625 0.503125 0.0875 0.08671875
0 0.3765625 0.596875 0.075 0.07421875
0 0.68203125 0.83984375 0.01171875 0.01171875
0 0.1984375 0.8375 0.0125 0.01171875
0 0.121875 0.83203125 0.021875 0.021875
0 0.8453125 0.44453125 0.0109375 0.0109375
0 0.25859375 0.13984375 0.009375 0.009375
0 0.22578125 0.646875 0.0109375 0.0109375
0 0.1453125 0.78828125 0.009375 0.009375
0 0.94140625 0.98125 0.01171875 0.01171875
0 0.2125 0.9140625 0.01171875 0.01171875