0 0.028125 0.21328125 0.0125 0.0109375
0 0.38203125 0.071875 0.1953125 0.14375
0 0.7640625 0.07109375 0.03125 0.03125
0 0.83046875 0.71796875 0.0140625 0.0140625
0 0.503125 0.6828125 0.0125 0.0125
0 0.70546875 0.37421875 0.01875 0.01875
0 0.5609375 0.503125 0.0875 0.0875
0 0.6234375 0.596875 0.075 0.075
0 0.31796875 0.83984375 0.0125 0.0125
0 0.8015625 0.8375 0.0125 0.0125
0 0.878125 0.83203125 0.021875 0.021875
0 0.1546875 0.44453125 0.0109375 0.0109375
0 0.74140625 0.13984375 0.009375 0.009375
0 0.77421875 0.646875 0.0109375 0.0109375
0 0.8546875 0.78828125 0.009375 0.009375
0 0.05859375 0.98125 0.0125 0.0125
0 0.7875 0.9140625 0.0125 0.0125