0 0.9078125 0.0328125 0.0125 0.0125
0 0.95078125 0.60390625 0.01875 0.0203125
0 0.965625 0.5734375 0.0109375 0.0109375
0 0.80546875 0.7078125 0.25 0.2546875
0 0.73125 0.9453125 0.015625 0.015625
0 0.1828125 0.92265625 0.0125 0.0125
0 0.075 0.7875 0.01875 0.0203125
0 0.4421875 0.9328125 0.0109375 0.0109375
0 0.22578125 0.12109375 0.0125 0.0125
0 0.9546875 0.14140625 0.0109375 0.0109375
0 0.87421875 0.3046875 0.009375 0.0109375
0 0.7921875 0.4046875 0.0109375 0.0109375
0 0.90859375 0.4859375 0.0125 0.0125
0 0.9765625 0.75859375 0.015625 0.0171875
0 0.47421875 0.596875 0.009375 0.009375
0 0.7328125 0.271875 0.0109375 0.0109375
0 0.284375 0.2375 0.0109375 0.0125
0 0.365625 0.059375 0.0703125 0.071875
0 0.34375 0.6859375 0.009375 0.009375