0 0.9671875 0.0921875 0.01171875 0.01171875
0 0.39609375 0.04921875 0.0203125 0.01953125
0 0.4265625 0.034375 0.0109375 0.0109375
0 0.2921875 0.19453125 0.2546875 0.25
0 0.0546875 0.26875 0.015625 0.01484375
0 0.07734375 0.8171875 0.0125 0.0125
0 0.2125 0.925 0.0203125 0.01953125
0 0.0671875 0.5578125 0.0109375 0.0109375
0 0.87890625 0.77421875 0.0125 0.0125
0 0.85859375 0.0453125 0.0109375 0.0109375
0 0.6953125 0.12578125 0.0109375 0.009375
0 0.5953125 0.2078125 0.0109375 0.0109375
0 0.5140625 0.09140625 0.0125 0.0125
0 0.24140625 0.0234375 0.0171875 0.01640625
0 0.403125 0.52578125 0.009375 0.009375
0 0.728125 0.2671875 0.0109375 0.0109375
0 0.7625 0.715625 0.01171875 0.0109375
0 0.940625 0.634375 0.071875 0.0703125
0 0.3140625 0.65625 0.009375 0.009375