0 0.0921875 0.0328125 0.0125 0.0125
0 0.04921875 0.60390625 0.01875 0.0203125
0 0.034375 0.5734375 0.0109375 0.0109375
0 0.19453125 0.7078125 0.25 0.2546875
0 0.26875 0.9453125 0.015625 0.015625
0 0.8171875 0.92265625 0.0125 0.0125
0 0.925 0.7875 0.01875 0.0203125
0 0.5578125 0.9328125 0.0109375 0.0109375
0 0.77421875 0.12109375 0.0125 0.0125
0 0.0453125 0.14140625 0.0109375 0.0109375
0 0.12578125 0.3046875 0.009375 0.0109375
0 0.2078125 0.4046875 0.0109375 0.0109375
0 0.09140625 0.4859375 0.0125 0.0125
0 0.0234375 0.75859375 0.015625 0.0171875
0 0.52578125 0.596875 0.009375 0.009375
0 0.2671875 0.271875 0.0109375 0.0109375
0 0.715625 0.2375 0.0109375 0.0125
0 0.634375 0.059375 0.0703125 0.071875
0 0.65625 0.6859375 0.009375 0.009375