0 0.0484375 0.55859375 0.025 0.0234375
0 0.540625 0.81484375 0.0171875 0.0171875
0 0.6421875 0.9 0.0140625 0.0140625
0 0.740625 0.9640625 0.01875 0.01875
0 0.48125 0.50703125 0.15625 0.1515625
0 0.93828125 0.97109375 0.04375 0.0421875
0 0.86796875 0.88125 0.0109375 0.0109375
0 0.84765625 0.20625 0.059375 0.0578125
0 0.1359375 0.171875 0.0203125 0.0203125
0 0.08671875 0.134375 0.040625 0.040625
0 0.696875 0.053125 0.0125 0.0125
0 0.090625 0.92109375 0.0109375 0.0109375
0 0.1515625 0.91953125 0.0109375 0.0109375
0 0.709375 0.39140625 0.0125 0.0125