0 0.06328125 0.2296875 0.0140625 0.01171875
0 0.0515625 0.31796875 0.0125 0.0109375
0 0.18203125 0.14375 0.034375 0.03125
0 0.43359375 0.12109375 0.065625 0.059375
0 0.87890625 0.209375 0.0125 0.01171875
0 0.88125 0.315625 0.01171875 0.0109375
0 0.9609375 0.659375 0.021875 0.01875
0 0.809375 0.79609375 0.01171875 0.0109375
0 0.98515625 0.77421875 0.009375 0.01171875
0 0.984375 0.8078125 0.01484375 0.0125
0 0.8765625 0.97734375 0.01171875 0.0109375
0 0.71953125 0.8609375 0.0234375 0.021875
0 0.50078125 0.91953125 0.03828125 0.034375
0 0.32421875 0.6625 0.02265625 0.0203125
0 0.23515625 0.87421875 0.0375 0.0328125
0 0.08828125 0.865625 0.1609375 0.1453125
0 0.03984375 0.7546875 0.015625 0.01484375
0 0.32421875 0.4609375 0.01171875 0.0109375