0 0.203125 0.0875 0.0140625 0.0140625
0 0.515625 0.0375 0.0125 0.0125
0 0.5984375 0.06640625 0.01640625 0.01640625
0 0.7953125 0.02890625 0.01875 0.01875
0 0.9265625 0.24375 0.015625 0.01484375
0 0.95078125 0.6234375 0.01484375 0.0140625
0 0.9421875 0.7359375 0.01171875 0.01171875
0 0.65234375 0.73515625 0.01171875 0.0109375
0 0.7375 0.628125 0.01171875 0.01171875
0 0.9171875 0.6140625 0.028125 0.0265625
0 0.9546875 0.51015625 0.01171875 0.0109375
0 0.9578125 0.2640625 0.015625 0.015625
0 0.85234375 0.26875 0.01171875 0.01171875
0 0.5859375 0.58046875 0.02265625 0.021875
0 0.496875 0.64921875 0.0140625 0.0125
0 0.290625 0.55546875 0.0265625 0.025
0 0.3328125 0.77421875 0.0125 0.01171875
0 0.21953125 0.471875 0.0109375 0.0109375
0 0.11796875 0.3109375 0.01875 0.01875
0 0.21796875 0.92265625 0.015625 0.01484375
0 0.2609375 0.95390625 0.01484375 0.0140625
0 0.19140625 0.8625 0.01640625 0.015625
0 0.26953125 0.8203125 0.01171875 0.0109375
0 0.28828125 0.8921875 0.01875 0.0171875
0 0.78359375 0.8296875 0.0125 0.0125
0 0.9375 0.93828125 0.0171875 0.01640625
0 0.0890625 0.5875 0.01171875 0.01171875
0 0.06953125 0.50859375 0.01484375 0.01484375
0 0.73359375 0.4578125 0.0109375 0.0109375