0 0.796875 0.0875 0.0140625 0.0140625
0 0.484375 0.0375 0.0125 0.0125
0 0.4015625 0.06640625 0.015625 0.015625
0 0.2046875 0.02890625 0.01875 0.01875
0 0.0734375 0.24375 0.015625 0.015625
0 0.04921875 0.6234375 0.015625 0.0140625
0 0.0578125 0.7359375 0.0125 0.0125
0 0.34765625 0.73515625 0.0125 0.0109375
0 0.2625 0.628125 0.0125 0.0125
0 0.0828125 0.6140625 0.028125 0.0265625
0 0.0453125 0.51015625 0.0125 0.0109375
0 0.0421875 0.2640625 0.015625 0.015625
0 0.14765625 0.26875 0.0125 0.0125
0 0.4140625 0.58046875 0.021875 0.021875
0 0.503125 0.64921875 0.0140625 0.0125
0 0.709375 0.55546875 0.0265625 0.025
0 0.6671875 0.77421875 0.0125 0.0125
0 0.78046875 0.471875 0.0109375 0.0109375
0 0.88203125 0.3109375 0.01875 0.01875
0 0.78203125 0.92265625 0.015625 0.015625
0 0.7390625 0.95390625 0.015625 0.0140625
0 0.80859375 0.8625 0.015625 0.015625
0 0.73046875 0.8203125 0.0125 0.0109375
0 0.71171875 0.8921875 0.01875 0.0171875
0 0.21640625 0.8296875 0.0125 0.0125
0 0.0625 0.93828125 0.0171875 0.015625
0 0.9109375 0.5875 0.0125 0.0125
0 0.93046875 0.50859375 0.015625 0.015625
0 0.26640625 0.4578125 0.0109375 0.0109375