0 0.97265625 0.1375 0.0140625 0.0140625
0 0.975 0.1859375 0.0109375 0.0109375
0 0.46796875 0.1421875 0.0109375 0.009375
0 0.20625 0.26875 0.01171875 0.01171875
0 0.16875 0.0171875 0.0140625 0.0140625
0 0.075 0.08828125 0.0265625 0.0265625
0 0.14375 0.7640625 0.0140625 0.0140625
0 0.5921875 0.853125 0.0125 0.0125
0 0.440625 0.91953125 0.01171875 0.01171875
0 0.48125 0.48671875 0.01171875 0.0109375
0 0.55859375 0.465625 0.0109375 0.0109375
0 0.740625 0.978125 0.01171875 0.01171875
0 0.7515625 0.09609375 0.01171875 0.01171875
0 0.4328125 0.1515625 0.0109375 0.009375
0 0.32734375 0.28671875 0.0109375 0.0109375
0 0.1609375 0.325 0.0109375 0.0109375
0 0.121875 0.11640625 0.01171875 0.01171875
0 0.2875 0.56953125 0.0109375 0.009375
0 0.8109375 0.71328125 0.0109375 0.0109375
0 0.27421875 0.72421875 0.0109375 0.0109375