0 0.02734375 0.8625 0.0140625 0.0140625
0 0.025 0.8140625 0.0109375 0.0109375
0 0.53203125 0.8578125 0.0109375 0.009375
0 0.79375 0.73125 0.0125 0.0125
0 0.83125 0.9828125 0.0140625 0.0140625
0 0.925 0.91171875 0.0265625 0.0265625
0 0.85625 0.2359375 0.0140625 0.0140625
0 0.4078125 0.146875 0.0125 0.0125
0 0.559375 0.08046875 0.0125 0.0125
0 0.51875 0.51328125 0.0125 0.0109375
0 0.44140625 0.534375 0.0109375 0.0109375
0 0.259375 0.021875 0.0125 0.0125
0 0.2484375 0.90390625 0.0125 0.0125
0 0.5671875 0.8484375 0.0109375 0.009375
0 0.67265625 0.71328125 0.0109375 0.0109375
0 0.8390625 0.675 0.0109375 0.0109375
0 0.878125 0.88359375 0.0125 0.0125
0 0.7125 0.43046875 0.0109375 0.009375
0 0.1890625 0.28671875 0.0109375 0.0109375
0 0.72578125 0.27578125 0.0109375 0.0109375