0 0.7703125 0.93671875 0.0125 0.0140625
0 0.68203125 0.9484375 0.0109375 0.0125
0 0.85625 0.81796875 0.03125 0.034375
0 0.87890625 0.56640625 0.059375 0.065625
0 0.790625 0.12109375 0.0125 0.0125
0 0.684375 0.11875 0.0109375 0.0125
0 0.340625 0.0390625 0.01875 0.021875
0 0.20390625 0.190625 0.0109375 0.0125
0 0.22578125 0.01484375 0.0125 0.009375
0 0.1921875 0.015625 0.0125 0.015625
0 0.02265625 0.1234375 0.0109375 0.0125
0 0.1390625 0.28046875 0.021875 0.0234375
0 0.08046875 0.49921875 0.034375 0.0375
0 0.3375 0.67578125 0.0203125 0.021875
0 0.12578125 0.76484375 0.0328125 0.0375
0 0.134375 0.91171875 0.1453125 0.1609375
0 0.2453125 0.96015625 0.015625 0.015625
0 0.5390625 0.67578125 0.0109375 0.0125