0 0.44140625 0.9515625 0.0234375 0.025
0 0.18515625 0.459375 0.0171875 0.0171875
0 0.1 0.3578125 0.0140625 0.0140625
0 0.0359375 0.259375 0.01875 0.01875
0 0.49296875 0.51875 0.1515625 0.15625
0 0.02890625 0.06171875 0.0421875 0.04375
0 0.11875 0.13203125 0.0109375 0.0109375
0 0.79375 0.15234375 0.0578125 0.059375
0 0.828125 0.8640625 0.0203125 0.0203125
0 0.865625 0.91328125 0.040625 0.040625
0 0.946875 0.303125 0.0125 0.0125
0 0.07890625 0.909375 0.0109375 0.0109375
0 0.08046875 0.8484375 0.0109375 0.0109375
0 0.60859375 0.290625 0.0125 0.0125