0 0.9203125 0.36953125 0.021875 0.021875
0 0.4671875 0.34921875 0.025 0.025
0 0.6140625 0.2921875 0.0125 0.0125
0 0.603125 0.3921875 0.0125 0.0125
0 0.22109375 0.31484375 0.015625 0.015625
0 0.05546875 0.084375 0.0125 0.0125
0 0.03125 0.278125 0.059375 0.059375
0 0.27109375 0.159375 0.0125 0.0125
0 0.31484375 0.11015625 0.0125 0.0125
0 0.24140625 0.4703125 0.175 0.175
0 0.0984375 0.95078125 0.0203125 0.0203125
0 0.03828125 0.85078125 0.0125 0.0125
0 0.1515625 0.634375 0.1421875 0.1421875
0 0.51640625 0.96953125 0.0375 0.0375
0 0.609375 0.95859375 0.015625 0.015625
0 0.9890625 0.7703125 0.015625 0.015625
0 0.5953125 0.92265625 0.0125 0.0125
0 0.70546875 0.978125 0.0109375 0.0109375
0 0.2796875 0.01875 0.0109375 0.0109375
0 0.08359375 0.14453125 0.015625 0.015625
0 0.821875 0.23515625 0.0109375 0.0109375
0 0.1390625 0.88671875 0.0109375 0.0109375
0 0.2296875 0.82578125 0.009375 0.009375
0 0.17890625 0.93046875 0.009375 0.009375
0 0.70390625 0.6625 0.0125 0.0125