0 0.0453125 0.9765625 0.0109375 0.0109375
0 0.24765625 0.78046875 0.0125 0.0125
0 0.7328125 0.9671875 0.0125 0.0125
0 0.9859375 0.996875 0.0125 0.00625
0 0.7 0.77890625 0.0703125 0.06875
0 0.8140625 0.5765625 0.0625 0.0625
0 0.5953125 0.59296875 0.0109375 0.0109375
0 0.353125 0.4203125 0.046875 0.046875
0 0.81875 0.0375 0.0125 0.0109375
0 0.065625 0.7015625 0.0203125 0.0203125
0 0.346875 0.83203125 0.0109375 0.0109375
0 0.6078125 0.565625 0.0125 0.0125
0 0.94765625 0.771875 0.0109375 0.009375
0 0.33515625 0.17890625 0.0140625 0.0140625
0 0.2546875 0.0953125 0.009375 0.009375