0 0.0453125 0.0234375 0.0109375 0.0109375
0 0.24765625 0.21953125 0.0125 0.0125
0 0.7328125 0.0328125 0.0125 0.0125
0 0.9859375 0.003125 0.0125 0.00625
0 0.7 0.22109375 0.0703125 0.06875
0 0.8140625 0.4234375 0.0625 0.0625
0 0.5953125 0.40703125 0.0109375 0.0109375
0 0.353125 0.5796875 0.046875 0.046875
0 0.81875 0.9625 0.0125 0.0109375
0 0.065625 0.2984375 0.0203125 0.0203125
0 0.346875 0.16796875 0.0109375 0.0109375
0 0.6078125 0.434375 0.0125 0.0125
0 0.94765625 0.228125 0.0109375 0.009375
0 0.33515625 0.82109375 0.0140625 0.0140625
0 0.2546875 0.9046875 0.009375 0.009375