0 0.63046875 0.0796875 0.021875 0.021875
0 0.65078125 0.5328125 0.025 0.025
0 0.7078125 0.3859375 0.0125 0.0125
0 0.6078125 0.396875 0.0125 0.0125
0 0.68515625 0.77890625 0.015625 0.015625
0 0.915625 0.94453125 0.0125 0.0125
0 0.721875 0.96875 0.059375 0.059375
0 0.840625 0.72890625 0.0125 0.0125
0 0.88984375 0.68515625 0.0125 0.0125
0 0.5296875 0.75859375 0.175 0.175
0 0.04921875 0.9015625 0.0203125 0.0203125
0 0.14921875 0.96171875 0.0125 0.0125
0 0.365625 0.8484375 0.1421875 0.1421875
0 0.03046875 0.48359375 0.0375 0.0375
0 0.04140625 0.390625 0.015625 0.015625
0 0.2296875 0.0109375 0.015625 0.015625
0 0.07734375 0.4046875 0.0125 0.0125
0 0.021875 0.29453125 0.0109375 0.0109375
0 0.98125 0.7203125 0.0109375 0.0109375
0 0.85546875 0.91640625 0.015625 0.015625
0 0.76484375 0.178125 0.0109375 0.0109375
0 0.11328125 0.8609375 0.0109375 0.0109375
0 0.17421875 0.7703125 0.009375 0.009375
0 0.06953125 0.82109375 0.009375 0.009375
0 0.3375 0.29609375 0.0125 0.0125