0 0.9546875 0.0234375 0.0109375 0.0109375
0 0.75234375 0.21953125 0.01171875 0.01171875
0 0.2671875 0.0328125 0.01171875 0.01171875
0 0.0140625 0.003125 0.0125 0.00625
0 0.3 0.22109375 0.0703125 0.06953125
0 0.1859375 0.4234375 0.06328125 0.0625
0 0.4046875 0.40703125 0.0109375 0.0109375
0 0.646875 0.5796875 0.04765625 0.046875
0 0.18125 0.9625 0.01171875 0.0109375
0 0.934375 0.2984375 0.0203125 0.0203125
0 0.653125 0.16796875 0.0109375 0.0109375
0 0.3921875 0.434375 0.0125 0.0125
0 0.05234375 0.228125 0.0109375 0.009375
0 0.66484375 0.82109375 0.0140625 0.0140625
0 0.7453125 0.9046875 0.009375 0.009375