0 0.92890625 0.93359375 0.0171875 0.015625
0 0.77109375 0.878125 0.0453125 0.040625
0 0.54609375 0.94296875 0.0171875 0.015625
0 0.71015625 0.775 0.0125 0.0109375
0 0.06640625 0.725 0.03125 0.028125
0 0.2203125 0.60625 0.021875 0.01875
0 0.259375 0.60859375 0.040625 0.0359375
0 0.32109375 0.503125 0.021875 0.01875
0 0.39765625 0.33203125 0.0140625 0.0125
0 0.4921875 0.23515625 0.0125 0.0109375
0 0.6421875 0.2984375 0.06875 0.059375
0 0.66015625 0.4234375 0.0125 0.009375
0 0.83671875 0.20859375 0.0125 0.0109375
0 0.796875 0.16953125 0.021875 0.01875
0 0.690625 0.1265625 0.0125 0.009375
0 0.67890625 0.16875 0.03125 0.028125
0 0.40546875 0.065625 0.025 0.021875
0 0.159375 0.0609375 0.0125 0.0109375
0 0.54921875 0.196875 0.0125 0.0109375
0 0.55078125 0.709375 0.0109375 0.009375
0 0.7984375 0.19453125 0.0171875 0.015625