0 0.309375 0.01171875 0.03515625 0.0234375
0 0.32578125 0.15 0.0125 0.0109375
0 0.22421875 0.2546875 0.03046875 0.02734375
0 0.27421875 0.2984375 0.09453125 0.08515625
0 0.21953125 0.528125 0.0125 0.0109375
0 0.4484375 0.46640625 0.0125 0.01171875
0 0.16015625 0.596875 0.09296875 0.08203125
0 0.7234375 0.50234375 0.02421875 0.021875
0 0.9921875 0.3109375 0.015625 0.021875
0 0.80625 0.796875 0.01640625 0.01484375
0 0.24921875 0.96015625 0.02421875 0.021875
0 0.34140625 0.98671875 0.015625 0.0140625
0 0.24765625 0.80546875 0.01484375 0.0125
0 0.178125 0.7234375 0.0140625 0.0125
0 0.2953125 0.53203125 0.0125 0.01171875
0 0.11796875 0.7546875 0.0125 0.0109375