0 0.69296875 0.9515625 0.028125 0.0265625
0 0.60234375 0.94921875 0.0796875 0.078125
0 0.62265625 0.803125 0.0109375 0.0109375
0 0.9203125 0.9921875 0.0125 0.0109375
0 0.69921875 0.91796875 0.0109375 0.0109375
0 0.94609375 0.571875 0.03125 0.03125
0 0.82109375 0.359375 0.0125 0.0125
0 0.6890625 0.32890625 0.015625 0.0140625
0 0.66875 0.45234375 0.0125 0.0109375
0 0.75859375 0.46484375 0.015625 0.015625
0 0.69453125 0.6125 0.015625 0.015625
0 0.69453125 0.74609375 0.0109375 0.009375
0 0.71015625 0.6828125 0.015625 0.0140625
0 0.6171875 0.69921875 0.0140625 0.0125
0 0.56875 0.53828125 0.015625 0.015625
0 0.50859375 0.48125 0.0125 0.0125
0 0.553125 0.6140625 0.0328125 0.03125
0 0.28828125 0.54609375 0.0125 0.0125
0 0.2015625 0.4671875 0.0125 0.0125
0 0.14921875 0.6375 0.0125 0.0125
0 0.37421875 0.20625 0.0125 0.0109375
0 0.38359375 0.1671875 0.0125 0.0125
0 0.7296875 0.14296875 0.0203125 0.01875
0 0.446875 0.4421875 0.0109375 0.0109375