0 0.92890625 0.06640625 0.0171875 0.015625
0 0.77109375 0.121875 0.0453125 0.03984375
0 0.54609375 0.05703125 0.0171875 0.015625
0 0.71015625 0.225 0.0125 0.0109375
0 0.06640625 0.275 0.03125 0.02734375
0 0.2203125 0.39375 0.021875 0.01875
0 0.259375 0.39140625 0.040625 0.0359375
0 0.32109375 0.496875 0.021875 0.01875
0 0.39765625 0.66796875 0.0140625 0.0125
0 0.4921875 0.76484375 0.0125 0.0109375
0 0.6421875 0.7015625 0.06875 0.059375
0 0.66015625 0.5765625 0.01171875 0.009375
0 0.83671875 0.79140625 0.0125 0.0109375
0 0.796875 0.83046875 0.02265625 0.01953125
0 0.690625 0.8734375 0.01171875 0.009375
0 0.67890625 0.83125 0.03125 0.02734375
0 0.40546875 0.934375 0.025 0.021875
0 0.159375 0.9390625 0.01171875 0.0109375
0 0.54921875 0.803125 0.01171875 0.0109375
0 0.55078125 0.290625 0.0109375 0.009375
0 0.7984375 0.80546875 0.0171875 0.01484375