0 0.30703125 0.9515625 0.028125 0.0265625
0 0.39765625 0.94921875 0.0796875 0.078125
0 0.37734375 0.803125 0.0109375 0.0109375
0 0.0796875 0.9921875 0.0125 0.0109375
0 0.30078125 0.91796875 0.0109375 0.0109375
0 0.05390625 0.571875 0.03125 0.03125
0 0.17890625 0.359375 0.0125 0.0125
0 0.3109375 0.32890625 0.015625 0.0140625
0 0.33125 0.45234375 0.0125 0.0109375
0 0.24140625 0.46484375 0.015625 0.015625
0 0.30546875 0.6125 0.015625 0.015625
0 0.30546875 0.74609375 0.0109375 0.009375
0 0.28984375 0.6828125 0.015625 0.0140625
0 0.3828125 0.69921875 0.0140625 0.0125
0 0.43125 0.53828125 0.015625 0.015625
0 0.49140625 0.48125 0.0125 0.0125
0 0.446875 0.6140625 0.0328125 0.03125
0 0.71171875 0.54609375 0.0125 0.0125
0 0.7984375 0.4671875 0.0125 0.0125
0 0.85078125 0.6375 0.0125 0.0125
0 0.62578125 0.20625 0.0125 0.0109375
0 0.61640625 0.1671875 0.0125 0.0125
0 0.2703125 0.14296875 0.01875 0.01875
0 0.553125 0.4421875 0.0109375 0.0109375