0 0.690625 0.01171875 0.034375 0.0234375
0 0.67421875 0.15 0.0125 0.0109375
0 0.77578125 0.2546875 0.03125 0.028125
0 0.72578125 0.2984375 0.09375 0.084375
0 0.78046875 0.528125 0.0125 0.0109375
0 0.5515625 0.46640625 0.0125 0.0125
0 0.83984375 0.596875 0.09375 0.0828125
0 0.2765625 0.50234375 0.025 0.021875
0 0.0078125 0.3109375 0.015625 0.021875
0 0.19375 0.796875 0.015625 0.015625
0 0.75078125 0.96015625 0.025 0.021875
0 0.65859375 0.98671875 0.015625 0.0140625
0 0.75234375 0.80546875 0.015625 0.0125
0 0.821875 0.7234375 0.0140625 0.0125
0 0.7046875 0.53203125 0.0125 0.0125
0 0.88203125 0.7546875 0.0125 0.0109375