0 0.4375 0.98125 0.034375 0.034375
0 0.42265625 0.74921875 0.015625 0.015625
0 0.42265625 0.61015625 0.0140625 0.0140625
0 0.55546875 0.58125 0.0171875 0.0171875
0 0.653125 0.6390625 0.0140625 0.0140625
0 0.5609375 0.53125 0.0140625 0.0140625
0 0.59375 0.53203125 0.0140625 0.0140625
0 0.6484375 0.52421875 0.0125 0.0125
0 0.8640625 0.06875 0.015625 0.015625
0 0.74765625 0.434375 0.028125 0.028125
0 0.9515625 0.9359375 0.0171875 0.0171875
0 0.25703125 0.61875 0.0296875 0.0296875
0 0.88828125 0.09296875 0.009375 0.009375