0 0.01875 0.5625 0.034375 0.034375
0 0.25078125 0.57734375 0.015625 0.015625
0 0.38984375 0.57734375 0.0140625 0.0140625
0 0.41875 0.44453125 0.0171875 0.0171875
0 0.3609375 0.346875 0.0140625 0.0140625
0 0.46875 0.4390625 0.0140625 0.0140625
0 0.46796875 0.40625 0.0140625 0.0140625
0 0.47578125 0.3515625 0.0125 0.0125
0 0.93125 0.1359375 0.015625 0.015625
0 0.565625 0.25234375 0.028125 0.028125
0 0.0640625 0.0484375 0.0171875 0.0171875
0 0.38125 0.74296875 0.0296875 0.0296875
0 0.90703125 0.11171875 0.009375 0.009375