0 0.78984375 0.934375 0.0453125 0.040625
0 0.2765625 0.8921875 0.0125 0.0125
0 0.521875 0.7609375 0.05625 0.05
0 0.3375 0.77578125 0.0125 0.0109375
0 0.9703125 0.3796875 0.015625 0.0140625
0 0.8796875 0.40625 0.0265625 0.021875
0 0.6875 0.3421875 0.015625 0.015625
0 0.6203125 0.3015625 0.015625 0.0125
0 0.325 0.22734375 0.028125 0.0234375
0 0.27421875 0.50390625 0.025 0.021875
0 0.2171875 0.5140625 0.028125 0.025
0 0.0984375 0.41953125 0.0515625 0.046875
0 0.10078125 0.56953125 0.01875 0.015625
0 0.021875 0.13046875 0.021875 0.01875
0 0.209375 0.0734375 0.0328125 0.0296875