0 0.01875 0.4375 0.034375 0.034375
0 0.25078125 0.42265625 0.01484375 0.01484375
0 0.38984375 0.42265625 0.0140625 0.0140625
0 0.41875 0.55546875 0.0171875 0.0171875
0 0.3609375 0.653125 0.0140625 0.0140625
0 0.46875 0.5609375 0.0140625 0.0140625
0 0.46796875 0.59375 0.0140625 0.0140625
0 0.47578125 0.6484375 0.01171875 0.01171875
0 0.93125 0.8640625 0.015625 0.015625
0 0.565625 0.74765625 0.028125 0.028125
0 0.0640625 0.9515625 0.0171875 0.0171875
0 0.38125 0.25703125 0.0296875 0.0296875
0 0.90703125 0.88828125 0.009375 0.009375