0 0.21015625 0.934375 0.0453125 0.040625
0 0.7234375 0.8921875 0.0125 0.0125
0 0.478125 0.7609375 0.05625 0.05
0 0.6625 0.77578125 0.0125 0.0109375
0 0.0296875 0.3796875 0.015625 0.0140625
0 0.1203125 0.40625 0.0265625 0.021875
0 0.3125 0.3421875 0.015625 0.015625
0 0.3796875 0.3015625 0.015625 0.0125
0 0.675 0.22734375 0.028125 0.0234375
0 0.72578125 0.50390625 0.025 0.021875
0 0.7828125 0.5140625 0.028125 0.025
0 0.9015625 0.41953125 0.0515625 0.046875
0 0.89921875 0.56953125 0.01875 0.015625
0 0.978125 0.13046875 0.021875 0.01875
0 0.790625 0.0734375 0.0328125 0.0296875