0 0.2140625 0.309375 0.0328125 0.03203125
0 0.471875 0.36328125 0.0125 0.0125
0 0.284375 0.04609375 0.01171875 0.0109375
0 0.0671875 0.06484375 0.01171875 0.01171875
0 0.71875 0.0640625 0.0125 0.0125
0 0.9109375 0.26640625 0.021875 0.0203125
0 0.96171875 0.1421875 0.0234375 0.02265625
0 0.9765625 0.165625 0.03515625 0.0328125
0 0.75078125 0.33671875 0.0203125 0.01953125
0 0.96796875 0.884375 0.01484375 0.01484375
0 0.94375 0.5640625 0.028125 0.02734375
0 0.75703125 0.79375 0.0203125 0.01953125
0 0.60390625 0.40234375 0.02421875 0.02265625
0 0.4125 0.42109375 0.0140625 0.0125
0 0.2203125 0.57890625 0.0109375 0.009375
0 0.6359375 0.6375 0.01171875 0.0109375
0 0.71796875 0.97734375 0.05546875 0.0453125
0 0.0734375 0.94140625 0.0109375 0.0109375
0 0.0859375 0.2796875 0.0140625 0.0125