0 0.85625 0.0484375 0.01171875 0.01171875
0 0.98828125 0.32109375 0.0234375 0.0234375
0 0.98828125 0.36328125 0.0078125 0.0109375
0 0.68671875 0.39375 0.01875 0.0171875
0 0.5171875 0.6 0.01953125 0.01875
0 0.62578125 0.53984375 0.0640625 0.0625
0 0.39765625 0.125 0.02421875 0.0234375
0 0.1390625 0.103125 0.034375 0.0328125
0 0.134375 0.48359375 0.01484375 0.0140625
0 0.09609375 0.5625 0.04375 0.0421875
0 0.32890625 0.3265625 0.0125 0.0125
0 0.09375 0.790625 0.025 0.02421875
0 0.77109375 0.6984375 0.01171875 0.0109375
0 0.88125 0.8234375 0.009375 0.009375
0 0.47734375 0.64375 0.0109375 0.009375
0 0.353125 0.6453125 0.0140625 0.0125
0 0.39296875 0.6640625 0.0125 0.0125
0 0.9359375 0.00859375 0.0109375 0.009375
0 0.93828125 0.05859375 0.009375 0.009375
0 0.57578125 0.25390625 0.01171875 0.0109375
0 0.4890625 0.67421875 0.0109375 0.0109375