0 0.309375 0.7859375 0.03125 0.0328125
0 0.36328125 0.528125 0.0125 0.0125
0 0.04609375 0.715625 0.0109375 0.0125
0 0.06484375 0.9328125 0.0125 0.0125
0 0.0640625 0.28125 0.0125 0.0125
0 0.26640625 0.0890625 0.0203125 0.021875
0 0.1421875 0.03828125 0.021875 0.0234375
0 0.165625 0.0234375 0.0328125 0.034375
0 0.33671875 0.24921875 0.01875 0.0203125
0 0.884375 0.03203125 0.015625 0.015625
0 0.5640625 0.05625 0.028125 0.028125
0 0.79375 0.24296875 0.01875 0.0203125
0 0.40234375 0.39609375 0.021875 0.025
0 0.42109375 0.5875 0.0125 0.0140625
0 0.57890625 0.7796875 0.009375 0.0109375
0 0.6375 0.3640625 0.0109375 0.0125
0 0.97734375 0.28203125 0.0453125 0.05625
0 0.94140625 0.9265625 0.0109375 0.0109375
0 0.2796875 0.9140625 0.0125 0.0140625