0 0.07734375 0.09765625 0.0546875 0.0546875
0 0.2765625 0.490625 0.03046875 0.03046875
0 0.09921875 0.7140625 0.0171875 0.0171875
0 0.484375 0.10234375 0.015625 0.015625
0 0.45 0.6484375 0.0203125 0.0203125
0 0.9703125 0.63359375 0.0171875 0.0171875
0 0.94140625 0.56953125 0.01484375 0.01484375
0 0.9234375 0.4078125 0.0125 0.0125
0 0.9015625 0.89296875 0.0203125 0.0203125
0 0.59296875 0.9296875 0.01640625 0.01640625
0 0.46953125 0.9078125 0.01171875 0.01171875
0 0.2640625 0.8953125 0.01640625 0.01640625
0 0.17890625 0.81171875 0.03046875 0.03046875
0 0.1125 0.8296875 0.0125 0.0125
0 0.77109375 0.4171875 0.0203125 0.0203125
0 0.596875 0.3359375 0.009375 0.009375
0 0.58203125 0.49453125 0.009375 0.009375
0 0.4390625 0.4515625 0.01171875 0.01171875
0 0.5140625 0.56640625 0.009375 0.009375
0 0.20546875 0.63515625 0.009375 0.009375
0 0.065625 0.4703125 0.0109375 0.0109375
0 0.159375 0.9328125 0.009375 0.009375