0 0.9515625 0.14375 0.0125 0.0125
0 0.67890625 0.01171875 0.0234375 0.0234375
0 0.63671875 0.01171875 0.0109375 0.0078125
0 0.60625 0.31328125 0.0171875 0.01875
0 0.4 0.4828125 0.01875 0.01875
0 0.46015625 0.37421875 0.0625 0.0640625
0 0.875 0.60234375 0.0234375 0.0234375
0 0.896875 0.8609375 0.0328125 0.034375
0 0.51640625 0.865625 0.0140625 0.015625
0 0.4375 0.90390625 0.0421875 0.04375
0 0.6734375 0.67109375 0.0125 0.0125
0 0.209375 0.90625 0.025 0.025
0 0.3015625 0.22890625 0.0109375 0.0125
0 0.1765625 0.11875 0.009375 0.009375
0 0.35625 0.52265625 0.009375 0.0109375
0 0.3546875 0.646875 0.0125 0.0140625
0 0.3359375 0.60703125 0.0125 0.0125
0 0.99140625 0.0640625 0.009375 0.0109375
0 0.94140625 0.06171875 0.009375 0.009375
0 0.74609375 0.42421875 0.0109375 0.0125
0 0.32578125 0.5109375 0.0109375 0.0109375