0 0.384375 0.08515625 0.0125 0.0109375
0 0.5609375 0.14140625 0.0375 0.03125
0 0.7390625 0.1546875 0.0125 0.0125
0 0.8890625 0.08515625 0.0140625 0.0125
0 0.9125 0.44453125 0.0390625 0.034375
0 0.7234375 0.24921875 0.021875 0.01875
0 0.4265625 0.6671875 0.015625 0.015625
0 0.35859375 0.74296875 0.015625 0.015625
0 0.403125 0.4921875 0.0125 0.009375
0 0.2203125 0.2890625 0.0703125 0.0609375
0 0.0421875 0.64765625 0.0234375 0.0203125
0 0.00625 0.3421875 0.0125 0.0125
0 0.0828125 0.296875 0.015625 0.015625
0 0.10390625 0.29375 0.015625 0.015625
0 0.44453125 0.82734375 0.0140625 0.0125
0 0.60859375 0.8390625 0.0359375 0.03125
0 0.91484375 0.89140625 0.0125 0.009375
0 0.22421875 0.3921875 0.0125 0.009375
0 0.48828125 0.67421875 0.015625 0.0125