0 0.690625 0.2140625 0.03125 0.0328125
0 0.63671875 0.471875 0.0125 0.0125
0 0.95390625 0.284375 0.0109375 0.0125
0 0.93515625 0.0671875 0.0125 0.0125
0 0.9359375 0.71875 0.0125 0.0125
0 0.73359375 0.9109375 0.0203125 0.021875
0 0.8578125 0.96171875 0.021875 0.0234375
0 0.834375 0.9765625 0.0328125 0.034375
0 0.66328125 0.75078125 0.01875 0.0203125
0 0.115625 0.96796875 0.015625 0.015625
0 0.4359375 0.94375 0.028125 0.028125
0 0.20625 0.75703125 0.01875 0.0203125
0 0.59765625 0.60390625 0.021875 0.025
0 0.57890625 0.4125 0.0125 0.0140625
0 0.42109375 0.2203125 0.009375 0.0109375
0 0.3625 0.6359375 0.0109375 0.0125
0 0.02265625 0.71796875 0.0453125 0.05625
0 0.05859375 0.0734375 0.0109375 0.0109375
0 0.7203125 0.0859375 0.0125 0.0140625