0 0.92265625 0.09765625 0.0546875 0.0546875
0 0.7234375 0.490625 0.03125 0.03125
0 0.90078125 0.7140625 0.0171875 0.0171875
0 0.515625 0.10234375 0.015625 0.015625
0 0.55 0.6484375 0.0203125 0.0203125
0 0.0296875 0.63359375 0.0171875 0.0171875
0 0.05859375 0.56953125 0.015625 0.015625
0 0.0765625 0.4078125 0.0125 0.0125
0 0.0984375 0.89296875 0.0203125 0.0203125
0 0.40703125 0.9296875 0.0171875 0.015625
0 0.53046875 0.9078125 0.0125 0.0125
0 0.7359375 0.8953125 0.015625 0.015625
0 0.82109375 0.81171875 0.03125 0.03125
0 0.8875 0.8296875 0.0125 0.0125
0 0.22890625 0.4171875 0.0203125 0.0203125
0 0.403125 0.3359375 0.009375 0.009375
0 0.41796875 0.49453125 0.009375 0.009375
0 0.5609375 0.4515625 0.0125 0.0125
0 0.4859375 0.56640625 0.009375 0.009375
0 0.79453125 0.63515625 0.009375 0.009375
0 0.934375 0.4703125 0.0109375 0.0109375
0 0.840625 0.9328125 0.009375 0.009375