0 0.86640625 0.290625 0.01875 0.0171875
0 0.60078125 0.03984375 0.0125 0.0125
0 0.65546875 0.3734375 0.015625 0.0140625
0 0.05 0.13359375 0.0234375 0.0203125
0 0.02421875 0.1140625 0.028125 0.025
0 0.07890625 0.484375 0.015625 0.015625
0 0.04453125 0.76484375 0.0125 0.0109375
0 0.3484375 0.72890625 0.015625 0.0140625
0 0.46484375 0.60703125 0.015625 0.015625
0 0.49140625 0.7140625 0.0375 0.034375
0 0.7625 0.73203125 0.0125 0.0109375
0 0.703125 0.94453125 0.0125 0.009375
0 0.928125 0.81328125 0.015625 0.015625
0 0.98125 0.56171875 0.0375 0.0375
0 0.90390625 0.63828125 0.0140625 0.0125
0 0.78203125 0.096875 0.0125 0.0109375
0 0.4265625 0.1765625 0.0125 0.0109375
0 0.3171875 0.3265625 0.0140625 0.0125
0 0.596875 0.29140625 0.0125 0.0109375
0 0.91875 0.340625 0.0125 0.009375
0 0.72265625 0.70625 0.0125 0.009375
0 0.475 0.7671875 0.015625 0.015625
0 0.51875 0.8359375 0.0140625 0.0125
0 0.50859375 0.625 0.015625 0.0125
0 0.165625 0.73359375 0.0125 0.0109375
0 0.3453125 0.4859375 0.0125 0.0109375
0 0.025 0.96015625 0.0125 0.0125
0 0.640625 0.975 0.0125 0.0109375
0 0.8234375 0.8421875 0.0109375 0.009375
0 0.9203125 0.83515625 0.0109375 0.009375