0 0.3875 0.96328125 0.015625 0.015625
0 0.4609375 0.63125 0.0125 0.0125
0 0.81875 0.4765625 0.0125 0.0125
0 0.7859375 0.2984375 0.015625 0.015625
0 0.828125 0.2203125 0.0125 0.0125
0 0.7078125 0.16328125 0.028125 0.028125
0 0.9421875 0.0890625 0.0125 0.0125
0 0.75703125 0.565625 0.0125 0.0125
0 0.78125 0.54609375 0.015625 0.015625
0 0.6171875 0.3578125 0.0125 0.0125
0 0.12578125 0.325 0.0203125 0.0203125
0 0.6671875 0.54140625 0.01875 0.01875
0 0.0203125 0.40703125 0.025 0.025
0 0.05859375 0.52265625 0.0109375 0.0109375
0 0.25625 0.38828125 0.0109375 0.0109375
0 0.5 0.76015625 0.03125 0.03125
0 0.92109375 0.8390625 0.0125 0.0125
0 0.903125 0.8359375 0.015625 0.015625
0 0.8015625 0.7796875 0.0171875 0.0171875
0 0.79765625 0.7921875 0.015625 0.015625
0 0.93828125 0.60078125 0.0140625 0.0140625
0 0.8015625 0.6171875 0.0125 0.0125
0 0.73125 0.62109375 0.0125 0.0125
0 0.72578125 0.45625 0.0125 0.0125
0 0.6328125 0.428125 0.015625 0.015625
0 0.3578125 0.6421875 0.0125 0.0125
0 0.5296875 0.4859375 0.0171875 0.0171875
0 0.54765625 0.415625 0.0125 0.0125
0 0.55390625 0.4015625 0.0125 0.0125
0 0.55859375 0.3734375 0.0140625 0.0125
0 0.65 0.3796875 0.0171875 0.0171875
0 0.72109375 0.3765625 0.0125 0.0125
0 0.34765625 0.53984375 0.0140625 0.0140625
0 0.25859375 0.4671875 0.021875 0.021875
0 0.39921875 0.47890625 0.0171875 0.0171875
0 0.48046875 0.4 0.015625 0.015625
0 0.0890625 0.42109375 0.0140625 0.0140625
0 0.0109375 0.42265625 0.015625 0.0140625
0 0.19765625 0.2 0.015625 0.015625
0 0.18671875 0.153125 0.0171875 0.015625
0 0.18359375 0.12265625 0.0125 0.0125
0 0.08515625 0.16484375 0.0109375 0.0109375
0 0.33359375 0.11640625 0.01875 0.01875
0 0.2953125 0.259375 0.0140625 0.0140625
0 0.309375 0.325 0.0140625 0.0140625
0 0.0953125 0.30390625 0.0125 0.0125
0 0.61015625 0.21953125 0.0140625 0.0140625
0 0.45703125 0.271875 0.015625 0.015625
0 0.5515625 0.053125 0.0171875 0.0171875
0 0.54609375 0.32109375 0.01875 0.0171875
0 0.97421875 0.03125 0.0109375 0.0109375
0 0.840625 0.90703125 0.01875 0.01875
0 0.86015625 0.89921875 0.015625 0.0140625
0 0.39140625 0.70859375 0.025 0.025
0 0.315625 0.4796875 0.025 0.025
0 0.42890625 0.43203125 0.0203125 0.01875
0 0.5296875 0.4359375 0.015625 0.015625
0 0.5265625 0.44609375 0.0171875 0.0171875
0 0.7625 0.43671875 0.01875 0.01875
0 0.78828125 0.5109375 0.0140625 0.0140625
0 0.85 0.55859375 0.0125 0.0125
0 0.66328125 0.44375 0.0125 0.0125
0 0.9375 0.68203125 0.021875 0.021875
0 0.9421875 0.67109375 0.01875 0.01875
0 0.99296875 0.584375 0.0140625 0.015625
0 0.8875 0.26484375 0.0125 0.0125
0 0.55625 0.14375 0.01875 0.01875
0 0.3625 0.259375 0.0125 0.0125
0 0.18125 0.25 0.0109375 0.0109375
0 0.2625 0.2375 0.021875 0.021875
0 0.3046875 0.19921875 0.0171875 0.0171875