0 0.11640625 0.05625 0.01484375 0.0140625
0 0.25625 0.09453125 0.090625 0.0875
0 0.39140625 0.2421875 0.01640625 0.015625
0 0.425 0.071875 0.0171875 0.0171875
0 0.62578125 0.05546875 0.01171875 0.01171875
0 0.9078125 0.64375 0.01484375 0.01484375
0 0.86171875 0.671875 0.01875 0.0171875
0 0.68125 0.70625 0.0171875 0.01640625
0 0.83203125 0.5828125 0.0109375 0.0109375
0 0.7515625 0.30078125 0.0125 0.01171875
0 0.51875 0.55390625 0.015625 0.015625
0 0.640625 0.571875 0.02265625 0.021875
0 0.65234375 0.60078125 0.03203125 0.03125
0 0.0484375 0.559375 0.015625 0.01484375
0 0.865625 0.925 0.015625 0.01484375
0 0.95625 0.99453125 0.0203125 0.0109375
0 0.38203125 0.54765625 0.0125 0.0125
0 0.0890625 0.48359375 0.01171875 0.01171875
0 0.0328125 0.5921875 0.01171875 0.0109375