0 0.94375 0.11640625 0.0140625 0.015625
0 0.90546875 0.25625 0.0875 0.090625
0 0.7578125 0.39140625 0.015625 0.015625
0 0.928125 0.425 0.0171875 0.0171875
0 0.94453125 0.62578125 0.0125 0.0125
0 0.35625 0.9078125 0.015625 0.015625
0 0.328125 0.86171875 0.0171875 0.01875
0 0.29375 0.68125 0.015625 0.0171875
0 0.4171875 0.83203125 0.0109375 0.0109375
0 0.69921875 0.7515625 0.0125 0.0125
0 0.44609375 0.51875 0.015625 0.015625
0 0.428125 0.640625 0.021875 0.021875
0 0.39921875 0.65234375 0.03125 0.03125
0 0.440625 0.0484375 0.015625 0.015625
0 0.075 0.865625 0.015625 0.015625
0 0.00546875 0.95625 0.0109375 0.0203125
0 0.45234375 0.38203125 0.0125 0.0125
0 0.51640625 0.0890625 0.0125 0.0125
0 0.4078125 0.0328125 0.0109375 0.0125