0 0.88359375 0.05625 0.015625 0.0140625
0 0.74375 0.09453125 0.090625 0.0875
0 0.60859375 0.2421875 0.015625 0.015625
0 0.575 0.071875 0.0171875 0.0171875
0 0.37421875 0.05546875 0.0125 0.0125
0 0.0921875 0.64375 0.015625 0.015625
0 0.13828125 0.671875 0.01875 0.0171875
0 0.31875 0.70625 0.0171875 0.015625
0 0.16796875 0.5828125 0.0109375 0.0109375
0 0.2484375 0.30078125 0.0125 0.0125
0 0.48125 0.55390625 0.015625 0.015625
0 0.359375 0.571875 0.021875 0.021875
0 0.34765625 0.60078125 0.03125 0.03125
0 0.9515625 0.559375 0.015625 0.015625
0 0.134375 0.925 0.015625 0.015625
0 0.04375 0.99453125 0.0203125 0.0109375
0 0.61796875 0.54765625 0.0125 0.0125
0 0.9109375 0.48359375 0.0125 0.0125
0 0.9671875 0.5921875 0.0125 0.0109375