0 0.96328125 0.6125 0.015625 0.015625
0 0.63125 0.5390625 0.0125 0.0125
0 0.4765625 0.18125 0.0125 0.0125
0 0.2984375 0.2140625 0.015625 0.015625
0 0.2203125 0.171875 0.0125 0.0125
0 0.16328125 0.2921875 0.028125 0.028125
0 0.0890625 0.0578125 0.0125 0.0125
0 0.565625 0.24296875 0.0125 0.0125
0 0.54609375 0.21875 0.015625 0.015625
0 0.3578125 0.3828125 0.0125 0.0125
0 0.325 0.87421875 0.0203125 0.0203125
0 0.54140625 0.3328125 0.01875 0.01875
0 0.40703125 0.9796875 0.025 0.025
0 0.52265625 0.94140625 0.0109375 0.0109375
0 0.38828125 0.74375 0.0109375 0.0109375
0 0.76015625 0.5 0.03125 0.03125
0 0.8390625 0.07890625 0.0125 0.0125
0 0.8359375 0.096875 0.015625 0.015625
0 0.7796875 0.1984375 0.0171875 0.0171875
0 0.7921875 0.20234375 0.015625 0.015625
0 0.60078125 0.06171875 0.0140625 0.0140625
0 0.6171875 0.1984375 0.0125 0.0125
0 0.62109375 0.26875 0.0125 0.0125
0 0.45625 0.27421875 0.0125 0.0125
0 0.428125 0.3671875 0.015625 0.015625
0 0.6421875 0.6421875 0.0125 0.0125
0 0.4859375 0.4703125 0.0171875 0.0171875
0 0.415625 0.45234375 0.0125 0.0125
0 0.4015625 0.44609375 0.0125 0.0125
0 0.3734375 0.44140625 0.0125 0.0140625
0 0.3796875 0.35 0.0171875 0.0171875
0 0.3765625 0.27890625 0.0125 0.0125
0 0.53984375 0.65234375 0.0140625 0.0140625
0 0.4671875 0.74140625 0.021875 0.021875
0 0.47890625 0.60078125 0.0171875 0.0171875
0 0.4 0.51953125 0.015625 0.015625
0 0.42109375 0.9109375 0.0140625 0.0140625
0 0.42265625 0.9890625 0.0140625 0.015625
0 0.2 0.80234375 0.015625 0.015625
0 0.153125 0.81328125 0.015625 0.0171875
0 0.12265625 0.81640625 0.0125 0.0125
0 0.16484375 0.91484375 0.0109375 0.0109375
0 0.11640625 0.66640625 0.01875 0.01875
0 0.259375 0.7046875 0.0140625 0.0140625
0 0.325 0.690625 0.0140625 0.0140625
0 0.30390625 0.9046875 0.0125 0.0109375
0 0.21953125 0.38984375 0.0140625 0.0140625
0 0.271875 0.54296875 0.015625 0.015625
0 0.053125 0.4484375 0.0171875 0.0171875
0 0.32109375 0.45390625 0.0171875 0.01875
0 0.03125 0.02578125 0.0109375 0.0109375
0 0.90703125 0.159375 0.01875 0.01875
0 0.89921875 0.13984375 0.0140625 0.015625
0 0.70859375 0.60859375 0.025 0.025
0 0.4796875 0.684375 0.025 0.025
0 0.43203125 0.57109375 0.01875 0.0203125
0 0.4359375 0.4703125 0.015625 0.015625
0 0.44609375 0.4734375 0.0171875 0.0171875
0 0.43671875 0.2375 0.01875 0.01875
0 0.5109375 0.21171875 0.0140625 0.0140625
0 0.55859375 0.15 0.0125 0.0125
0 0.44375 0.33671875 0.0125 0.0125
0 0.68203125 0.0625 0.021875 0.021875
0 0.67109375 0.0578125 0.01875 0.01875
0 0.584375 0.00703125 0.015625 0.0140625
0 0.26484375 0.1125 0.0125 0.0125
0 0.14375 0.44375 0.01875 0.01875
0 0.259375 0.6375 0.0125 0.0125
0 0.25 0.81875 0.0109375 0.0109375
0 0.2375 0.7375 0.021875 0.021875
0 0.19921875 0.6953125 0.0171875 0.0171875