0 0.1421875 0.05546875 0.01171875 0.01171875
0 0.4953125 0.328125 0.05 0.04765625
0 0.50703125 0.1984375 0.021875 0.0203125
0 0.49921875 0.13046875 0.0125 0.0125
0 0.6375 0.075 0.01953125 0.01875
0 0.56328125 0.41875 0.01484375 0.01484375
0 0.8640625 0.3375 0.0171875 0.01640625
0 0.5796875 0.0734375 0.0109375 0.009375
0 0.80234375 0.16328125 0.0859375 0.08203125
0 0.9640625 0.30546875 0.040625 0.0390625
0 0.9703125 0.05625 0.01484375 0.01484375
0 0.73828125 0.84921875 0.01484375 0.01484375
0 0.75390625 0.62578125 0.015625 0.01484375
0 0.2234375 0.2265625 0.0125 0.0125
0 0.28046875 0.275 0.0125 0.01171875
0 0.26484375 0.27578125 0.0140625 0.0140625
0 0.9078125 0.64375 0.01171875 0.01171875
0 0.878125 0.6390625 0.0125 0.01171875