0 0.56171875 0.009375 0.0265625 0.01875
0 0.60859375 0.0734375 0.0140625 0.0125
0 0.95 0.12734375 0.015625 0.015625
0 0.9828125 0.60625 0.034375 0.034375
0 0.5421875 0.28984375 0.021875 0.01875
0 0.29375 0.2328125 0.0125 0.0109375
0 0.5375 0.45390625 0.0125 0.0109375
0 0.221875 0.36484375 0.0125 0.0125
0 0.01328125 0.32890625 0.015625 0.015625
0 0.06796875 0.1078125 0.0578125 0.0515625
0 0.0953125 0.82890625 0.0296875 0.0265625
0 0.2125 0.9234375 0.0125 0.0109375
0 0.7859375 0.87421875 0.015625 0.0140625
0 0.1765625 0.596875 0.0125 0.0109375