0 0.46484375 0.9359375 0.0234375 0.0234375
0 0.57890625 0.7546875 0.0234375 0.0234375
0 0.5640625 0.721875 0.015625 0.015625
0 0.62265625 0.66328125 0.0171875 0.0171875
0 0.84921875 0.85625 0.046875 0.046875
0 0.90234375 0.3234375 0.01875 0.01875
0 0.2953125 0.29140625 0.096875 0.096875
0 0.19296875 0.71875 0.0234375 0.0234375
0 0.11796875 0.46328125 0.01875 0.01875
0 0.04921875 0.4015625 0.01875 0.01875
0 0.4375 0.7375 0.0625 0.0625
0 0.01015625 0.0953125 0.0203125 0.03125
0 0.8046875 0.03515625 0.015625 0.015625
0 0.4328125 0.253125 0.021875 0.021875
0 0.3890625 0.97734375 0.0125 0.0125
0 0.8578125 0.234375 0.0125 0.0125
0 0.92421875 0.196875 0.0125 0.0125
0 0.37421875 0.496875 0.0125 0.0125
0 0.7203125 0.42265625 0.0109375 0.0109375
0 0.53359375 0.215625 0.0125 0.0125