0 0.46484375 0.0640625 0.0234375 0.0234375
0 0.57890625 0.2453125 0.0234375 0.0234375
0 0.5640625 0.278125 0.015625 0.015625
0 0.62265625 0.33671875 0.0171875 0.0171875
0 0.84921875 0.14375 0.046875 0.046875
0 0.90234375 0.6765625 0.01875 0.01875
0 0.2953125 0.70859375 0.096875 0.096875
0 0.19296875 0.28125 0.0234375 0.0234375
0 0.11796875 0.53671875 0.01875 0.01875
0 0.04921875 0.5984375 0.01875 0.01875
0 0.4375 0.2625 0.0625 0.0625
0 0.01015625 0.9046875 0.0203125 0.03125
0 0.8046875 0.96484375 0.0140625 0.015625
0 0.4328125 0.746875 0.021875 0.021875
0 0.3890625 0.02265625 0.0125 0.0125
0 0.8578125 0.765625 0.0125 0.0125
0 0.92421875 0.803125 0.0125 0.0125
0 0.37421875 0.503125 0.0125 0.0125
0 0.7203125 0.57734375 0.0109375 0.0109375
0 0.53359375 0.784375 0.0125 0.0125