0 0.43828125 0.009375 0.0265625 0.01875
0 0.39140625 0.0734375 0.0140625 0.0125
0 0.05 0.12734375 0.01640625 0.01484375
0 0.0171875 0.60625 0.034375 0.034375
0 0.4578125 0.28984375 0.02265625 0.01953125
0 0.70625 0.2328125 0.01171875 0.0109375
0 0.4625 0.45390625 0.01171875 0.0109375
0 0.778125 0.36484375 0.0125 0.01171875
0 0.98671875 0.32890625 0.01640625 0.01484375
0 0.93203125 0.1078125 0.0578125 0.0515625
0 0.9046875 0.82890625 0.0296875 0.0265625
0 0.7875 0.9234375 0.01171875 0.0109375
0 0.2140625 0.87421875 0.01484375 0.0140625
0 0.8234375 0.596875 0.01171875 0.0109375