0 0.56171875 0.990625 0.0265625 0.01875
0 0.60859375 0.9265625 0.0140625 0.0125
0 0.95 0.87265625 0.015625 0.015625
0 0.9828125 0.39375 0.034375 0.034375
0 0.5421875 0.71015625 0.021875 0.01875
0 0.29375 0.7671875 0.0125 0.0109375
0 0.5375 0.54609375 0.0125 0.0109375
0 0.221875 0.63515625 0.0125 0.0125
0 0.01328125 0.67109375 0.015625 0.015625
0 0.06796875 0.8921875 0.0578125 0.0515625
0 0.0953125 0.17109375 0.0296875 0.0265625
0 0.2125 0.0765625 0.0125 0.0109375
0 0.7859375 0.12578125 0.015625 0.0140625
0 0.1765625 0.403125 0.0125 0.0109375