0 0.01171875 0.72421875 0.0234375 0.0265625
0 0.00703125 0.6875 0.0140625 0.015625
0 0.09453125 0.68671875 0.0140625 0.0140625
0 0.08125 0.9109375 0.015625 0.0140625
0 0.0640625 0.99296875 0.025 0.0140625
0 0.275 0.80546875 0.046875 0.046875
0 0.4765625 0.92890625 0.01875 0.01875
0 0.42109375 0.7796875 0.015625 0.015625
0 0.38203125 0.7328125 0.0125 0.0125
0 0.3875 0.696875 0.0203125 0.0203125
0 0.59453125 0.684375 0.03125 0.03125
0 0.5734375 0.696875 0.071875 0.06875
0 0.75390625 0.93046875 0.015625 0.015625
0 0.525 0.86328125 0.0484375 0.046875
0 0.94453125 0.60546875 0.109375 0.15625
0 0.98046875 0.99375 0.0140625 0.0125
0 0.9328125 0.50390625 0.078125 0.0765625
0 0.93828125 0.13671875 0.0125 0.0125
0 0.65625 0.26796875 0.109375 0.10625
0 0.57734375 0.3109375 0.0125 0.0125
0 0.36171875 0.46796875 0.040625 0.0390625
0 0.2671875 0.2171875 0.053125 0.053125
0 0.7765625 0.2953125 0.034375 0.0328125
0 0.471875 0.240625 0.03125 0.03125
0 0.4 0.1828125 0.034375 0.0328125
0 0.59375 0.37890625 0.609375 0.596875
0 0.2015625 0.36171875 0.0125 0.0125
0 0.16328125 0.09375 0.2359375 0.1875
0 0.62734375 0.0234375 0.0171875 0.0171875
0 0.728125 0.99765625 0.0125 0.0046875
0 0.7921875 0.87578125 0.0109375 0.0109375
0 0.871875 0.43515625 0.015625 0.015625
0 0.8171875 0.5109375 0.0234375 0.0234375
0 0.92578125 0.6671875 0.0375 0.0359375
0 0.721875 0.6578125 0.0140625 0.0140625
0 0.5765625 0.36171875 0.0109375 0.009375
0 0.05859375 0.31484375 0.0109375 0.009375
0 0.36484375 0.159375 0.0359375 0.034375
0 0.53046875 0.3421875 0.0109375 0.009375
0 0.834375 0.103125 0.0140625 0.0140625
0 0.465625 0.25625 0.015625 0.015625
0 0.68671875 0.9796875 0.01875 0.01875
0 0.9734375 0.07578125 0.015625 0.015625