0 0.98828125 0.27578125 0.0234375 0.0265625
0 0.99296875 0.3125 0.0140625 0.01640625
0 0.90546875 0.31328125 0.0140625 0.0140625
0 0.91875 0.0890625 0.01484375 0.0140625
0 0.9359375 0.00703125 0.025 0.0140625
0 0.725 0.19453125 0.04765625 0.046875
0 0.5234375 0.07109375 0.01953125 0.01953125
0 0.57890625 0.2203125 0.015625 0.01484375
0 0.61796875 0.2671875 0.01171875 0.01171875
0 0.6125 0.303125 0.0203125 0.0203125
0 0.40546875 0.315625 0.03203125 0.03125
0 0.4265625 0.303125 0.07109375 0.06953125
0 0.24609375 0.06953125 0.01484375 0.01484375
0 0.475 0.13671875 0.04765625 0.046875
0 0.05546875 0.39453125 0.11015625 0.15625
0 0.01953125 0.00625 0.0140625 0.01171875
0 0.0671875 0.49609375 0.078125 0.0765625
0 0.06171875 0.86328125 0.0125 0.0125
0 0.34375 0.73203125 0.109375 0.10625
0 0.42265625 0.6890625 0.0125 0.01171875
0 0.63828125 0.53203125 0.03984375 0.0390625
0 0.7328125 0.7828125 0.05390625 0.053125
0 0.2234375 0.7046875 0.034375 0.0328125
0 0.528125 0.759375 0.03125 0.03046875
0 0.6 0.8171875 0.034375 0.0328125
0 0.40625 0.62109375 0.60859375 0.596875
0 0.7984375 0.63828125 0.0125 0.0125
0 0.83671875 0.90625 0.2359375 0.1875
0 0.37265625 0.9765625 0.0171875 0.0171875
0 0.271875 0.00234375 0.01171875 0.0046875
0 0.2078125 0.12421875 0.0109375 0.0109375
0 0.128125 0.56484375 0.01484375 0.01484375
0 0.1828125 0.4890625 0.0234375 0.0234375
0 0.07421875 0.3328125 0.0375 0.0359375
0 0.278125 0.3421875 0.0140625 0.0140625
0 0.4234375 0.63828125 0.0109375 0.009375
0 0.94140625 0.68515625 0.0109375 0.009375
0 0.63515625 0.840625 0.0359375 0.03515625
0 0.46953125 0.6578125 0.0109375 0.009375
0 0.165625 0.896875 0.0140625 0.0140625
0 0.534375 0.74375 0.015625 0.015625
0 0.31328125 0.0203125 0.01875 0.01875
0 0.0265625 0.92421875 0.01640625 0.015625