0 0.61328125 0.01796875 0.034375 0.0359375
0 0.57734375 0.0765625 0.2078125 0.153125
0 0.71875 0.33671875 0.0359375 0.0375
0 0.725 0.240625 0.1125 0.11875
0 0.6421875 0.60546875 0.1515625 0.159375
0 0.47109375 0.5171875 0.0359375 0.0375
0 0.33203125 0.6109375 0.028125 0.028125
0 0.34765625 0.54453125 0.03125 0.034375
0 0.31640625 0.2828125 0.0359375 0.0375
0 0.2765625 0.2796875 0.0375 0.0375
0 0.15234375 0.22265625 0.0265625 0.028125
0 0.9625 0.02421875 0.075 0.0484375
0 0.896875 0.72109375 0.028125 0.03125
0 0.89921875 0.7703125 0.040625 0.04375
0 0.8921875 0.95703125 0.0375 0.040625
0 0.7078125 0.93515625 0.21875 0.1296875
0 0.321875 0.21171875 0.059375 0.0625
0 0.01328125 0.625 0.01875 0.028125