0 0.01796875 0.38671875 0.0359375 0.03359375
0 0.0765625 0.42109375 0.153125 0.2078125
0 0.33671875 0.28125 0.03828125 0.0359375
0 0.240625 0.275 0.11796875 0.11328125
0 0.60546875 0.3578125 0.15859375 0.1515625
0 0.5171875 0.52890625 0.03828125 0.0359375
0 0.6109375 0.66796875 0.02890625 0.02890625
0 0.54453125 0.65234375 0.03359375 0.03125
0 0.2828125 0.68359375 0.03828125 0.0359375
0 0.2796875 0.7234375 0.03828125 0.03828125
0 0.22265625 0.84765625 0.02890625 0.0265625
0 0.02421875 0.0375 0.0484375 0.07421875
0 0.72109375 0.103125 0.03125 0.02890625
0 0.7703125 0.10078125 0.04296875 0.040625
0 0.95703125 0.1078125 0.040625 0.03828125
0 0.93515625 0.2921875 0.1296875 0.21875
0 0.21171875 0.678125 0.0625 0.06015625
0 0.625 0.98671875 0.02890625 0.01953125