0 0.01796875 0.61328125 0.0359375 0.03359375
0 0.0765625 0.57734375 0.153125 0.2078125
0 0.33671875 0.71875 0.03828125 0.0359375
0 0.240625 0.725 0.11796875 0.11328125
0 0.60546875 0.6421875 0.15859375 0.1515625
0 0.5171875 0.47109375 0.03828125 0.0359375
0 0.6109375 0.33203125 0.02890625 0.02890625
0 0.54453125 0.34765625 0.03359375 0.03125
0 0.2828125 0.31640625 0.03828125 0.0359375
0 0.2796875 0.2765625 0.03828125 0.03828125
0 0.22265625 0.15234375 0.02890625 0.0265625
0 0.02421875 0.9625 0.0484375 0.07421875
0 0.72109375 0.896875 0.03125 0.02890625
0 0.7703125 0.89921875 0.04296875 0.040625
0 0.95703125 0.8921875 0.040625 0.03828125
0 0.93515625 0.7078125 0.1296875 0.21875
0 0.21171875 0.321875 0.0625 0.06015625
0 0.625 0.01328125 0.02890625 0.01953125