0 0.6453125 0.03203125 0.0375 0.0375
0 0.49375 0.3515625 0.0125 0.0125
0 0.8390625 0.6359375 0.0125 0.0125
0 0.734375 0.41796875 0.0125 0.0125
0 0.33125 0.278125 0.0140625 0.0140625
0 0.2109375 0.11796875 0.0140625 0.0140625
0 0.27265625 0.27109375 0.0109375 0.0109375
0 0.46796875 0.9828125 0.0140625 0.0140625
0 0.04140625 0.95859375 0.015625 0.015625
0 0.17109375 0.915625 0.0140625 0.0140625
0 0.3453125 0.7625 0.1125 0.1125
0 0.3921875 0.73125 0.18125 0.18125
0 0.50390625 0.78046875 0.021875 0.021875
0 0.68203125 0.72265625 0.0125 0.0125
0 0.8640625 0.14140625 0.015625 0.015625
0 0.33515625 0.3921875 0.009375 0.009375
0 0.9015625 0.46015625 0.009375 0.009375
0 0.9265625 0.49765625 0.0109375 0.0109375
0 0.93671875 0.2625 0.0109375 0.0109375
0 0.803125 0.5203125 0.0109375 0.0109375
0 0.69140625 0.815625 0.0125 0.0125
0 0.19140625 0.6359375 0.0125 0.0125
0 0.053125 0.80546875 0.021875 0.021875
0 0.61171875 0.80078125 0.0140625 0.0140625