0 0.3546875 0.03203125 0.0375 0.0375
0 0.50625 0.3515625 0.0125 0.0125
0 0.1609375 0.6359375 0.01171875 0.01171875
0 0.265625 0.41796875 0.0125 0.0125
0 0.66875 0.278125 0.0140625 0.0140625
0 0.7890625 0.11796875 0.0140625 0.0140625
0 0.72734375 0.27109375 0.0109375 0.0109375
0 0.53203125 0.9828125 0.0140625 0.0140625
0 0.95859375 0.95859375 0.01640625 0.01640625
0 0.82890625 0.915625 0.0140625 0.0140625
0 0.6546875 0.7625 0.1125 0.1125
0 0.6078125 0.73125 0.18046875 0.18046875
0 0.49609375 0.78046875 0.02265625 0.02265625
0 0.31796875 0.72265625 0.01171875 0.01171875
0 0.1359375 0.14140625 0.01484375 0.01484375
0 0.66484375 0.3921875 0.009375 0.009375
0 0.0984375 0.46015625 0.009375 0.009375
0 0.0734375 0.49765625 0.0109375 0.0109375
0 0.06328125 0.2625 0.0109375 0.0109375
0 0.196875 0.5203125 0.0109375 0.0109375
0 0.30859375 0.815625 0.01171875 0.01171875
0 0.80859375 0.6359375 0.0125 0.0125
0 0.946875 0.80546875 0.021875 0.021875
0 0.38828125 0.80078125 0.0140625 0.0140625