0 0.96796875 0.3546875 0.0375 0.0375
0 0.6484375 0.50625 0.0125 0.0125
0 0.3640625 0.1609375 0.0125 0.0125
0 0.58203125 0.265625 0.0125 0.0125
0 0.721875 0.66875 0.0140625 0.0140625
0 0.88203125 0.7890625 0.0140625 0.0140625
0 0.72890625 0.72734375 0.0109375 0.0109375
0 0.0171875 0.53203125 0.0140625 0.0140625
0 0.04140625 0.95859375 0.015625 0.015625
0 0.084375 0.82890625 0.0140625 0.0140625
0 0.2375 0.6546875 0.1125 0.1125
0 0.26875 0.6078125 0.18125 0.18125
0 0.21953125 0.49609375 0.021875 0.021875
0 0.27734375 0.31796875 0.0125 0.0125
0 0.85859375 0.1359375 0.015625 0.015625
0 0.6078125 0.66484375 0.009375 0.009375
0 0.53984375 0.0984375 0.009375 0.009375
0 0.50234375 0.0734375 0.0109375 0.0109375
0 0.7375 0.06328125 0.0109375 0.0109375
0 0.4796875 0.196875 0.0109375 0.0109375
0 0.184375 0.30859375 0.0125 0.0125
0 0.3640625 0.80859375 0.0125 0.0125
0 0.19453125 0.946875 0.021875 0.021875
0 0.19921875 0.38828125 0.0140625 0.0140625