0 0.5875 0.91953125 0.028125 0.0265625
0 0.2328125 0.96171875 0.028125 0.028125
0 0.90546875 0.94609375 0.0140625 0.0140625
0 0.053125 0.734375 0.10625 0.178125
0 0.06484375 0.159375 0.1296875 0.1875
0 0.16171875 0.5703125 0.1296875 0.1265625
0 0.27890625 0.646875 0.0328125 0.03125
0 0.565625 0.740625 0.01875 0.0171875
0 0.43515625 0.225 0.01875 0.01875
0 0.715625 0.66171875 0.0125 0.0125
0 0.31796875 0.3546875 0.009375 0.009375
0 0.29609375 0.321875 0.0125 0.0109375
0 0.6 0.3171875 0.009375 0.009375
0 0.525 0.29375 0.0109375 0.009375
0 0.01796875 0.396875 0.0140625 0.0140625
0 0.7671875 0.56953125 0.0375 0.0359375
0 0.84453125 0.5359375 0.0140625 0.0140625
0 0.93515625 0.59453125 0.0125 0.0125
0 0.98671875 0.4890625 0.0125 0.0125
0 0.9890625 0.41953125 0.021875 0.0265625
0 0.8921875 0.8359375 0.0265625 0.025
0 0.62421875 0.8625 0.0640625 0.0625
0 0.29609375 0.0453125 0.03125 0.03125
0 0.13359375 0.02265625 0.01875 0.0171875
0 0.85625 0.06640625 0.1265625 0.1234375
0 0.02265625 0.06875 0.0125 0.0109375
0 0.69609375 0.990625 0.0390625 0.01875
0 0.60234375 0.6703125 0.0140625 0.0125
0 0.54140625 0.69921875 0.0140625 0.0140625
0 0.5703125 0.6859375 0.0140625 0.0125
0 0.58203125 0.6828125 0.0125 0.0125
0 0.53203125 0.675 0.0125 0.0125
0 0.56328125 0.64140625 0.021875 0.021875
0 0.50078125 0.73515625 0.0125 0.0125
0 0.3015625 0.80390625 0.0203125 0.0203125
0 0.2390625 0.8453125 0.01875 0.0171875
0 0.1890625 0.8546875 0.0109375 0.009375
0 0.05 0.6234375 0.015625 0.015625
0 0.21953125 0.36640625 0.0109375 0.0109375
0 0.20703125 0.53203125 0.0125 0.0125
0 0.890625 0.36796875 0.0125 0.0125
0 0.7703125 0.4546875 0.0125 0.0125
0 0.7546875 0.4875 0.0109375 0.0109375
0 0.77421875 0.096875 0.021875 0.0203125
0 0.46328125 0.040625 0.0125 0.0125
0 0.30859375 0.2859375 0.0109375 0.009375
0 0.35 0.05625 0.0140625 0.0140625
0 0.2515625 0.03203125 0.01875 0.01875
0 0.2515625 0.04375 0.015625 0.015625
0 0.42734375 0.02734375 0.01875 0.01875
0 0.0953125 0.059375 0.0140625 0.0125