0 0.81953125 0.140625 0.0109375 0.009375
0 0.72421875 0.20546875 0.01484375 0.01484375
0 0.54375 0.21640625 0.0828125 0.0796875
0 0.65703125 0.31875 0.02421875 0.0234375
0 0.05703125 0.5578125 0.01171875 0.01171875
0 0.16953125 0.62578125 0.0328125 0.03203125
0 0.2265625 0.91484375 0.01875 0.0171875
0 0.55625 0.8046875 0.01953125 0.01953125
0 0.2765625 0.5296875 0.053125 0.05078125
0 0.5046875 0.4671875 0.0265625 0.025
0 0.48203125 0.42109375 0.0421875 0.03984375
0 0.6484375 0.98828125 0.0140625 0.0140625
0 0.43125 0.39609375 0.0234375 0.02265625
0 0.85859375 0.5125 0.03125 0.03046875
0 0.77265625 0.721875 0.021875 0.021875
0 0.82578125 0.7671875 0.015625 0.01484375
0 0.91640625 0.92265625 0.0328125 0.03203125
0 0.9671875 0.78359375 0.01171875 0.01171875
0 0.9625 0.24296875 0.0109375 0.0109375
0 0.6828125 0.025 0.03515625 0.0328125
0 0.27578125 0.03828125 0.0203125 0.01953125
0 0.3109375 0.2265625 0.0109375 0.009375
0 0.1921875 0.1265625 0.0109375 0.009375
0 0.1859375 0.278125 0.01171875 0.0109375
0 0.5078125 0.59609375 0.01171875 0.0109375
0 0.5 0.60625 0.01640625 0.015625
0 0.209375 0.871875 0.01171875 0.01171875
0 0.0515625 0.67421875 0.0109375 0.0109375
0 0.0203125 0.78828125 0.015625 0.01328125
0 0.05625 0.87265625 0.0234375 0.02265625
0 0.0078125 0.909375 0.015625 0.0171875