0 0.04375 0.078125 0.0875 0.084375
0 0.07890625 0.2828125 0.015625 0.015625
0 0.4671875 0.4328125 0.03125 0.03125
0 0.19375 0.709375 0.0234375 0.021875
0 0.10703125 0.665625 0.015625 0.0140625
0 0.28828125 0.7484375 0.0203125 0.01875
0 0.48359375 0.13359375 0.0328125 0.03125
0 0.6890625 0.128125 0.015625 0.015625
0 0.65546875 0.6484375 0.01875 0.01875
0 0.74375 0.66796875 0.0125 0.0109375
0 0.603125 0.86640625 0.0140625 0.0140625
0 0.17265625 0.8484375 0.3453125 0.303125
0 0.9109375 0.15390625 0.0125 0.0125
0 0.9421875 0.1140625 0.021875 0.021875
0 0.63359375 0.88671875 0.3375 0.2265625
0 0.9484375 0.56171875 0.0171875 0.015625
0 0.6890625 0.03828125 0.0109375 0.009375
0 0.88671875 0.3703125 0.0109375 0.0109375
0 0.30625 0.43046875 0.0109375 0.009375
0 0.23125 0.58046875 0.015625 0.015625
0 0.82734375 0.728125 0.0125 0.0109375
0 0.87734375 0.91328125 0.01875 0.01875
0 0.99296875 0.7390625 0.0140625 0.0125