0 0.95625 0.078125 0.0875 0.084375
0 0.92109375 0.2828125 0.015625 0.015625
0 0.5328125 0.4328125 0.03125 0.03125
0 0.80625 0.709375 0.021875 0.021875
0 0.89296875 0.665625 0.015625 0.0140625
0 0.71171875 0.7484375 0.0203125 0.01875
0 0.51640625 0.13359375 0.0328125 0.03125
0 0.3109375 0.128125 0.015625 0.015625
0 0.34453125 0.6484375 0.01875 0.01875
0 0.25625 0.66796875 0.0125 0.0109375
0 0.396875 0.86640625 0.0140625 0.0140625
0 0.82734375 0.8484375 0.3453125 0.303125
0 0.0890625 0.15390625 0.0125 0.0125
0 0.0578125 0.1140625 0.021875 0.021875
0 0.36640625 0.88671875 0.3375 0.2265625
0 0.0515625 0.56171875 0.0171875 0.015625
0 0.3109375 0.03828125 0.0109375 0.009375
0 0.11328125 0.3703125 0.0109375 0.0109375
0 0.69375 0.43046875 0.0109375 0.009375
0 0.76875 0.58046875 0.015625 0.015625
0 0.17265625 0.728125 0.0125 0.0109375
0 0.12265625 0.91328125 0.01875 0.01875
0 0.00703125 0.7390625 0.0140625 0.0125