0 0.2859375 0.00703125 0.015625 0.0140625
0 0.2875 0.17265625 0.0125 0.01171875
0 0.15625 0.878125 0.01875 0.0171875
0 0.16328125 0.81328125 0.01484375 0.0140625
0 0.2875 0.83125 0.01484375 0.0140625
0 0.134375 0.66953125 0.025 0.02421875
0 0.009375 0.6234375 0.01875 0.03125
0 0.3546875 0.58203125 0.0140625 0.0125
0 0.5015625 0.60859375 0.053125 0.0484375
0 0.3515625 0.47421875 0.015625 0.01484375
0 0.08984375 0.490625 0.0109375 0.009375
0 0.2265625 0.2375 0.034375 0.03125
0 0.2359375 0.1421875 0.0109375 0.009375
0 0.675 0.078125 0.0109375 0.0109375
0 0.703125 0.25625 0.0125 0.0125
0 0.70234375 0.5125 0.01171875 0.0109375
0 0.36796875 0.43125 0.0109375 0.009375
0 0.24609375 0.6296875 0.01171875 0.0109375
0 0.29609375 0.97578125 0.01171875 0.0109375