0 0.60625 0.409375 0.0375 0.040625
0 0.5953125 0.76171875 0.025 0.028125
0 0.44296875 0.6890625 0.015625 0.015625
0 0.440625 0.871875 0.03125 0.034375
0 0.725 0.74140625 0.1546875 0.16875
0 0.828125 0.540625 0.03125 0.034375
0 0.13828125 0.40546875 0.0625 0.0671875
0 0.34140625 0.96953125 0.01875 0.0203125
0 0.0421875 0.57265625 0.0125 0.0140625
0 0.08359375 0.1890625 0.0125 0.0125
0 0.38203125 0.51015625 0.0125 0.0125
0 0.253125 0.73984375 0.021875 0.025
0 0.7765625 0.4484375 0.0140625 0.015625