0 0.06875 0.48984375 0.02265625 0.02265625
0 0.26796875 0.3453125 0.015625 0.01484375
0 0.32734375 0.5578125 0.01484375 0.01484375
0 0.18828125 0.6359375 0.01171875 0.01171875
0 0.47890625 0.39609375 0.01875 0.01875
0 0.10078125 0.41484375 0.0109375 0.0109375
0 0.82109375 0.25703125 0.015625 0.015625
0 0.9546875 0.50390625 0.01171875 0.01171875
0 0.08515625 0.69609375 0.015625 0.015625
0 0.58515625 0.35625 0.009375 0.009375
0 0.8796875 0.41171875 0.0109375 0.0109375
0 0.959375 0.24609375 0.01171875 0.01171875
0 0.98671875 0.17578125 0.0265625 0.03046875
0 0.7015625 0.503125 0.01171875 0.01171875