0 0.028125 0.0265625 0.01640625 0.01640625
0 0.9140625 0.8984375 0.03125 0.03046875
0 0.8828125 0.87734375 0.01640625 0.01640625
0 0.890625 0.75625 0.0140625 0.0140625
0 0.7609375 0.44375 0.06171875 0.0609375
0 0.690625 0.484375 0.03203125 0.03125
0 0.36953125 0.79765625 0.0140625 0.0140625
0 0.378125 0.60859375 0.0453125 0.0453125
0 0.41015625 0.3140625 0.034375 0.034375
0 0.32890625 0.29375 0.02734375 0.02734375
0 0.3953125 0.21796875 0.0140625 0.0140625
0 0.94375 0.221875 0.1109375 0.11015625
0 0.41484375 0.51640625 0.24296875 0.240625
0 0.10390625 0.75234375 0.02265625 0.02265625
0 0.4703125 0.12890625 0.01171875 0.0109375
0 0.0109375 0.36640625 0.0109375 0.0109375
0 0.09765625 0.58046875 0.01171875 0.01171875
0 0.715625 0.79921875 0.01171875 0.0109375
0 0.70078125 0.8625 0.03203125 0.03125
0 0.2390625 0.896875 0.0109375 0.0109375