0 0.971875 0.0265625 0.015625 0.015625
0 0.0859375 0.8984375 0.03125 0.03125
0 0.1171875 0.87734375 0.015625 0.015625
0 0.109375 0.75625 0.0140625 0.0140625
0 0.2390625 0.44375 0.0625 0.0609375
0 0.309375 0.484375 0.03125 0.03125
0 0.63046875 0.79765625 0.0140625 0.0140625
0 0.621875 0.60859375 0.0453125 0.0453125
0 0.58984375 0.3140625 0.034375 0.034375
0 0.67109375 0.29375 0.028125 0.028125
0 0.6046875 0.21796875 0.0140625 0.0140625
0 0.05625 0.221875 0.1109375 0.109375
0 0.58515625 0.51640625 0.24375 0.240625
0 0.89609375 0.75234375 0.021875 0.021875
0 0.5296875 0.12890625 0.0125 0.0109375
0 0.9890625 0.36640625 0.0109375 0.0109375
0 0.90234375 0.58046875 0.0125 0.0125
0 0.284375 0.79921875 0.0125 0.0109375
0 0.29921875 0.8625 0.03125 0.03125
0 0.7609375 0.896875 0.0109375 0.0109375