0 0.9671875 0.559375 0.065625 0.178125
0 0.98125 0.0171875 0.0375 0.034375
0 0.84375 0.153125 0.3125 0.30625
0 0.9578125 0.0359375 0.084375 0.071875
0 0.96171875 0.03515625 0.075 0.0703125
0 0.971875 0.915625 0.05625 0.1
0 0.965625 0.034375 0.06875 0.06875
0 0.771875 0.57734375 0.228125 0.20625
0 0.69921875 0.11328125 0.446875 0.225
0 0.3078125 0.07265625 0.296875 0.1453125
0 0.95703125 0.41171875 0.0859375 0.1640625
0 0.09453125 0.053125 0.1890625 0.10625
0 0.0484375 0.0265625 0.096875 0.053125