0 0.87109375 0.1078125 0.2578125 0.215625
0 0.50546875 0.065625 0.3046875 0.13125
0 0.93359375 0.0640625 0.1328125 0.128125
0 0.42734375 0.0296875 0.1515625 0.059375
0 0.92578125 0.08203125 0.14765625 0.1640625
0 0.17421875 0.03828125 0.171875 0.07578125
0 0.93671875 0.13984375 0.12578125 0.1921875
0 0.95546875 0.15859375 0.0890625 0.1265625
0 0.91171875 0.165625 0.17578125 0.31171875
0 0.49609375 0.1828125 0.15234375 0.10625
0 0.08671875 0.3859375 0.1296875 0.12421875
0 0.9609375 0.4671875 0.078125 0.165625
0 0.95546875 0.59140625 0.0890625 0.2328125