0 0.12890625 0.8921875 0.2578125 0.215625
0 0.49296875 0.93359375 0.3046875 0.1328125
0 0.065625 0.9359375 0.13125 0.128125
0 0.57109375 0.96953125 0.1515625 0.0609375
0 0.07421875 0.91796875 0.14765625 0.1640625
0 0.82578125 0.96171875 0.171875 0.07578125
0 0.06328125 0.86015625 0.12578125 0.1921875
0 0.04375 0.83984375 0.0875 0.1265625
0 0.08828125 0.834375 0.17578125 0.31171875
0 0.50390625 0.8171875 0.15234375 0.10625
0 0.91328125 0.6140625 0.1296875 0.12421875
0 0.0390625 0.5328125 0.078125 0.165625
0 0.04375 0.40703125 0.0875 0.2328125