0 0.12890625 0.1078125 0.2578125 0.215625
0 0.49296875 0.065625 0.3046875 0.13125
0 0.065625 0.0640625 0.13125 0.128125
0 0.57109375 0.0296875 0.1515625 0.059375
0 0.07421875 0.08203125 0.14765625 0.1640625
0 0.82578125 0.03828125 0.171875 0.07578125
0 0.06328125 0.13984375 0.12578125 0.1921875
0 0.04375 0.15859375 0.0875 0.1265625
0 0.08828125 0.165625 0.17578125 0.31171875
0 0.50390625 0.1828125 0.15234375 0.10625
0 0.91328125 0.3859375 0.1296875 0.12421875
0 0.0390625 0.4671875 0.078125 0.165625
0 0.04375 0.59140625 0.0875 0.2328125