0 0.87109375 0.8921875 0.2578125 0.215625
0 0.50703125 0.934375 0.3046875 0.13125
0 0.934375 0.9359375 0.13125 0.128125
0 0.42890625 0.9703125 0.1515625 0.059375
0 0.92578125 0.91796875 0.146875 0.1640625
0 0.17421875 0.96171875 0.171875 0.075
0 0.93671875 0.86015625 0.125 0.1921875
0 0.95625 0.84140625 0.0875 0.1265625
0 0.91171875 0.834375 0.175 0.3125
0 0.49609375 0.8171875 0.153125 0.10625
0 0.08671875 0.6140625 0.1296875 0.125
0 0.9609375 0.5328125 0.078125 0.165625
0 0.95625 0.40859375 0.0875 0.2328125