0 0.0546875 0.0421875 0.109375 0.084375
0 0.0078125 0.01484375 0.015625 0.0296875
0 0.378125 0.12265625 0.578125 0.2453125
0 0.10390625 0.0578125 0.2078125 0.115625
0 0.0125 0.01171875 0.025 0.0234375
0 0.00625 0.01015625 0.01171875 0.0203125
0 0.0203125 0.0203125 0.03984375 0.03984375
0 0.0078125 0.009375 0.015625 0.01796875
0 0.490625 0.10625 0.4578125 0.21171875
0 0.02109375 0.02265625 0.0421875 0.0453125
0 0.0171875 0.35390625 0.034375 0.05234375
0 0.01796875 0.36796875 0.0359375 0.06796875
0 0.0109375 0.4890625 0.021875 0.06171875
0 0.01015625 0.59609375 0.0203125 0.0359375
0 0.7046875 0.64296875 0.58984375 0.7140625
0 0.0078125 0.7578125 0.015625 0.03984375
0 0.05 0.77578125 0.1 0.19609375