0 0.94453125 0.9578125 0.1109375 0.084375
0 0.9921875 0.98515625 0.015625 0.0296875
0 0.6203125 0.8765625 0.578125 0.246875
0 0.89609375 0.9421875 0.2078125 0.115625
0 0.9859375 0.9875 0.025 0.025
0 0.99375 0.98984375 0.01171875 0.0203125
0 0.9796875 0.9796875 0.03984375 0.03984375
0 0.9921875 0.990625 0.015625 0.01796875
0 0.509375 0.89375 0.4578125 0.21171875
0 0.97890625 0.9765625 0.0421875 0.046875
0 0.9828125 0.64609375 0.034375 0.05234375
0 0.98203125 0.63203125 0.0359375 0.06796875
0 0.9890625 0.5109375 0.021875 0.06171875
0 0.98984375 0.40390625 0.0203125 0.0359375
0 0.2953125 0.35703125 0.58984375 0.7140625
0 0.9921875 0.2421875 0.015625 0.03984375
0 0.95 0.22421875 0.1 0.19609375