0 0.0765625 0.95703125 0.153125 0.0859375
0 0.30078125 0.971875 0.2421875 0.05625
0 0.3390625 0.95390625 0.175 0.0921875
0 0.59765625 0.846875 0.453125 0.30625
0 0.0328125 0.7171875 0.065625 0.153125
0 0.01796875 0.6953125 0.0359375 0.090625
0 0.028125 0.6421875 0.05625 0.084375
0 0.04140625 0.5890625 0.0828125 0.15
0 0.50703125 0.57734375 0.378125 0.334375
0 0.0515625 0.42421875 0.103125 0.1796875
0 0.0265625 0.29609375 0.053125 0.1140625
0 0.85 0.24609375 0.06875 0.05625
0 0.078125 0.19765625 0.15625 0.284375
0 0.3328125 0.35703125 0.665625 0.7140625
0 0.62734375 0.08203125 0.11875 0.125
0 0.02734375 0.88828125 0.053125 0.084375
0 0.021875 0.9859375 0.04375 0.028125
0 0.01484375 0.98671875 0.0296875 0.025
0 0.0109375 0.9921875 0.021875 0.015625
0 0.02109375 0.63203125 0.0421875 0.075