0 0.9234375 0.95703125 0.153125 0.0859375
0 0.69921875 0.971875 0.2421875 0.05625
0 0.6609375 0.95390625 0.17421875 0.0921875
0 0.40234375 0.846875 0.45234375 0.30625
0 0.9671875 0.7171875 0.065625 0.15390625
0 0.98203125 0.6953125 0.0359375 0.08984375
0 0.971875 0.6421875 0.05625 0.084375
0 0.95859375 0.5890625 0.0828125 0.15
0 0.49296875 0.57734375 0.378125 0.334375
0 0.9484375 0.42421875 0.103125 0.1796875
0 0.9734375 0.29609375 0.053125 0.1140625
0 0.15 0.24609375 0.06796875 0.05625
0 0.921875 0.19765625 0.15625 0.284375
0 0.6671875 0.35703125 0.665625 0.7140625
0 0.37265625 0.08203125 0.11796875 0.12421875
0 0.97265625 0.88828125 0.05390625 0.084375
0 0.978125 0.9859375 0.04375 0.028125
0 0.98515625 0.98671875 0.0296875 0.02578125
0 0.9890625 0.9921875 0.021875 0.015625
0 0.97890625 0.63203125 0.0421875 0.07578125