0 0.071875 0.075 0.14375 0.15
0 0.15 0.015625 0.071875 0.03125
0 0.02109375 0.01796875 0.0421875 0.0359375
0 0.05546875 0.04375 0.1109375 0.0875
0 0.040625 0.03984375 0.08125 0.0796875
0 0.709375 0.12421875 0.5375 0.246875
0 0.1359375 0.06484375 0.203125 0.1296875
0 0.77890625 0.04921875 0.1703125 0.096875
0 0.12265625 0.103125 0.2453125 0.20625
0 0.04609375 0.04296875 0.0921875 0.0859375
0 0.10078125 0.075 0.2015625 0.15
0 0.7265625 0.2328125 0.546875 0.465625
0 0.015625 0.340625 0.03125 0.065625
0 0.05078125 0.38359375 0.1015625 0.1921875
0 0.03828125 0.4671875 0.075 0.146875
0 0.1828125 0.51015625 0.1375 0.140625
0 0.028125 0.51328125 0.05625 0.10625
0 0.07421875 0.628125 0.146875 0.2796875
0 0.06875 0.6734375 0.1375 0.171875
0 0.36328125 0.71015625 0.21875 0.23125
0 0.66875 0.7140625 0.15 0.171875
0 0.0890625 0.85390625 0.178125 0.26875
0 0.07265625 0.98671875 0.11875 0.025