0 0.925 0.928125 0.15 0.14375
0 0.98359375 0.85 0.0328125 0.071875
0 0.98203125 0.97890625 0.0359375 0.0421875
0 0.95546875 0.94453125 0.0890625 0.1109375
0 0.96015625 0.959375 0.0796875 0.08125
0 0.87578125 0.290625 0.246875 0.5375
0 0.93515625 0.8640625 0.1296875 0.203125
0 0.95078125 0.22109375 0.096875 0.1703125
0 0.896875 0.87734375 0.20625 0.2453125
0 0.95703125 0.95390625 0.0859375 0.0921875
0 0.925 0.89921875 0.15 0.2015625
0 0.7671875 0.2734375 0.465625 0.546875
0 0.659375 0.984375 0.065625 0.03125
0 0.61484375 0.94921875 0.1921875 0.1015625
0 0.5328125 0.96171875 0.146875 0.0765625
0 0.48984375 0.8171875 0.140625 0.1375
0 0.48671875 0.971875 0.10625 0.05625
0 0.371875 0.92578125 0.2796875 0.1484375
0 0.325 0.93125 0.171875 0.1375
0 0.28984375 0.63671875 0.23125 0.21875
0 0.2859375 0.33125 0.171875 0.15
0 0.14609375 0.9109375 0.26875 0.178125
0 0.01328125 0.92734375 0.025 0.11875