0 0.621875 0.6671875 0.0578125 0.0578125
0 0.27421875 0.61171875 0.2 0.2203125
0 0.71171875 0.01796875 0.075 0.0359375
0 0.6453125 0.565625 0.059375 0.059375
0 0.74921875 0.00625 0.025 0.0125
0 0.71796875 0.00625 0.028125 0.0125
0 0.7328125 0.003125 0.0140625 0.00625
0 0.74765625 0.003125 0.015625 0.00625
0 0.75 0.02890625 0.01875 0.025
0 0.7546875 0.05625 0.01875 0.0140625
0 0.825 0.09375 0.015625 0.0140625
0 0.81328125 0.0140625 0.009375 0.0140625
0 0.82890625 0.01484375 0.0078125 0.009375
0 0.79609375 0.00390625 0.015625 0.0078125
0 0.81796875 0.003125 0.015625 0.00625
0 0.83125 0.00390625 0.00625 0.0078125
0 0.79765625 0.003125 0.015625 0.00625
0 0.81171875 0.00234375 0.0078125 0.003125
0 0.81875 0.003125 0.0140625 0.00625
0 0.6453125 0.00390625 0.01875 0.0078125
0 0.646875 0.003125 0.01875 0.00625
0 0.66015625 0.00234375 0.015625 0.003125
0 0.66953125 0.0046875 0.0265625 0.009375
0 0.70078125 0.00625 0.025 0.0125
0 0.7 0.003125 0.015625 0.00625
0 0.690625 0.00390625 0.0140625 0.0078125
0 0.69609375 0.1171875 0.025 0.0203125
0 0.753125 0.003125 0.021875 0.00625
0 0.759375 0.0046875 0.021875 0.009375
0 0.63515625 0.0046875 0.0234375 0.009375
0 0.646875 0.00625 0.021875 0.0125
0 0.7515625 0.0046875 0.025 0.009375
0 0.79296875 0.00390625 0.0140625 0.0078125
0 0.80390625 0.01875 0.0609375 0.0375
0 0.7046875 0.0046875 0.015625 0.009375
0 0.671875 0.003125 0.0203125 0.00625
0 0.66484375 0.003125 0.021875 0.00625
0 0.65390625 0.0046875 0.0171875 0.009375
0 0.7140625 0.003125 0.015625 0.00625
0 0.5828125 0.00703125 0.034375 0.0140625
0 0.61796875 0.0046875 0.0203125 0.009375
0 0.6078125 0.00234375 0.015625 0.003125
0 0.5953125 0.00625 0.021875 0.0125
0 0.61796875 0.003125 0.015625 0.00625
0 0.60078125 0.0046875 0.0234375 0.009375
0 0.56484375 0.0046875 0.0234375 0.009375
0 0.5671875 0.00625 0.021875 0.0125
0 0.53359375 0.0046875 0.0171875 0.009375
0 0.546875 0.00390625 0.0140625 0.0078125
0 0.5421875 0.003125 0.0203125 0.00625
0 0.52265625 0.003125 0.0140625 0.00625
0 0.4796875 0.00625 0.03125 0.0125
0 0.46796875 0.00625 0.025 0.0125
0 0.45234375 0.00625 0.025 0.0125
0 0.5203125 0.0078125 0.0359375 0.015625
0 0.546875 0.0046875 0.021875 0.009375
0 0.57578125 0.07109375 0.0296875 0.03125
0 0.62421875 0.06796875 0.015625 0.015625
0 0.4046875 0.00390625 0.021875 0.0078125
0 0.45078125 0.00390625 0.01875 0.0078125
0 0.3375 0.0046875 0.021875 0.009375
0 0.3421875 0.003125 0.015625 0.00625
0 0.37734375 0.003125 0.01875 0.00625
0 0.42734375 0.003125 0.021875 0.00625
0 0.3609375 0.00390625 0.021875 0.0078125
0 0.35625 0.00234375 0.015625 0.003125
0 0.31328125 0.00390625 0.01875 0.0078125
0 0.3640625 0.00390625 0.0203125 0.0078125
0 0.25703125 0.00703125 0.025 0.0140625
0 0.22578125 0.009375 0.0359375 0.01875
0 0.225 0.0046875 0.015625 0.009375
0 0.28203125 0.003125 0.0125 0.00625
0 0.28984375 0.0046875 0.0171875 0.009375
0 0.309375 0.0078125 0.025 0.015625
0 0.315625 0.00234375 0.0125 0.003125
0 0.29765625 0.00390625 0.015625 0.0078125
0 0.2078125 0.003125 0.015625 0.00625
0 0.175 0.003125 0.0140625 0.00625
0 0.1890625 0.00390625 0.01875 0.0078125
0 0.28203125 0.00390625 0.015625 0.0078125
0 0.30078125 0.003125 0.01875 0.00625
0 0.30390625 0.003125 0.015625 0.00625
0 0.33828125 0.01328125 0.0125 0.0125
0 0.22265625 0.003125 0.01875 0.00625
0 0.253125 0.00390625 0.01875 0.0078125
0 0.25390625 0.003125 0.0203125 0.00625
0 0.17734375 0.00234375 0.009375 0.003125
0 0.47578125 0.00390625 0.0125 0.0078125
0 0.48203125 0.0046875 0.0171875 0.009375
0 0.37421875 0.04609375 0.0203125 0.0203125
0 0.40703125 0.0578125 0.0203125 0.021875
0 0.39296875 0.084375 0.0203125 0.0203125
0 0.3671875 0.08828125 0.021875 0.028125
0 0.33671875 0.03828125 0.01875 0.021875
0 0.31171875 0.0109375 0.028125 0.01875
0 0.3 0.028125 0.021875 0.025
0 0.30703125 0.046875 0.021875 0.021875
0 0.28828125 0.096875 0.0421875 0.0421875
0 0.31484375 0.121875 0.028125 0.028125
0 0.31171875 0.1328125 0.0296875 0.034375
0 0.3390625 0.1703125 0.025 0.028125
0 0.36484375 0.16015625 0.025 0.01875
0 0.3703125 0.1703125 0.01875 0.025
0 0.359375 0.16875 0.028125 0.01875
0 0.37578125 0.1953125 0.025 0.025
0 0.31796875 0.240625 0.0375 0.03125
0 0.32265625 0.296875 0.025 0.021875
0 0.29296875 0.2640625 0.025 0.01875
0 0.28125 0.34375 0.0421875 0.0375
0 0.253125 0.28984375 0.025 0.025
0 0.215625 0.2828125 0.025 0.025
0 0.19609375 0.184375 0.021875 0.025
0 0.171875 0.315625 0.009375 0.021875
0 0.459375 0.05625 0.034375 0.0296875
0 0.50390625 0.046875 0.04375 0.040625
0 0.49765625 0.06171875 0.0421875 0.05
0 0.5078125 0.078125 0.0140625 0.015625
0 0.52890625 0.16171875 0.040625 0.0375
0 0.4578125 0.18671875 0.0296875 0.0359375
0 0.41796875 0.1328125 0.0203125 0.021875
0 0.409375 0.15234375 0.0140625 0.01875
0 0.55234375 0.1078125 0.01875 0.021875
0 0.515625 0.109375 0.0203125 0.021875
0 0.6203125 0.1796875 0.021875 0.0203125
0 0.625 0.23203125 0.034375 0.028125
0 0.6421875 0.27421875 0.028125 0.034375
0 0.68984375 0.303125 0.0296875 0.034375
0 0.7203125 0.22890625 0.0140625 0.015625
0 0.7296875 0.20625 0.025 0.028125
0 0.6078125 0.084375 0.0203125 0.0140625
0 0.63984375 0.08125 0.028125 0.028125
0 0.778125 0.259375 0.0296875 0.025
0 0.7703125 0.30703125 0.0359375 0.040625
0 0.803125 0.325 0.034375 0.03125
0 0.8140625 0.49296875 0.0296875 0.0296875
0 0.7796875 0.484375 0.01875 0.015625
0 0.79921875 0.50078125 0.01875 0.0203125
0 0.82421875 0.54921875 0.01875 0.01875
0 0.82421875 0.5359375 0.01875 0.0140625
0 0.82265625 0.26875 0.015625 0.0203125
0 0.8109375 0.27109375 0.0140625 0.015625
0 0.71484375 0.3359375 0.01875 0.01875
0 0.66796875 0.353125 0.028125 0.0203125
0 0.67734375 0.365625 0.0203125 0.01875
0 0.675 0.2390625 0.015625 0.015625
0 0.66328125 0.26328125 0.021875 0.028125
0 0.68125 0.26328125 0.021875 0.0203125
0 0.57578125 0.225 0.0140625 0.01875
0 0.59765625 0.29375 0.021875 0.0203125
0 0.58125 0.28984375 0.025 0.01875
0 0.590625 0.278125 0.021875 0.01875
0 0.61015625 0.2640625 0.021875 0.025
0 0.61484375 0.3390625 0.0203125 0.0125
0 0.61328125 0.359375 0.01875 0.01875
0 0.6078125 0.37734375 0.015625 0.01875
0 0.63671875 0.37890625 0.021875 0.025
0 0.6453125 0.3890625 0.01875 0.0140625
0 0.634375 0.4703125 0.021875 0.0203125
0 0.6328125 0.43125 0.021875 0.0203125
0 0.5859375 0.44296875 0.0203125 0.025
0 0.56015625 0.378125 0.021875 0.025
0 0.5453125 0.35234375 0.021875 0.025
0 0.55390625 0.334375 0.0296875 0.0375
0 0.49765625 0.35078125 0.0375 0.0296875
0 0.528125 0.44921875 0.0203125 0.021875
0 0.54921875 0.521875 0.028125 0.028125
0 0.5578125 0.51328125 0.021875 0.034375
0 0.56015625 0.5328125 0.021875 0.021875
0 0.48984375 0.51015625 0.03125 0.028125
0 0.45703125 0.48515625 0.0203125 0.028125
0 0.37734375 0.45703125 0.034375 0.03125
0 0.384375 0.48125 0.028125 0.03125
0 0.39765625 0.496875 0.01875 0.01875
0 0.3703125 0.49296875 0.015625 0.021875
0 0.3453125 0.453125 0.0296875 0.034375
0 0.40625 0.3453125 0.025 0.025
0 0.43828125 0.33671875 0.025 0.021875
0 0.42578125 0.284375 0.01875 0.015625
0 0.4296875 0.25390625 0.03125 0.028125
0 0.4 0.2359375 0.0203125 0.0203125
0 0.40234375 0.2703125 0.096875 0.090625
0 0.38671875 0.32421875 0.0640625 0.059375
0 0.37421875 0.1078125 0.23125 0.215625
0 0.4328125 0.63203125 0.040625 0.0375
0 0.45703125 0.63125 0.01875 0.025
0 0.23125 0.415625 0.021875 0.0203125
0 0.20390625 0.415625 0.025 0.0203125
0 0.18671875 0.4671875 0.021875 0.01875
0 0.1953125 0.47890625 0.021875 0.0203125
0 0.21484375 0.6203125 0.0140625 0.015625
0 0.2140625 0.63828125 0.015625 0.0140625
0 0.303125 0.5859375 0.0203125 0.021875
0 0.32265625 0.65703125 0.025 0.0203125
0 0.2 0.696875 0.015625 0.015625
0 0.41484375 0.73828125 0.021875 0.021875
0 0.43203125 0.6796875 0.01875 0.021875
0 0.53984375 0.73828125 0.025 0.025
0 0.5671875 0.696875 0.021875 0.0203125
0 0.62421875 0.740625 0.0203125 0.025
0 0.609375 0.70078125 0.028125 0.025
0 0.6328125 0.70234375 0.025 0.034375
0 0.65 0.66015625 0.021875 0.025
0 0.66796875 0.6171875 0.0203125 0.025
0 0.6859375 0.6859375 0.015625 0.01875
0 0.71171875 0.6 0.01875 0.0203125
0 0.71796875 0.578125 0.0203125 0.0203125
0 0.76328125 0.5796875 0.015625 0.015625
0 0.71875 0.728125 0.021875 0.025
0 0.72421875 0.68515625 0.0203125 0.0203125
0 0.7046875 0.890625 0.025 0.0203125
0 0.7296875 0.89765625 0.025 0.03125
0 0.79296875 0.94296875 0.0203125 0.025
0 0.784375 0.921875 0.015625 0.015625
0 0.82421875 0.853125 0.01875 0.01875
0 0.821875 0.9578125 0.0203125 0.021875
0 0.80703125 0.70625 0.025 0.0296875
0 0.8046875 0.5953125 0.021875 0.025
0 0.796875 0.37734375 0.01875 0.0203125
0 0.26484375 0.71015625 0.021875 0.021875
0 0.36015625 0.896875 0.0203125 0.028125
0 0.575 0.9359375 0.0375 0.040625
0 0.59765625 0.875 0.025 0.021875
0 0.37734375 0.93984375 0.015625 0.0203125
0 0.4046875 0.94375 0.021875 0.01875
0 0.4109375 0.9546875 0.015625 0.01875
0 0.40234375 0.96171875 0.015625 0.015625
0 0.44296875 0.915625 0.01875 0.01875
0 0.4578125 0.86484375 0.021875 0.025
0 0.5609375 0.76796875 0.028125 0.025
0 0.57578125 0.7890625 0.021875 0.0140625
0 0.38671875 0.909375 0.025 0.025
0 0.67421875 0.778125 0.025 0.034375
0 0.675 0.86015625 0.01875 0.021875
0 0.63203125 0.95390625 0.028125 0.03125
0 0.24765625 0.83125 0.025 0.025
0 0.1828125 0.6609375 0.0203125 0.025
0 0.17421875 0.671875 0.0140625 0.0296875
0 0.50703125 0.81328125 0.0203125 0.025
0 0.5296875 0.80078125 0.0203125 0.025
0 0.7109375 0.925 0.03125 0.03125
0 0.72421875 0.3953125 0.015625 0.01875
0 0.74921875 0.37421875 0.0203125 0.0203125
0 0.7421875 0.13515625 0.01875 0.0203125
0 0.734375 0.153125 0.01875 0.01875
0 0.5296875 0.40390625 0.025 0.021875
0 0.546875 0.4109375 0.021875 0.0203125
0 0.584375 0.4 0.01875 0.0203125
0 0.515625 0.41328125 0.0203125 0.0203125
0 0.61484375 0.3171875 0.0203125 0.025
0 0.48125 0.3953125 0.021875 0.025