0 0.9796875 0.13984375 0.040625 0.084375
0 0.99375 0.35390625 0.0125 0.028125
0 0.99296875 0.42265625 0.0140625 0.025
0 0.99296875 0.38671875 0.0140625 0.025
0 0.9953125 0.16796875 0.009375 0.0296875
0 0.2921875 0.0390625 0.034375 0.0375
0 0.40234375 0.06484375 0.025 0.025
0 0.86484375 0.1171875 0.015625 0.0140625
0 0.82578125 0.03984375 0.025 0.015625
0 0.99375 0.3546875 0.0125 0.021875
0 0.284375 0.99375 0.025 0.0125
0 0.22421875 0.996875 0.015625 0.00625
0 0.209375 0.996875 0.0140625 0.00625
0 0.01796875 0.99609375 0.015625 0.0078125
0 0.996875 0.30078125 0.00625 0.0140625
0 0.996875 0.5328125 0.00625 0.01875
0 0.9953125 0.5984375 0.009375 0.025
0 0.609375 0.825 0.01875 0.021875
0 0.86015625 0.9953125 0.0296875 0.009375