0 0.7703125 0.16015625 0.046875 0.053125
0 0.896875 0.20078125 0.040625 0.046875
0 0.340625 0.33125 0.071875 0.071875
0 0.340625 0.41484375 0.1125 0.115625
0 0.4671875 0.4578125 0.04375 0.05
0 0.840625 0.48515625 0.075 0.0921875
0 0.371875 0.69765625 0.209375 0.2296875
0 0.93984375 0.77890625 0.034375 0.040625
0 0.04375 0.784375 0.046875 0.053125
0 0.62109375 0.8609375 0.115625 0.125
0 0.97421875 0.88515625 0.0515625 0.0765625
0 0.77421875 0.8890625 0.0375 0.040625
0 0.721875 0.9046875 0.05 0.059375
0 0.340625 0.95078125 0.10625 0.096875
0 0.49609375 0.08125 0.171875 0.1625
0 0.3578125 0.11015625 0.0375 0.0421875
0 0.275 0.11796875 0.053125 0.0578125