0 0.10234375 0.04765625 0.0484375 0.053125
0 0.471875 0.29609375 0.075 0.0796875
0 0.46171875 0.3671875 0.16875 0.1375
0 0.390625 0.3859375 0.0625 0.075
0 0.9609375 0.953125 0.0578125 0.0625
0 0.98984375 0.7328125 0.0203125 0.034375
0 0.9890625 0.728125 0.021875 0.040625
0 0.9703125 0.71875 0.0578125 0.0421875
0 0.98671875 0.66875 0.025 0.053125
0 0.98828125 0.5828125 0.0234375 0.046875
0 0.9890625 0.58125 0.021875 0.034375
0 0.98984375 0.61171875 0.0203125 0.053125
0 0.98984375 0.5546875 0.0203125 0.046875
0 0.98671875 0.3890625 0.025 0.053125
0 0.98828125 0.271875 0.0234375 0.0375
0 0.984375 0.0109375 0.03125 0.021875
0 0.98984375 0.0078125 0.0203125 0.015625
0 0.921875 0.28515625 0.053125 0.034375
0 0.984375 0.32265625 0.03125 0.0484375
0 0.76015625 0.98984375 0.046875 0.0203125
0 0.1546875 0.26484375 0.040625 0.0359375
0 0.31875 0.321875 0.0484375 0.0359375
0 0.38203125 0.24375 0.0609375 0.0359375
0 0.4046875 0.2859375 0.0640625 0.065625
0 0.13984375 0.67734375 0.046875 0.034375
0 0.24375 0.7546875 0.04375 0.040625
0 0.11015625 0.93203125 0.028125 0.028125
0 0.071875 0.884375 0.025 0.028125
0 0.3859375 0.67890625 0.053125 0.0421875
0 0.62421875 0.59375 0.04375 0.0359375
0 0.78984375 0.765625 0.04375 0.034375
0 0.98984375 0.84609375 0.0203125 0.03125