0 0.2296875 0.83984375 0.04609375 0.05390625
0 0.103125 0.79921875 0.03984375 0.04765625
0 0.659375 0.66875 0.071875 0.071875
0 0.659375 0.58515625 0.11171875 0.115625
0 0.5328125 0.5421875 0.04375 0.05
0 0.159375 0.51484375 0.07578125 0.0921875
0 0.628125 0.30234375 0.21015625 0.2296875
0 0.06015625 0.22109375 0.034375 0.03984375
0 0.95625 0.215625 0.04609375 0.05390625
0 0.37890625 0.1390625 0.115625 0.12421875
0 0.02578125 0.11328125 0.0515625 0.0765625
0 0.22578125 0.1109375 0.03828125 0.03984375
0 0.278125 0.0953125 0.05 0.06015625
0 0.659375 0.04921875 0.10625 0.09765625
0 0.50390625 0.91875 0.171875 0.16171875
0 0.6421875 0.88984375 0.03828125 0.0421875
0 0.725 0.88203125 0.05234375 0.0578125