0 0.009375 0.09375 0.01875 0.040625
0 0.15 0.01015625 0.05625 0.0203125
0 0.35703125 0.56015625 0.11875 0.1125
0 0.009375 0.096875 0.01875 0.046875
0 0.575 0.290625 0.046875 0.046875
0 0.8390625 0.2921875 0.046875 0.046875
0 0.903125 0.29296875 0.05 0.053125
0 0.01015625 0.01015625 0.0203125 0.0203125
0 0.0078125 0.00625 0.015625 0.0125
0 0.0078125 0.01015625 0.015625 0.0203125
0 0.01015625 0.0109375 0.0203125 0.021875
0 0.00625 0.00625 0.0125 0.0125
0 0.1578125 0.01875 0.090625 0.0375
0 0.0078125 0.0078125 0.015625 0.015625
0 0.05859375 0.01171875 0.0359375 0.0234375
0 0.06875 0.0078125 0.0296875 0.015625
0 0.20703125 0.01328125 0.0421875 0.025
0 0.23203125 0.0078125 0.03125 0.015625
0 0.34609375 0.0109375 0.04375 0.021875
0 0.16328125 0.38671875 0.046875 0.0578125
0 0.13671875 0.46484375 0.04375 0.053125
0 0.1640625 0.53125 0.05 0.046875
0 0.2390625 0.52890625 0.034375 0.046875
0 0.0109375 0.48671875 0.021875 0.05
0 0.009375 0.3703125 0.01875 0.04375
0 0.046875 0.153125 0.028125 0.034375
0 0.37734375 0.06796875 0.0625 0.0625
0 0.37421875 0.11328125 0.046875 0.046875
0 0.25 0.01171875 0.05 0.0234375
0 0.33984375 0.0109375 0.040625 0.021875
0 0.87734375 0.025 0.090625 0.05
0 0.871875 0.0296875 0.1 0.059375
0 0.959375 0.0078125 0.0375 0.015625
0 0.965625 0.009375 0.040625 0.01875
0 0.96796875 0.09375 0.0359375 0.053125
0 0.99296875 0.06484375 0.0140625 0.025
0 0.31796875 0.8953125 0.046875 0.046875
0 0.01484375 0.959375 0.0296875 0.078125
0 0.01015625 0.94296875 0.0203125 0.0703125
0 0.0109375 0.91875 0.021875 0.05
0 0.9109375 0.95390625 0.053125 0.04375
0 0.71015625 0.440625 0.0375 0.034375
0 0.55078125 0.35703125 0.028125 0.028125
0 0.46484375 0.51796875 0.0421875 0.03125
0 0.52109375 0.49296875 0.03125 0.040625
0 0.5828125 0.61328125 0.0375 0.053125
0 0.86484375 0.45625 0.046875 0.046875
0 0.23671875 0.2109375 0.0421875 0.040625