0 0.6390625 0.01015625 0.03828125 0.0203125
0 0.653125 0.16796875 0.078125 0.071875
0 0.86875 0.228125 0.05390625 0.06015625
0 0.68515625 0.29296875 0.165625 0.1421875
0 0.31484375 0.97890625 0.0421875 0.0421875
0 0.58203125 0.9609375 0.12421875 0.078125
0 0.4109375 0.028125 0.11015625 0.05625
0 0.24609375 0.434375 0.4921875 0.86796875
0 0.8546875 0.690625 0.28984375 0.61796875
0 0.7578125 0.7828125 0.07578125 0.0703125
0 0.8 0.02578125 0.046875 0.0515625
0 0.49296875 0.15390625 0.0578125 0.0578125