0 0.86015625 0.9796875 0.084375 0.03984375
0 0.64609375 0.99375 0.028125 0.01171875
0 0.57734375 0.99296875 0.02578125 0.0140625
0 0.61328125 0.99296875 0.02578125 0.0140625
0 0.83203125 0.99453125 0.0296875 0.0109375
0 0.9609375 0.2921875 0.03828125 0.034375
0 0.93515625 0.40234375 0.02578125 0.02421875
0 0.8828125 0.86484375 0.0140625 0.015625
0 0.96015625 0.82578125 0.015625 0.02421875
0 0.6453125 0.99375 0.021875 0.01171875
0 0.00625 0.284375 0.01171875 0.02421875
0 0.003125 0.22421875 0.00625 0.015625
0 0.003125 0.209375 0.00625 0.0140625
0 0.00390625 0.01796875 0.0078125 0.015625
0 0.69921875 0.996875 0.0140625 0.00625
0 0.4671875 0.996875 0.01796875 0.00625
0 0.4015625 0.99453125 0.025 0.0109375
0 0.175 0.609375 0.021875 0.01796875
0 0.0046875 0.85859375 0.009375 0.0296875