0 0.9890625 0.01015625 0.021875 0.0203125
0 0.98984375 0.02890625 0.0203125 0.0421875
0 0.990625 0.05703125 0.01875 0.0375
0 0.99375 0.14765625 0.0125 0.025
0 0.99375 0.17109375 0.0125 0.025
0 0.06875 0.209375 0.034375 0.0296875
0 0.1390625 0.23984375 0.0375 0.03125
0 0.8828125 0.2671875 0.0296875 0.034375
0 0.084375 0.35703125 0.0359375 0.034375
0 0.9859375 0.6171875 0.028125 0.046875
0 0.78125 0.6453125 0.05 0.0375
0 0.990625 0.70078125 0.01875 0.034375
0 0.9921875 0.71015625 0.015625 0.0359375
0 0.9890625 0.22578125 0.021875 0.0359375
0 0.99375 0.13984375 0.0125 0.028125
0 0.990625 0.071875 0.01875 0.0359375
0 0.990625 0.12421875 0.01875 0.0359375
0 0.98984375 0.009375 0.0203125 0.01875
0 0.959375 0.00703125 0.025 0.0140625
0 0.96328125 0.00625 0.0296875 0.0125
0 0.9203125 0.00390625 0.028125 0.0078125
0 0.921875 0.00703125 0.028125 0.0140625
0 0.98984375 0.0078125 0.0203125 0.015625
0 0.990625 0.00703125 0.01875 0.0140625
0 0.9921875 0.3078125 0.015625 0.028125
0 0.99609375 0.325 0.0078125 0.021875
0 0.9953125 0.3765625 0.009375 0.025
0 0.98984375 0.459375 0.0203125 0.034375
0 0.990625 0.35625 0.01875 0.0359375
0 0.990625 0.42421875 0.01875 0.0359375
0 0.98984375 0.59765625 0.0203125 0.0359375
0 0.9828125 0.68828125 0.034375 0.0640625
0 0.9859375 0.575 0.028125 0.0421875
0 0.990625 0.80703125 0.01875 0.046875
0 0.990625 0.79765625 0.01875 0.03125
0 0.98984375 0.796875 0.0203125 0.0296875
0 0.98828125 0.87890625 0.0234375 0.0421875
0 0.9953125 0.8078125 0.009375 0.04375
0 0.98828125 0.93125 0.0234375 0.03125
0 0.9921875 0.9890625 0.015625 0.021875
0 0.990625 0.990625 0.01875 0.01875
0 0.8328125 0.60625 0.040625 0.025
0 0.47109375 0.609375 0.0375 0.0359375
0 0.35703125 0.5453125 0.04375 0.0375
0 0.23203125 0.6578125 0.05 0.05
0 0.4078125 0.9875 0.05 0.025
0 0.02109375 0.05625 0.0421875 0.04375
0 0.1859375 0.0109375 0.046875 0.021875
0 0.2046875 0.00703125 0.0375 0.0140625
0 0.825 0.1546875 0.046875 0.0421875
0 0.93125 0.59296875 0.046875 0.046875
0 0.72109375 0.90390625 0.0359375 0.0296875
0 0.96171875 0.85625 0.0625 0.05
0 0.98515625 0.775 0.0296875 0.046875
0 0.90546875 0.0046875 0.0265625 0.009375
0 0.82421875 0.02734375 0.040625 0.0359375
0 0.990625 0.29765625 0.01875 0.03125
0 0.99375 0.31796875 0.0125 0.028125
0 0.64765625 0.15 0.028125 0.034375
0 0.625 0.1546875 0.028125 0.034375
0 0.6796875 0.1671875 0.0296875 0.025
0 0.6203125 0.2453125 0.034375 0.0296875
0 0.29765625 0.3109375 0.040625 0.0421875
0 0.26875 0.30078125 0.059375 0.021875
0 0.2859375 0.29296875 0.053125 0.0375
0 0.371875 0.0828125 0.0359375 0.034375
0 0.30625 0.0328125 0.0296875 0.025
0 0.3578125 0.08984375 0.021875 0.0140625
0 0.4671875 0.34921875 0.034375 0.021875
0 0.2859375 0.40078125 0.053125 0.0375
0 0.596875 0.353125 0.028125 0.025
0 0.74609375 0.503125 0.071875 0.059375
0 0.6859375 0.40625 0.04375 0.040625
0 0.79296875 0.3609375 0.0203125 0.0203125
0 0.7546875 0.41796875 0.021875 0.0140625
0 0.965625 0.29921875 0.025 0.021875
0 0.99296875 0.22734375 0.0140625 0.025
0 0.99375 0.52421875 0.0125 0.0203125
0 0.3921875 0.91015625 0.028125 0.025
0 0.3359375 0.96171875 0.025 0.025
0 0.32265625 0.978125 0.025 0.0203125
0 0.3890625 0.83515625 0.040625 0.0296875
0 0.48203125 0.75 0.053125 0.0359375
0 0.459375 0.646875 0.028125 0.025
0 0.36484375 0.853125 0.01875 0.0203125
0 0.37578125 0.8390625 0.025 0.025
0 0.37421875 0.8578125 0.028125 0.021875
0 0.3921875 0.8578125 0.025 0.025
0 0.2921875 0.87734375 0.025 0.0203125
0 0.03515625 0.7390625 0.0203125 0.0296875
0 0.03671875 0.76171875 0.025 0.025
0 0.10703125 0.98671875 0.0203125 0.021875
0 0.234375 0.878125 0.0296875 0.0296875
0 0.71484375 0.7609375 0.04375 0.0359375
0 0.98828125 0.69609375 0.021875 0.01875
0 0.9953125 0.84609375 0.009375 0.0203125
0 0.99296875 0.8046875 0.0140625 0.021875
0 0.0671875 0.68125 0.0640625 0.05
0 0.51484375 0.00390625 0.021875 0.0078125
0 0.64921875 0.00703125 0.0296875 0.0140625
0 0.6859375 0.00390625 0.025 0.0078125
0 0.9953125 0.91875 0.009375 0.021875
0 0.99296875 0.94765625 0.0140625 0.025
0 0.9921875 0.95703125 0.015625 0.025
0 0.99296875 0.9796875 0.0140625 0.03125