0 0.92109375 0.47265625 0.1375 0.11875
0 0.93515625 0.09609375 0.1296875 0.1921875
0 0.15625 0.975 0.1203125 0.05
0 0.83125 0.9375 0.253125 0.125
0 0.95546875 0.96015625 0.0890625 0.0796875
0 0.94765625 0.95 0.103125 0.1
0 0.05078125 0.95390625 0.1015625 0.0921875
0 0.303125 0.97265625 0.134375 0.053125
0 0.953125 0.9546875 0.09375 0.090625
0 0.3953125 0.96953125 0.14375 0.0609375
0 0.93984375 0.946875 0.1203125 0.10625
0 0.96015625 0.82421875 0.0796875 0.153125
0 0.6203125 0.546875 0.3875 0.321875