0 0.13984375 0.0203125 0.084375 0.040625
0 0.35390625 0.00625 0.028125 0.0125
0 0.42265625 0.00703125 0.025 0.0140625
0 0.38671875 0.00703125 0.025 0.0140625
0 0.16796875 0.0046875 0.0296875 0.009375
0 0.0390625 0.7078125 0.0375 0.034375
0 0.06484375 0.59765625 0.025 0.025
0 0.1171875 0.13515625 0.0140625 0.015625
0 0.03984375 0.17421875 0.015625 0.025
0 0.3546875 0.00625 0.021875 0.0125
0 0.99375 0.715625 0.0125 0.025
0 0.996875 0.77578125 0.00625 0.015625
0 0.996875 0.790625 0.00625 0.0140625
0 0.99609375 0.98203125 0.0078125 0.015625
0 0.30078125 0.003125 0.0140625 0.00625
0 0.5328125 0.003125 0.01875 0.00625
0 0.5984375 0.0046875 0.025 0.009375
0 0.825 0.390625 0.021875 0.01875
0 0.9953125 0.13984375 0.009375 0.0296875