0 0.9796875 0.86015625 0.040625 0.084375
0 0.99375 0.64609375 0.0125 0.028125
0 0.99296875 0.57734375 0.0140625 0.025
0 0.99296875 0.61328125 0.0140625 0.025
0 0.9953125 0.83203125 0.009375 0.0296875
0 0.2921875 0.9609375 0.034375 0.0375
0 0.40234375 0.93515625 0.025 0.0265625
0 0.86484375 0.8828125 0.015625 0.0140625
0 0.82578125 0.96015625 0.025 0.015625
0 0.99375 0.6453125 0.0125 0.021875
0 0.284375 0.00625 0.025 0.0125
0 0.22421875 0.003125 0.015625 0.00625
0 0.209375 0.003125 0.0140625 0.00625
0 0.01796875 0.00390625 0.015625 0.0078125
0 0.996875 0.69921875 0.00625 0.0140625
0 0.996875 0.4671875 0.00625 0.01875
0 0.9953125 0.4015625 0.009375 0.025
0 0.609375 0.175 0.01875 0.021875
0 0.86015625 0.0046875 0.0296875 0.009375