0 0.15 0.015625 0.065625 0.03125
0 0.98359375 0.0140625 0.0328125 0.028125
0 0.175 0.62890625 0.0578125 0.06171875
0 0.98984375 0.0078125 0.0203125 0.015625
0 0.99296875 0.00703125 0.0140625 0.0140625
0 0.91171875 0.11015625 0.04375 0.04375
0 0.990625 0.09765625 0.01796875 0.03203125
0 0.52421875 0.24375 0.05234375 0.0421875
0 0.91328125 0.35390625 0.05390625 0.04609375
0 0.9921875 0.4078125 0.015625 0.0203125
0 0.9890625 0.440625 0.021875 0.034375
0 0.9828125 0.015625 0.034375 0.03125
0 0.98984375 0.00703125 0.0203125 0.0140625
0 0.99375 0.00625 0.01171875 0.01171875
0 0.99375 0.05625 0.01171875 0.02421875
0 0.99375 0.28984375 0.01171875 0.02421875
0 0.99453125 0.30546875 0.0109375 0.0203125
0 0.9921875 0.40390625 0.015625 0.028125
0 0.99296875 0.29765625 0.0140625 0.03203125
0 0.9890625 0.68828125 0.021875 0.04765625
0 0.99296875 0.79296875 0.0140625 0.034375
0 0.9796875 0.93828125 0.03984375 0.07578125
0 0.98984375 0.921875 0.0203125 0.04375
0 0.9921875 0.93125 0.015625 0.02578125
0 0.1453125 0.56875 0.034375 0.03203125
0 0.12109375 0.69296875 0.03828125 0.05
0 0.040625 0.79609375 0.034375 0.02578125
0 0.659375 0.75390625 0.05 0.03828125
0 0.790625 0.775 0.034375 0.0359375
0 0.96796875 0.74921875 0.03203125 0.02578125
0 0.83984375 0.453125 0.028125 0.02421875
0 0.84296875 0.4953125 0.02578125 0.028125
0 0.634375 0.48125 0.034375 0.03828125
0 0.621875 0.57734375 0.034375 0.021875
0 0.5109375 0.7 0.05625 0.0421875
0 0.521875 0.56328125 0.05 0.03984375
0 0.44296875 0.56875 0.04375 0.034375
0 0.35625 0.1203125 0.04609375 0.04609375
0 0.715625 0.7859375 0.04375 0.0421875
0 0.57578125 0.87578125 0.06171875 0.05
0 0.7609375 0.18125 0.034375 0.03984375
0 0.1171875 0.00390625 0.021875 0.0078125
0 0.121875 0.228125 0.0703125 0.0421875
0 0.046875 0.24921875 0.02421875 0.034375
0 0.18125 0.2078125 0.0359375 0.034375