0 0.09375 0.990625 0.040625 0.01875
0 0.01015625 0.85 0.0203125 0.05625
0 0.56015625 0.64296875 0.1125 0.11875
0 0.096875 0.990625 0.046875 0.01875
0 0.290625 0.425 0.046875 0.046875
0 0.2921875 0.1609375 0.046875 0.046875
0 0.29296875 0.096875 0.053125 0.05
0 0.01015625 0.98984375 0.0203125 0.0203125
0 0.00625 0.9921875 0.0125 0.015625
0 0.01015625 0.9921875 0.0203125 0.015625
0 0.0109375 0.98984375 0.021875 0.0203125
0 0.00625 0.99375 0.0125 0.0125
0 0.01875 0.84375 0.0375 0.090625
0 0.0078125 0.9921875 0.015625 0.015625
0 0.01171875 0.94296875 0.0234375 0.0359375
0 0.0078125 0.93125 0.015625 0.0296875
0 0.01328125 0.79296875 0.025 0.0421875
0 0.0078125 0.76796875 0.015625 0.03125
0 0.0109375 0.65390625 0.021875 0.04375
0 0.38671875 0.83671875 0.0578125 0.046875
0 0.46484375 0.86328125 0.053125 0.04375
0 0.53125 0.8359375 0.046875 0.05
0 0.52890625 0.7609375 0.046875 0.034375
0 0.48671875 0.9890625 0.05 0.021875
0 0.3703125 0.990625 0.04375 0.01875
0 0.153125 0.953125 0.034375 0.028125
0 0.06796875 0.62265625 0.0625 0.0625
0 0.11328125 0.62578125 0.046875 0.046875
0 0.01171875 0.7515625 0.0234375 0.05
0 0.0109375 0.66015625 0.021875 0.040625
0 0.025 0.12265625 0.05 0.090625
0 0.0296875 0.128125 0.059375 0.1
0 0.0078125 0.040625 0.015625 0.0375
0 0.009375 0.034375 0.01875 0.040625
0 0.09375 0.03203125 0.053125 0.0359375
0 0.06484375 0.00703125 0.025 0.0140625
0 0.8953125 0.68203125 0.046875 0.046875
0 0.959375 0.98515625 0.078125 0.0296875
0 0.94296875 0.98984375 0.0703125 0.0203125
0 0.91875 0.9890625 0.05 0.021875
0 0.95390625 0.0890625 0.04375 0.053125
0 0.440625 0.28984375 0.034375 0.0375
0 0.35703125 0.44921875 0.028125 0.028125
0 0.51796875 0.53515625 0.03125 0.0421875
0 0.49296875 0.47890625 0.040625 0.03125
0 0.61328125 0.4171875 0.053125 0.0375
0 0.45625 0.13515625 0.046875 0.046875
0 0.2109375 0.76328125 0.040625 0.0421875