0 0.378125 0.8859375 0.084375 0.071875
0 0.3828125 0.80234375 0.046875 0.053125
0 0.53125 0.7796875 0.05 0.0640625
0 0.4421875 0.76875 0.0359375 0.0421875
0 0.33203125 0.53671875 0.05625 0.053125
0 0.18125 0.49296875 0.040625 0.03125
0 0.309375 0.4453125 0.0375 0.034375
0 0.2296875 0.428125 0.0359375 0.046875
0 0.3859375 0.38125 0.04375 0.053125
0 0.86796875 0.359375 0.2078125 0.246875
0 0.31171875 0.19609375 0.05625 0.0640625
0 0.51171875 0.0546875 0.040625 0.0421875
0 0.0078125 0.56875 0.015625 0.0296875
0 0.0078125 0.56875 0.015625 0.0296875
0 0.03203125 0.42265625 0.0296875 0.025
0 0.1609375 0.53828125 0.025 0.021875
0 0.1640625 0.56796875 0.025 0.025
0 0.2671875 0.51171875 0.04375 0.034375
0 0.4109375 0.5 0.04375 0.0375
0 0.43671875 0.484375 0.0296875 0.0296875
0 0.5328125 0.540625 0.0359375 0.0421875
0 0.4171875 0.47265625 0.01875 0.015625
0 0.46484375 0.353125 0.0421875 0.0375
0 0.609375 0.3203125 0.0359375 0.0296875
0 0.5296875 0.30625 0.025 0.021875
0 0.43125 0.290625 0.040625 0.03125
0 0.31015625 0.34296875 0.046875 0.0359375
0 0.27890625 0.27734375 0.03125 0.0296875
0 0.28671875 0.15390625 0.01875 0.025
0 0.4421875 0.16484375 0.0203125 0.021875
0 0.4671875 0.14375 0.040625 0.0359375
0 0.44609375 0.1109375 0.025 0.01875
0 0.4296875 0.1140625 0.028125 0.015625
0 0.4921875 0.1078125 0.025 0.028125
0 0.47890625 0.03125 0.025 0.025
0 0.38671875 0.0578125 0.0296875 0.0296875
0 0.82734375 0.38671875 0.040625 0.0421875
0 0.87578125 0.53828125 0.0296875 0.021875
0 0.92890625 0.540625 0.028125 0.025
0 0.6609375 0.63671875 0.0203125 0.0203125
0 0.18828125 0.71171875 0.0296875 0.0296875
0 0.2078125 0.7296875 0.028125 0.034375
0 0.1140625 0.746875 0.025 0.0203125
0 0.121875 0.840625 0.025 0.021875
0 0.12265625 0.8203125 0.0203125 0.0140625
0 0.07734375 0.934375 0.015625 0.0203125
0 0.08203125 0.9796875 0.03125 0.03125
0 0.278125 0.99296875 0.028125 0.0140625
0 0.3875 0.99453125 0.028125 0.0109375
0 0.2546875 0.99296875 0.021875 0.0140625
0 0.175 0.99453125 0.028125 0.0109375
0 0.08828125 0.99375 0.03125 0.0125
0 0.046875 0.99453125 0.025 0.0109375
0 0.01015625 0.98984375 0.0203125 0.0203125
0 0.0078125 0.990625 0.015625 0.01875
0 0.0046875 0.35234375 0.009375 0.0171875
0 0.0890625 0.246875 0.025 0.028125
0 0.1421875 0.23125 0.025 0.0203125
0 0.14296875 0.215625 0.028125 0.021875
0 0.134375 0.21015625 0.0203125 0.03125
0 0.0421875 0.17265625 0.021875 0.0203125
0 0.01015625 0.2109375 0.0203125 0.0296875
0 0.0078125 0.1703125 0.015625 0.025
0 0.00703125 0.16328125 0.0140625 0.0296875
0 0.0109375 0.16015625 0.021875 0.03125
0 0.00625 0.01328125 0.0125 0.025
0 0.92421875 0.10390625 0.025 0.028125
0 0.8453125 0.99296875 0.0296875 0.0140625
0 0.71171875 0.971875 0.0359375 0.03125
0 0.72421875 0.95078125 0.040625 0.0296875
0 0.87734375 0.9921875 0.034375 0.015625
0 0.9140625 0.990625 0.0359375 0.01875
0 0.93125 0.9921875 0.034375 0.015625
0 0.990625 0.990625 0.01875 0.01875
0 0.925 0.99375 0.025 0.0125
0 0.82109375 0.99296875 0.025 0.0140625