0 0.78515625 0.5578125 0.4296875 0.884375
0 0.9609375 0.96484375 0.078125 0.0703125
0 0.3390625 0.1890625 0.06796875 0.06171875
0 0.08515625 0.428125 0.0203125 0.0203125
0 0.06796875 0.43828125 0.0203125 0.01796875
0 0.06796875 0.415625 0.01796875 0.01796875
0 0.04765625 0.37578125 0.02578125 0.02421875
0 0.08828125 0.38125 0.015625 0.0140625
0 0.99296875 0.15078125 0.0140625 0.02578125
0 0.99375 0.009375 0.01171875 0.01796875
0 0.4859375 0.00625 0.0359375 0.01171875
0 0.5328125 0.05390625 0.028125 0.028125
0 0.47421875 0.040625 0.03203125 0.0359375
0 0.68125 0.98984375 0.0421875 0.0203125
0 0.78125 0.94765625 0.03828125 0.0421875
0 0.784375 0.815625 0.0421875 0.03828125
0 0.7671875 0.8796875 0.03203125 0.03984375
0 0.73984375 0.81796875 0.03828125 0.0421875
0 0.89609375 0.99296875 0.028125 0.0140625
0 0.84296875 0.9875 0.0515625 0.025
0 0.1171875 0.24765625 0.05234375 0.05
0 0.17421875 0.9921875 0.0359375 0.015625
0 0.77890625 0.0046875 0.0359375 0.009375
0 0.375 0.96328125 0.0359375 0.03203125
0 0.025 0.9890625 0.05 0.021875
0 0.034375 0.640625 0.03984375 0.03984375