0 0.07890625 0.52734375 0.13828125 0.11796875
0 0.06484375 0.90390625 0.1296875 0.1921875
0 0.84375 0.025 0.1203125 0.05
0 0.1671875 0.06171875 0.253125 0.1234375
0 0.04375 0.03984375 0.0875 0.0796875
0 0.05234375 0.05 0.10390625 0.1
0 0.9484375 0.04609375 0.103125 0.0921875
0 0.696875 0.02734375 0.134375 0.05390625
0 0.046875 0.0453125 0.09375 0.08984375
0 0.603125 0.0296875 0.14375 0.059375
0 0.06015625 0.053125 0.1203125 0.10625
0 0.03984375 0.17578125 0.0796875 0.15234375
0 0.3796875 0.453125 0.38828125 0.321875