0 0.40625 0.06171875 0.046875 0.0625
0 0.45703125 0.0125 0.0484375 0.025
0 0.43671875 0.0078125 0.0296875 0.015625
0 0.53671875 0.01015625 0.0375 0.0203125
0 0.51171875 0.0078125 0.0359375 0.015625
0 0.6328125 0.01484375 0.0625 0.0296875
0 0.5828125 0.0109375 0.05 0.021875
0 0.51171875 0.01015625 0.04375 0.0203125
0 0.30703125 0.415625 0.04375 0.0421875
0 0.93125 0.0203125 0.0703125 0.040625
0 0.80234375 0.01640625 0.0609375 0.0328125
0 0.86796875 0.0125 0.0453125 0.025
0 0.85625 0.01328125 0.059375 0.025
0 0.78984375 0.07265625 0.05 0.046875
0 0.6359375 0.09375 0.065625 0.08125
0 0.61796875 0.0109375 0.040625 0.021875
0 0.0203125 0.23984375 0.040625 0.071875
0 0.01015625 0.01015625 0.0203125 0.0203125