0 0.378125 0.1140625 0.084375 0.071875
0 0.3828125 0.19765625 0.04609375 0.05234375
0 0.53125 0.2203125 0.05 0.0640625
0 0.4421875 0.23125 0.0359375 0.0421875
0 0.33203125 0.46328125 0.05625 0.05390625
0 0.18125 0.50703125 0.03984375 0.03203125
0 0.309375 0.5546875 0.03828125 0.034375
0 0.2296875 0.571875 0.0359375 0.04765625
0 0.3859375 0.61875 0.04375 0.05390625
0 0.86796875 0.640625 0.2078125 0.24609375
0 0.31171875 0.80390625 0.05625 0.0640625
0 0.51171875 0.9453125 0.03984375 0.0421875
0 0.0078125 0.43125 0.015625 0.0296875
0 0.0078125 0.43125 0.015625 0.0296875
0 0.03203125 0.57734375 0.0296875 0.02421875
0 0.1609375 0.46171875 0.02421875 0.021875
0 0.1640625 0.43203125 0.02578125 0.02421875
0 0.2671875 0.48828125 0.04375 0.034375
0 0.4109375 0.5 0.04375 0.03828125
0 0.43671875 0.515625 0.0296875 0.0296875
0 0.5328125 0.459375 0.0359375 0.0421875
0 0.4171875 0.52734375 0.01796875 0.015625
0 0.46484375 0.646875 0.0421875 0.03828125
0 0.609375 0.6796875 0.0359375 0.0296875
0 0.5296875 0.69375 0.02421875 0.021875
0 0.43125 0.709375 0.03984375 0.03203125
0 0.31015625 0.65703125 0.04609375 0.0359375
0 0.27890625 0.72265625 0.03203125 0.0296875
0 0.28671875 0.84609375 0.01796875 0.02421875
0 0.4421875 0.83515625 0.0203125 0.021875
0 0.4671875 0.85625 0.03984375 0.0359375
0 0.44609375 0.8890625 0.02421875 0.01796875
0 0.4296875 0.8859375 0.028125 0.015625
0 0.4921875 0.8921875 0.02421875 0.028125
0 0.47890625 0.96875 0.02421875 0.02578125
0 0.38671875 0.9421875 0.0296875 0.0296875
0 0.82734375 0.61328125 0.03984375 0.0421875
0 0.87578125 0.46171875 0.0296875 0.021875
0 0.92890625 0.459375 0.028125 0.02578125
0 0.6609375 0.36328125 0.0203125 0.0203125
0 0.18828125 0.28828125 0.0296875 0.0296875
0 0.2078125 0.2703125 0.028125 0.034375
0 0.1140625 0.253125 0.02578125 0.0203125
0 0.121875 0.159375 0.02578125 0.021875
0 0.12265625 0.1796875 0.0203125 0.0140625
0 0.07734375 0.065625 0.015625 0.0203125
0 0.08203125 0.0203125 0.03203125 0.03203125
0 0.278125 0.00703125 0.028125 0.0140625
0 0.3875 0.0046875 0.028125 0.009375
0 0.2546875 0.00703125 0.021875 0.0140625
0 0.175 0.0046875 0.028125 0.009375
0 0.08828125 0.00625 0.03203125 0.01171875
0 0.046875 0.0046875 0.025 0.009375
0 0.01015625 0.01015625 0.0203125 0.0203125
0 0.0078125 0.009375 0.015625 0.01796875
0 0.0046875 0.64609375 0.009375 0.0171875
0 0.0890625 0.753125 0.02421875 0.028125
0 0.1421875 0.76875 0.02578125 0.0203125
0 0.14296875 0.784375 0.028125 0.021875
0 0.134375 0.78984375 0.0203125 0.03203125
0 0.0421875 0.82734375 0.021875 0.0203125
0 0.01015625 0.7890625 0.0203125 0.0296875
0 0.0078125 0.8296875 0.015625 0.02421875
0 0.00703125 0.83671875 0.0140625 0.0296875
0 0.0109375 0.83984375 0.021875 0.03203125
0 0.00625 0.98671875 0.01171875 0.02578125
0 0.92421875 0.89609375 0.02421875 0.028125
0 0.8453125 0.00703125 0.0296875 0.0140625
0 0.71171875 0.028125 0.0359375 0.03203125
0 0.72421875 0.04921875 0.03984375 0.0296875
0 0.87734375 0.0078125 0.034375 0.015625
0 0.9140625 0.009375 0.0359375 0.01796875
0 0.93125 0.0078125 0.034375 0.015625
0 0.990625 0.009375 0.01796875 0.01796875
0 0.925 0.00625 0.02578125 0.01171875
0 0.82109375 0.00703125 0.02578125 0.0140625