0 0.89765625 0.95234375 0.046875 0.053125
0 0.528125 0.70390625 0.075 0.0796875
0 0.53828125 0.6328125 0.16875 0.1375
0 0.609375 0.6140625 0.0625 0.075
0 0.0390625 0.046875 0.0578125 0.0625
0 0.01015625 0.2671875 0.0203125 0.034375
0 0.0109375 0.271875 0.021875 0.040625
0 0.0296875 0.28125 0.0578125 0.0421875
0 0.01328125 0.33125 0.025 0.053125
0 0.01171875 0.41875 0.0234375 0.046875
0 0.0109375 0.41875 0.021875 0.034375
0 0.01015625 0.38828125 0.0203125 0.053125
0 0.01015625 0.4453125 0.0203125 0.046875
0 0.01328125 0.6109375 0.025 0.053125
0 0.01171875 0.7296875 0.0234375 0.0375
0 0.015625 0.9890625 0.03125 0.021875
0 0.01015625 0.9921875 0.0203125 0.015625
0 0.078125 0.71484375 0.053125 0.034375
0 0.015625 0.67890625 0.03125 0.0484375
0 0.23984375 0.01015625 0.046875 0.0203125
0 0.8453125 0.73515625 0.040625 0.0359375
0 0.68125 0.678125 0.046875 0.0359375
0 0.61796875 0.75625 0.059375 0.0359375
0 0.5953125 0.7140625 0.0640625 0.065625
0 0.86015625 0.32265625 0.046875 0.034375
0 0.75625 0.2453125 0.04375 0.040625
0 0.88984375 0.06796875 0.028125 0.028125
0 0.928125 0.115625 0.025 0.028125
0 0.6140625 0.32109375 0.053125 0.0421875
0 0.37578125 0.40625 0.04375 0.0359375
0 0.21015625 0.234375 0.04375 0.034375
0 0.01015625 0.15390625 0.0203125 0.03125