0 0.62734375 0.025 0.07421875 0.05
0 0.9921875 0.22578125 0.015625 0.03203125
0 0.85625 0.01328125 0.04375 0.02578125
0 0.3953125 0.23515625 0.05 0.0421875
0 0.0109375 0.11015625 0.021875 0.03984375
0 0.0109375 0.0078125 0.021875 0.015625
0 0.00703125 0.003125 0.0140625 0.00625
0 0.17421875 0.00703125 0.028125 0.0140625
0 0.3140625 0.00703125 0.028125 0.0140625
0 0.05390625 0.0046875 0.0265625 0.009375
0 0.08984375 0.00625 0.0359375 0.01171875
0 0.85078125 0.50703125 0.0421875 0.034375
0 0.971875 0.7828125 0.03984375 0.0296875
0 0.0078125 0.946875 0.015625 0.034375