0 0.06171875 0.40625 0.06171875 0.04765625
0 0.01171875 0.45703125 0.0234375 0.0484375
0 0.0078125 0.43671875 0.015625 0.0296875
0 0.01015625 0.53671875 0.0203125 0.03828125
0 0.0078125 0.51171875 0.015625 0.0359375
0 0.01484375 0.6328125 0.0296875 0.06171875
0 0.0109375 0.5828125 0.021875 0.05
0 0.01015625 0.51171875 0.0203125 0.04375
0 0.415625 0.30703125 0.0421875 0.04375
0 0.0203125 0.93125 0.03984375 0.0703125
0 0.015625 0.80234375 0.03125 0.0609375
0 0.01171875 0.86796875 0.0234375 0.0453125
0 0.01328125 0.85625 0.02578125 0.06015625
0 0.07265625 0.78984375 0.04609375 0.05
0 0.09375 0.6359375 0.08203125 0.065625
0 0.0109375 0.61796875 0.021875 0.03984375
0 0.23984375 0.0203125 0.071875 0.03984375
0 0.01015625 0.01015625 0.0203125 0.0203125