0 0.06484375 0.94296875 0.1296875 0.1140625
0 0.8828125 0.8796875 0.234375 0.240625
0 0.91796875 0.92265625 0.1640625 0.153125
0 0.8578125 0.85390625 0.284375 0.2921875
0 0.875 0.88984375 0.25 0.2203125
0 0.68984375 0.928125 0.2875 0.14375
0 0.98515625 0.98359375 0.0296875 0.0328125
0 0.98125 0.98515625 0.0375 0.0296875
0 0.98828125 0.9875 0.0234375 0.025
0 0.9828125 0.9859375 0.034375 0.028125
0 0.9796875 0.98515625 0.040625 0.0296875
0 0.98828125 0.9890625 0.0234375 0.021875
0 0.9828125 0.98515625 0.034375 0.0296875
0 0.98984375 0.99296875 0.0203125 0.0140625
0 0.9921875 0.99375 0.015625 0.0125
0 0.9921875 0.9921875 0.015625 0.015625
0 0.9859375 0.98515625 0.028125 0.0296875
0 0.98984375 0.9921875 0.0203125 0.015625
0 0.9890625 0.9921875 0.021875 0.015625
0 0.99296875 0.99375 0.0140625 0.0125
0 0.9921875 0.990625 0.015625 0.01875
0 0.99296875 0.99296875 0.0140625 0.0140625
0 0.98828125 0.98984375 0.0234375 0.0203125
0 0.98671875 0.98984375 0.025 0.0203125
0 0.9890625 0.9921875 0.021875 0.015625
0 0.9890625 0.98984375 0.021875 0.0203125
0 0.98984375 0.9921875 0.0203125 0.015625
0 0.9859375 0.9875 0.028125 0.025
0 0.98828125 0.9875 0.0234375 0.025
0 0.98828125 0.98984375 0.0234375 0.0203125
0 0.9921875 0.99296875 0.015625 0.0140625
0 0.98828125 0.98984375 0.0234375 0.0171875
0 0.98984375 0.99375 0.0203125 0.0125
0 0.98203125 0.98671875 0.0359375 0.025
0 0.98125 0.98359375 0.0375 0.0328125
0 0.9859375 0.990625 0.028125 0.01875
0 0.99375 0.99375 0.0125 0.0125
0 0.99453125 0.99453125 0.0109375 0.0109375
0 0.99296875 0.99296875 0.0140625 0.0140625
0 0.990625 0.990625 0.01875 0.01875
0 0.9796875 0.9828125 0.040625 0.034375
0 0.9875 0.9875 0.025 0.025
0 0.990625 0.990625 0.01875 0.01875
0 0.9890625 0.990625 0.021875 0.01875
0 0.98828125 0.98984375 0.0234375 0.0171875
0 0.9921875 0.99296875 0.015625 0.0140625
0 0.99296875 0.9921875 0.0140625 0.015625
0 0.98671875 0.9890625 0.025 0.021875
0 0.9921875 0.99296875 0.015625 0.0140625
0 0.9890625 0.990625 0.021875 0.01875
0 0.98515625 0.9875 0.0296875 0.025
0 0.98515625 0.9859375 0.0296875 0.028125
0 0.98671875 0.98515625 0.025 0.0296875
0 0.984375 0.9890625 0.03125 0.021875
0 0.98828125 0.9890625 0.0234375 0.021875
0 0.9859375 0.9890625 0.028125 0.021875
0 0.9890625 0.98984375 0.021875 0.0203125
0 0.990625 0.9921875 0.01875 0.015625
0 0.98125 0.98203125 0.0375 0.0359375
0 0.9890625 0.990625 0.021875 0.01875
0 0.953125 0.9609375 0.09375 0.078125
0 0.98125 0.80390625 0.0375 0.0734375
0 0.984375 0.82109375 0.03125 0.0515625
0 0.98671875 0.75234375 0.025 0.04375
0 0.98828125 0.7421875 0.0234375 0.04375
0 0.98515625 0.721875 0.0296875 0.059375
0 0.9828125 0.678125 0.034375 0.046875
0 0.98828125 0.63828125 0.0234375 0.0390625
0 0.98515625 0.6453125 0.0296875 0.0625
0 0.9890625 0.63203125 0.021875 0.046875
0 0.990625 0.59296875 0.01875 0.0296875
0 0.9796875 0.42890625 0.040625 0.053125
0 0.9890625 0.49375 0.021875 0.04375
0 0.990625 0.465625 0.01875 0.040625
0 0.98984375 0.4921875 0.0203125 0.04375
0 0.98515625 0.678125 0.0296875 0.06875
0 0.9890625 0.39296875 0.021875 0.034375
0 0.984375 0.29296875 0.03125 0.0703125
0 0.9890625 0.34765625 0.021875 0.03125
0 0.9828125 0.20625 0.034375 0.04375
0 0.95703125 0.171875 0.0859375 0.1359375
0 0.98671875 0.26796875 0.025 0.05625
0 0.98984375 0.26015625 0.0203125 0.03125
0 0.9890625 0.33828125 0.021875 0.0359375
0 0.98671875 0.4046875 0.025 0.0421875
0 0.984375 0.109375 0.03125 0.05625
0 0.9890625 0.06328125 0.021875 0.0296875
0 0.99296875 0.015625 0.0140625 0.0203125
0 0.9921875 0.02421875 0.015625 0.028125
0 0.990625 0.00703125 0.01875 0.0140625
0 0.9921875 0.05703125 0.015625 0.025
0 0.984375 0.98515625 0.03125 0.0296875
0 0.990625 0.9921875 0.01875 0.015625
0 0.9921875 0.99453125 0.015625 0.0109375
0 0.990625 0.990625 0.01875 0.01875
0 0.9921875 0.99453125 0.015625 0.0109375
0 0.98984375 0.9921875 0.0203125 0.015625
0 0.990625 0.9921875 0.01875 0.015625
0 0.98984375 0.99296875 0.0203125 0.0140625
0 0.990625 0.99375 0.01875 0.0125
0 0.99296875 0.9921875 0.0140625 0.015625
0 0.9890625 0.98984375 0.021875 0.0203125
0 0.98984375 0.990625 0.0203125 0.01875
0 0.9890625 0.9875 0.021875 0.025
0 0.9890625 0.990625 0.021875 0.01875
0 0.98984375 0.98984375 0.0203125 0.0203125
0 0.98828125 0.98515625 0.0234375 0.0296875
0 0.9890625 0.98984375 0.021875 0.0203125
0 0.971875 0.98046875 0.05625 0.0390625
0 0.98984375 0.99375 0.0203125 0.0125
0 0.99296875 0.99296875 0.0140625 0.0140625
0 0.98984375 0.9921875 0.0203125 0.015625
0 0.98828125 0.98984375 0.0234375 0.0171875
0 0.99296875 0.990625 0.0140625 0.01875
0 0.98828125 0.9859375 0.0234375 0.025
0 0.98828125 0.98984375 0.0234375 0.0171875
0 0.98828125 0.98984375 0.0234375 0.0203125
0 0.98984375 0.9921875 0.0203125 0.015625
0 0.98828125 0.98984375 0.0234375 0.0203125
0 0.9890625 0.98984375 0.021875 0.0203125
0 0.9890625 0.98984375 0.021875 0.0203125
0 0.98671875 0.990625 0.025 0.01875
0 0.92109375 0.9890625 0.05 0.021875
0 0.915625 0.98984375 0.04375 0.0203125
0 0.896875 0.99296875 0.034375 0.0140625
0 0.98515625 0.9890625 0.0296875 0.021875
0 0.9859375 0.9875 0.028125 0.025
0 0.67265625 0.9875 0.0609375 0.025
0 0.403125 0.9890625 0.046875 0.021875
0 0.3609375 0.9890625 0.0625 0.021875
0 0.39609375 0.9859375 0.05625 0.028125
0 0.3359375 0.9859375 0.06875 0.028125
0 0.31484375 0.98671875 0.053125 0.025
0 0.371875 0.98359375 0.075 0.0328125
0 0.0375 0.9875 0.0625 0.025
0 0.14375 0.978125 0.103125 0.04375
0 0.2328125 0.99375 0.0375 0.0125
0 0.6328125 0.9828125 0.0703125 0.034375
0 0.71953125 0.9875 0.0546875 0.025
0 0.9796875 0.9859375 0.040625 0.028125
0 0.98828125 0.9890625 0.0234375 0.021875
0 0.98984375 0.990625 0.0203125 0.01875
0 0.98125 0.98203125 0.0375 0.0359375
0 0.9859375 0.9875 0.028125 0.025
0 0.98671875 0.990625 0.025 0.01875
0 0.990625 0.98984375 0.01875 0.0203125
0 0.990625 0.9890625 0.01875 0.021875
0 0.9828125 0.9875 0.034375 0.025
0 0.98828125 0.9890625 0.0234375 0.021875
0 0.9859375 0.9875 0.028125 0.025
0 0.98984375 0.99296875 0.0203125 0.0140625
0 0.9890625 0.9921875 0.021875 0.015625
0 0.98828125 0.98984375 0.0234375 0.0171875
0 0.9921875 0.99296875 0.015625 0.0140625
0 0.98671875 0.9890625 0.025 0.021875
0 0.99296875 0.98984375 0.0140625 0.0203125
0 0.990625 0.9921875 0.01875 0.015625
0 0.9890625 0.9921875 0.021875 0.015625
0 0.98515625 0.9859375 0.0296875 0.028125
0 0.98828125 0.78359375 0.0234375 0.0484375
0 0.98984375 0.73828125 0.0203125 0.046875
0 0.9703125 0.38203125 0.059375 0.1078125
0 0.990625 0.35 0.01875 0.04375
0 0.984375 0.353125 0.03125 0.06875
0 0.984375 0.175 0.03125 0.05
0 0.990625 0.2046875 0.01875 0.034375
0 0.98515625 0.184375 0.0296875 0.046875
0 0.9859375 0.14296875 0.028125 0.0421875
0 0.98828125 0.2765625 0.0234375 0.0375
0 0.97421875 0.10390625 0.0515625 0.0796875
0 0.97265625 0.184375 0.053125 0.1125
0 0.0859375 0.79765625 0.121875 0.096875
0 0.02734375 0.8953125 0.053125 0.11875
0 0.35078125 0.9625 0.1078125 0.075
0 0.48203125 0.9765625 0.0984375 0.046875
0 0.384375 0.98203125 0.0875 0.0359375
0 0.2796875 0.9765625 0.103125 0.046875
0 0.17109375 0.13515625 0.115625 0.0796875
0 0.859375 0.31171875 0.1640625 0.1375
0 0.9390625 0.3609375 0.121875 0.175
0 0.57890625 0.3921875 0.15625 0.175
0 0.95234375 0.95 0.0953125 0.096875