0 0.37265625 0.025 0.0734375 0.05
0 0.0078125 0.22578125 0.015625 0.03125
0 0.14375 0.01328125 0.04375 0.0265625
0 0.6046875 0.23515625 0.05 0.0421875
0 0.9890625 0.11015625 0.021875 0.040625
0 0.9890625 0.0078125 0.021875 0.015625
0 0.99296875 0.003125 0.0140625 0.00625
0 0.82578125 0.00703125 0.028125 0.0140625
0 0.6859375 0.00703125 0.028125 0.0140625
0 0.94453125 0.0046875 0.0265625 0.009375
0 0.91015625 0.00625 0.0359375 0.0125
0 0.14921875 0.50703125 0.0421875 0.034375
0 0.02890625 0.7828125 0.0421875 0.0296875
0 0.9921875 0.946875 0.015625 0.034375