0 0.05703125 0.06484375 0.1140625 0.1296875
0 0.1203125 0.8828125 0.240625 0.234375
0 0.07734375 0.91796875 0.153125 0.1640625
0 0.14609375 0.8578125 0.2921875 0.284375
0 0.11015625 0.875 0.2203125 0.25
0 0.071875 0.68984375 0.14375 0.2875
0 0.015625 0.98515625 0.03125 0.0296875
0 0.01484375 0.98125 0.0296875 0.0375
0 0.01171875 0.98828125 0.0234375 0.0234375
0 0.0140625 0.9828125 0.028125 0.034375
0 0.01484375 0.9796875 0.0296875 0.040625
0 0.0109375 0.98828125 0.021875 0.0234375
0 0.01484375 0.9828125 0.0296875 0.034375
0 0.00703125 0.98984375 0.0140625 0.0203125
0 0.00625 0.9921875 0.0125 0.015625
0 0.0078125 0.9921875 0.015625 0.015625
0 0.01484375 0.9859375 0.0296875 0.028125
0 0.0078125 0.98984375 0.015625 0.0203125
0 0.0078125 0.9890625 0.015625 0.021875
0 0.00625 0.99296875 0.0125 0.0140625
0 0.009375 0.9921875 0.01875 0.015625
0 0.00703125 0.99296875 0.0140625 0.0140625
0 0.01015625 0.98828125 0.0203125 0.0234375
0 0.01015625 0.98671875 0.0203125 0.0265625
0 0.0078125 0.9890625 0.015625 0.021875
0 0.01015625 0.9890625 0.0203125 0.021875
0 0.0078125 0.98984375 0.015625 0.0203125
0 0.01171875 0.9859375 0.0234375 0.028125
0 0.01171875 0.98828125 0.0234375 0.0234375
0 0.01015625 0.98828125 0.0203125 0.0234375
0 0.00703125 0.9921875 0.0140625 0.015625
0 0.00859375 0.98828125 0.0171875 0.0234375
0 0.00625 0.98984375 0.0125 0.0203125
0 0.01328125 0.98203125 0.025 0.0359375
0 0.015625 0.98125 0.03125 0.0375
0 0.009375 0.9859375 0.01875 0.028125
0 0.00625 0.99375 0.0125 0.0125
0 0.0046875 0.99453125 0.009375 0.0109375
0 0.00703125 0.99296875 0.0140625 0.0140625
0 0.009375 0.990625 0.01875 0.01875
0 0.0171875 0.9796875 0.034375 0.040625
0 0.01171875 0.9875 0.0234375 0.025
0 0.009375 0.990625 0.01875 0.01875
0 0.009375 0.9890625 0.01875 0.021875
0 0.00859375 0.98828125 0.0171875 0.0234375
0 0.00703125 0.9921875 0.0140625 0.015625
0 0.0078125 0.99296875 0.015625 0.0140625
0 0.0109375 0.98671875 0.021875 0.0265625
0 0.00703125 0.9921875 0.0140625 0.015625
0 0.009375 0.9890625 0.01875 0.021875
0 0.01171875 0.98515625 0.0234375 0.0296875
0 0.0140625 0.98515625 0.028125 0.0296875
0 0.01484375 0.98671875 0.0296875 0.0265625
0 0.0109375 0.984375 0.021875 0.03125
0 0.0109375 0.98828125 0.021875 0.0234375
0 0.0109375 0.9859375 0.021875 0.028125
0 0.01015625 0.9890625 0.0203125 0.021875
0 0.0078125 0.990625 0.015625 0.01875
0 0.01796875 0.98125 0.0359375 0.0375
0 0.009375 0.9890625 0.01875 0.021875
0 0.0390625 0.953125 0.078125 0.09375
0 0.19453125 0.98125 0.0734375 0.0375
0 0.17734375 0.984375 0.0515625 0.03125
0 0.24765625 0.98671875 0.04375 0.025
0 0.2578125 0.98828125 0.04375 0.0234375
0 0.278125 0.98515625 0.059375 0.0296875
0 0.321875 0.9828125 0.046875 0.034375
0 0.36015625 0.98828125 0.0390625 0.0234375
0 0.3546875 0.98515625 0.0625 0.0296875
0 0.36796875 0.9890625 0.046875 0.021875
0 0.40703125 0.990625 0.0296875 0.01875
0 0.57109375 0.9796875 0.053125 0.040625
0 0.50625 0.9890625 0.04375 0.021875
0 0.534375 0.990625 0.040625 0.01875
0 0.5078125 0.98984375 0.04375 0.0203125
0 0.321875 0.98515625 0.06875 0.0296875
0 0.60703125 0.9890625 0.034375 0.021875
0 0.70703125 0.984375 0.0703125 0.03125
0 0.65234375 0.9890625 0.03125 0.021875
0 0.79375 0.9828125 0.04375 0.034375
0 0.828125 0.95703125 0.1359375 0.0859375
0 0.73203125 0.98671875 0.05625 0.0265625
0 0.73984375 0.98984375 0.03125 0.0203125
0 0.66171875 0.9890625 0.0359375 0.021875
0 0.5953125 0.98671875 0.0421875 0.025
0 0.8890625 0.984375 0.05625 0.03125
0 0.93671875 0.9890625 0.0296875 0.021875
0 0.984375 0.99296875 0.0203125 0.0140625
0 0.97578125 0.9921875 0.028125 0.015625
0 0.99296875 0.990625 0.0140625 0.01875
0 0.94296875 0.9921875 0.025 0.015625
0 0.01484375 0.984375 0.0296875 0.03125
0 0.0078125 0.990625 0.015625 0.01875
0 0.0046875 0.9921875 0.009375 0.015625
0 0.009375 0.990625 0.01875 0.01875
0 0.0046875 0.9921875 0.009375 0.015625
0 0.0078125 0.98984375 0.015625 0.0203125
0 0.0078125 0.990625 0.015625 0.01875
0 0.00703125 0.98984375 0.0140625 0.0203125
0 0.00625 0.990625 0.0125 0.01875
0 0.0078125 0.99296875 0.015625 0.0140625
0 0.01015625 0.9890625 0.0203125 0.021875
0 0.009375 0.98984375 0.01875 0.0203125
0 0.01171875 0.9890625 0.0234375 0.021875
0 0.009375 0.9890625 0.01875 0.021875
0 0.01015625 0.98984375 0.0203125 0.0203125
0 0.01484375 0.98828125 0.0296875 0.0234375
0 0.01015625 0.9890625 0.0203125 0.021875
0 0.01875 0.971875 0.0375 0.05625
0 0.00625 0.98984375 0.0125 0.0203125
0 0.00703125 0.99296875 0.0140625 0.0140625
0 0.0078125 0.98984375 0.015625 0.0203125
0 0.00859375 0.98828125 0.0171875 0.0234375
0 0.009375 0.99296875 0.01875 0.0140625
0 0.0125 0.98828125 0.025 0.0234375
0 0.00859375 0.98828125 0.0171875 0.0234375
0 0.01015625 0.98828125 0.0203125 0.0234375
0 0.0078125 0.98984375 0.015625 0.0203125
0 0.01015625 0.98828125 0.0203125 0.0234375
0 0.01015625 0.9890625 0.0203125 0.021875
0 0.01015625 0.9890625 0.0203125 0.021875
0 0.009375 0.98671875 0.01875 0.0265625
0 0.0109375 0.92109375 0.021875 0.05
0 0.01015625 0.915625 0.0203125 0.04375
0 0.00703125 0.896875 0.0140625 0.034375
0 0.0109375 0.98515625 0.021875 0.0296875
0 0.01171875 0.9859375 0.0234375 0.028125
0 0.01171875 0.67265625 0.0234375 0.0609375
0 0.0109375 0.403125 0.021875 0.046875
0 0.0109375 0.3609375 0.021875 0.0625
0 0.0140625 0.39609375 0.028125 0.05625
0 0.0140625 0.3359375 0.028125 0.06875
0 0.01328125 0.31484375 0.025 0.053125
0 0.015625 0.371875 0.03125 0.075
0 0.01171875 0.0375 0.0234375 0.0625
0 0.021875 0.14375 0.04375 0.103125
0 0.00625 0.2328125 0.0125 0.0375
0 0.0171875 0.6328125 0.034375 0.0703125
0 0.01171875 0.71953125 0.0234375 0.0546875
0 0.0140625 0.9796875 0.028125 0.040625
0 0.0109375 0.98828125 0.021875 0.0234375
0 0.009375 0.98984375 0.01875 0.0203125
0 0.01796875 0.98125 0.0359375 0.0375
0 0.01171875 0.9859375 0.0234375 0.028125
0 0.009375 0.98671875 0.01875 0.0265625
0 0.01015625 0.990625 0.0203125 0.01875
0 0.0109375 0.990625 0.021875 0.01875
0 0.01171875 0.9828125 0.0234375 0.034375
0 0.0109375 0.98828125 0.021875 0.0234375
0 0.01171875 0.9859375 0.0234375 0.028125
0 0.00703125 0.98984375 0.0140625 0.0203125
0 0.0078125 0.9890625 0.015625 0.021875
0 0.00859375 0.98828125 0.0171875 0.0234375
0 0.00703125 0.9921875 0.0140625 0.015625
0 0.0109375 0.98671875 0.021875 0.0265625
0 0.01015625 0.99296875 0.0203125 0.0140625
0 0.0078125 0.990625 0.015625 0.01875
0 0.0078125 0.9890625 0.015625 0.021875
0 0.0140625 0.98515625 0.028125 0.0296875
0 0.21484375 0.98828125 0.0484375 0.0234375
0 0.26171875 0.98984375 0.046875 0.0203125
0 0.61796875 0.9703125 0.1078125 0.059375
0 0.65 0.990625 0.04375 0.01875
0 0.6453125 0.984375 0.06875 0.03125
0 0.825 0.984375 0.05 0.03125
0 0.7953125 0.990625 0.034375 0.01875
0 0.815625 0.98515625 0.046875 0.0296875
0 0.85703125 0.9859375 0.0421875 0.028125
0 0.721875 0.98828125 0.0375 0.0234375
0 0.89609375 0.97421875 0.0796875 0.0515625
0 0.815625 0.97265625 0.1125 0.0546875
0 0.20234375 0.0859375 0.096875 0.121875
0 0.1046875 0.02734375 0.11875 0.053125
0 0.03671875 0.35078125 0.0734375 0.1078125
0 0.02265625 0.48203125 0.0453125 0.0984375
0 0.01796875 0.384375 0.0359375 0.0875
0 0.02265625 0.2796875 0.0453125 0.103125
0 0.86484375 0.17109375 0.0796875 0.115625
0 0.68828125 0.859375 0.1375 0.1640625
0 0.6390625 0.9390625 0.175 0.121875
0 0.6078125 0.57890625 0.175 0.15625
0 0.0484375 0.95234375 0.096875 0.0953125