0 0.55 0.2359375 0.04765625 0.04375
0 0.70234375 0.415625 0.0359375 0.0359375
0 0.5953125 0.5546875 0.178125 0.18203125
0 0.3078125 0.584375 0.04375 0.04375
0 0.315625 0.74375 0.09609375 0.09609375
0 0.44921875 0.86328125 0.0578125 0.065625
0 0.121875 0.009375 0.03984375 0.01796875
0 0.65 0.05234375 0.06796875 0.06796875
0 0.9859375 0.2296875 0.028125 0.05234375
0 0.98671875 0.49296875 0.02578125 0.05
0 0.98671875 0.49375 0.02578125 0.04765625
0 0.9921875 0.41171875 0.015625 0.03984375
0 0.9828125 0.64375 0.034375 0.06015625
0 0.98984375 0.55234375 0.0203125 0.03984375
0 0.02109375 0.78671875 0.0421875 0.04609375
0 0.090625 0.62421875 0.06171875 0.03828125
0 0.1640625 0.68203125 0.05234375 0.05390625
0 0.0046875 0.95390625 0.009375 0.0453125
0 0.02421875 0.84375 0.034375 0.03203125
0 0.20390625 0.821875 0.04765625 0.03984375
0 0.24765625 0.16015625 0.07578125 0.05
0 0.31015625 0.08828125 0.0359375 0.03203125
0 0.44296875 0.12578125 0.08203125 0.06796875
0 0.9828125 0.359375 0.034375 0.0578125
0 0.98515625 0.390625 0.0296875 0.05