0 0.59375 0.93828125 0.046875 0.0625
0 0.54296875 0.98828125 0.0484375 0.0234375
0 0.56328125 0.9921875 0.0296875 0.015625
0 0.46328125 0.98984375 0.0375 0.0203125
0 0.48828125 0.9921875 0.0359375 0.015625
0 0.3671875 0.98515625 0.0625 0.0296875
0 0.4171875 0.9890625 0.05 0.021875
0 0.48828125 0.98984375 0.04375 0.0203125
0 0.69296875 0.584375 0.04375 0.0421875
0 0.06875 0.9796875 0.0703125 0.040625
0 0.19765625 0.984375 0.0609375 0.03125
0 0.13203125 0.98828125 0.0453125 0.0234375
0 0.14375 0.98671875 0.059375 0.025
0 0.21015625 0.92734375 0.05 0.046875
0 0.3640625 0.90625 0.065625 0.08125
0 0.38203125 0.9890625 0.040625 0.021875
0 0.9796875 0.76015625 0.040625 0.071875
0 0.98984375 0.98984375 0.0203125 0.0203125