0 0.025 0.37265625 0.05 0.075
0 0.22578125 0.0078125 0.03125 0.015625
0 0.01328125 0.14375 0.025 0.04375
0 0.23515625 0.6046875 0.0421875 0.05
0 0.11015625 0.9890625 0.040625 0.021875
0 0.0078125 0.9890625 0.015625 0.021875
0 0.003125 0.99296875 0.00625 0.0140625
0 0.00703125 0.82578125 0.0140625 0.028125
0 0.00703125 0.6859375 0.0140625 0.028125
0 0.0046875 0.94609375 0.009375 0.0265625
0 0.00625 0.91015625 0.0125 0.0359375
0 0.50703125 0.14921875 0.034375 0.0421875
0 0.7828125 0.028125 0.0296875 0.040625
0 0.946875 0.9921875 0.034375 0.015625