0 0.9890625 0.98984375 0.021875 0.0203125
0 0.98984375 0.97109375 0.0203125 0.0421875
0 0.990625 0.94296875 0.01875 0.0375
0 0.99375 0.85234375 0.0125 0.025
0 0.99375 0.82890625 0.0125 0.025
0 0.06875 0.790625 0.034375 0.0296875
0 0.1390625 0.76015625 0.0375 0.03125
0 0.8828125 0.7328125 0.0296875 0.034375
0 0.084375 0.64296875 0.0359375 0.034375
0 0.9859375 0.3828125 0.028125 0.046875
0 0.78125 0.3546875 0.05 0.0375
0 0.990625 0.29921875 0.01875 0.034375
0 0.9921875 0.28984375 0.015625 0.0359375
0 0.9890625 0.77421875 0.021875 0.0359375
0 0.99375 0.86015625 0.0125 0.028125
0 0.990625 0.928125 0.01875 0.0359375
0 0.990625 0.87578125 0.01875 0.0359375
0 0.98984375 0.990625 0.0203125 0.01875
0 0.959375 0.99296875 0.025 0.0140625
0 0.96328125 0.99375 0.0296875 0.0125
0 0.9203125 0.99609375 0.028125 0.0078125
0 0.921875 0.99296875 0.028125 0.0140625
0 0.98984375 0.9921875 0.0203125 0.015625
0 0.990625 0.99296875 0.01875 0.0140625
0 0.9921875 0.6921875 0.015625 0.028125
0 0.99609375 0.675 0.0078125 0.021875
0 0.9953125 0.621875 0.009375 0.025
0 0.98984375 0.540625 0.0203125 0.034375
0 0.990625 0.64375 0.01875 0.0359375
0 0.990625 0.57578125 0.01875 0.0359375
0 0.98984375 0.40234375 0.0203125 0.0359375
0 0.9828125 0.31171875 0.034375 0.0640625
0 0.9859375 0.425 0.028125 0.0421875
0 0.990625 0.19296875 0.01875 0.046875
0 0.990625 0.20234375 0.01875 0.03125
0 0.98984375 0.203125 0.0203125 0.0296875
0 0.98828125 0.12109375 0.0234375 0.0421875
0 0.9953125 0.1921875 0.009375 0.04375
0 0.98828125 0.0671875 0.0234375 0.03125
0 0.9921875 0.0109375 0.015625 0.021875
0 0.990625 0.009375 0.01875 0.01875
0 0.8328125 0.39375 0.040625 0.025
0 0.47109375 0.390625 0.0375 0.0359375
0 0.35703125 0.4546875 0.04375 0.0375
0 0.23203125 0.3421875 0.05 0.05
0 0.4078125 0.01171875 0.05 0.0234375
0 0.02109375 0.94375 0.0421875 0.04375
0 0.1859375 0.9890625 0.046875 0.021875
0 0.2046875 0.99296875 0.0375 0.0140625
0 0.825 0.8453125 0.046875 0.0421875
0 0.93125 0.40703125 0.046875 0.046875
0 0.72109375 0.09609375 0.0359375 0.0296875
0 0.96171875 0.14375 0.0625 0.05
0 0.98515625 0.225 0.0296875 0.046875
0 0.90546875 0.99453125 0.0265625 0.0109375
0 0.82421875 0.97265625 0.040625 0.0359375
0 0.990625 0.70234375 0.01875 0.03125
0 0.99375 0.68203125 0.0125 0.028125
0 0.64765625 0.85 0.028125 0.034375
0 0.625 0.8453125 0.028125 0.034375
0 0.6796875 0.8328125 0.0296875 0.025
0 0.6203125 0.7546875 0.034375 0.0296875
0 0.29765625 0.6890625 0.040625 0.0421875
0 0.26875 0.69921875 0.059375 0.021875
0 0.2859375 0.70703125 0.053125 0.0375
0 0.371875 0.9171875 0.0359375 0.034375
0 0.30625 0.9671875 0.0296875 0.025
0 0.3578125 0.91015625 0.021875 0.0140625
0 0.4671875 0.65078125 0.034375 0.021875
0 0.2859375 0.59921875 0.053125 0.0375
0 0.596875 0.646875 0.028125 0.025
0 0.74609375 0.496875 0.071875 0.059375
0 0.6859375 0.59375 0.04375 0.040625
0 0.79296875 0.6390625 0.0203125 0.0203125
0 0.7546875 0.58203125 0.021875 0.0140625
0 0.965625 0.70078125 0.025 0.021875
0 0.99296875 0.77265625 0.0140625 0.025
0 0.99375 0.47578125 0.0125 0.0203125
0 0.3921875 0.08984375 0.028125 0.025
0 0.3359375 0.03828125 0.025 0.025
0 0.32265625 0.021875 0.025 0.0203125
0 0.3890625 0.16484375 0.040625 0.0296875
0 0.48203125 0.25 0.053125 0.0359375
0 0.459375 0.353125 0.028125 0.025
0 0.36484375 0.146875 0.01875 0.0203125
0 0.37578125 0.1609375 0.025 0.025
0 0.37421875 0.1421875 0.028125 0.021875
0 0.3921875 0.1421875 0.025 0.025
0 0.2921875 0.12265625 0.025 0.0203125
0 0.03515625 0.2609375 0.0203125 0.0296875
0 0.03671875 0.23828125 0.025 0.025
0 0.10703125 0.01328125 0.0203125 0.021875
0 0.234375 0.121875 0.0296875 0.0296875
0 0.71484375 0.2390625 0.04375 0.0359375
0 0.98828125 0.30390625 0.021875 0.01875
0 0.9953125 0.15390625 0.009375 0.0203125
0 0.99296875 0.1953125 0.0140625 0.021875
0 0.0671875 0.31875 0.0640625 0.05
0 0.51484375 0.99609375 0.021875 0.0078125
0 0.64921875 0.99296875 0.0296875 0.0140625
0 0.6859375 0.99609375 0.025 0.0078125
0 0.9953125 0.08125 0.009375 0.021875
0 0.99296875 0.05234375 0.0140625 0.025
0 0.9921875 0.04296875 0.015625 0.025
0 0.99296875 0.0203125 0.0140625 0.03125