0 0.984375 0.15 0.03125 0.065625
0 0.9859375 0.98359375 0.028125 0.0328125
0 0.37109375 0.175 0.0625 0.0578125
0 0.9921875 0.98984375 0.015625 0.0203125
0 0.99296875 0.99296875 0.0140625 0.0140625
0 0.88984375 0.91171875 0.04375 0.04375
0 0.90234375 0.990625 0.03125 0.01875
0 0.75625 0.52421875 0.0421875 0.053125
0 0.64609375 0.91328125 0.046875 0.0546875
0 0.5921875 0.9921875 0.0203125 0.015625
0 0.559375 0.9890625 0.034375 0.021875
0 0.984375 0.9828125 0.03125 0.034375
0 0.99296875 0.98984375 0.0140625 0.0203125
0 0.99375 0.99375 0.0125 0.0125
0 0.94375 0.99375 0.025 0.0125
0 0.71015625 0.99375 0.025 0.0125
0 0.69453125 0.99453125 0.0203125 0.0109375
0 0.59609375 0.9921875 0.028125 0.015625
0 0.70234375 0.99296875 0.03125 0.0140625
0 0.31171875 0.9890625 0.046875 0.021875
0 0.20703125 0.99296875 0.034375 0.0140625
0 0.06171875 0.9796875 0.075 0.040625
0 0.078125 0.98984375 0.04375 0.0203125
0 0.06875 0.9921875 0.025 0.015625
0 0.43125 0.1453125 0.03125 0.034375
0 0.30703125 0.12109375 0.05 0.0375
0 0.20390625 0.040625 0.025 0.034375
0 0.24609375 0.659375 0.0375 0.05
0 0.225 0.790625 0.0359375 0.034375
0 0.25078125 0.96796875 0.025 0.03125
0 0.546875 0.83984375 0.025 0.028125
0 0.5046875 0.84296875 0.028125 0.025
0 0.51875 0.634375 0.0375 0.034375
0 0.42265625 0.621875 0.021875 0.034375
0 0.3 0.5109375 0.0421875 0.05625
0 0.43671875 0.521875 0.040625 0.05
0 0.43125 0.44296875 0.034375 0.04375
0 0.8796875 0.35625 0.046875 0.046875
0 0.2140625 0.715625 0.0421875 0.04375
0 0.12421875 0.57578125 0.05 0.0625
0 0.81875 0.7609375 0.040625 0.034375
0 0.99609375 0.1171875 0.0078125 0.021875
0 0.771875 0.121875 0.0421875 0.0703125
0 0.75078125 0.046875 0.034375 0.025
0 0.7921875 0.18125 0.034375 0.0359375