0 0.06484375 0.05703125 0.1296875 0.1140625
0 0.8828125 0.1203125 0.234375 0.240625
0 0.91796875 0.07734375 0.1640625 0.1546875
0 0.8578125 0.14609375 0.284375 0.2921875
0 0.875 0.11015625 0.25 0.2203125
0 0.68984375 0.071875 0.2890625 0.14375
0 0.98515625 0.01640625 0.0296875 0.0328125
0 0.98125 0.01484375 0.0375 0.0296875
0 0.98828125 0.0125 0.0234375 0.025
0 0.9828125 0.0140625 0.034375 0.028125
0 0.9796875 0.01484375 0.040625 0.0296875
0 0.98828125 0.0109375 0.0234375 0.021875
0 0.9828125 0.01484375 0.034375 0.0296875
0 0.98984375 0.00703125 0.0203125 0.0140625
0 0.9921875 0.00625 0.015625 0.0125
0 0.9921875 0.0078125 0.015625 0.015625
0 0.9859375 0.01484375 0.028125 0.0296875
0 0.98984375 0.0078125 0.0203125 0.015625
0 0.9890625 0.0078125 0.021875 0.015625
0 0.99296875 0.00625 0.0140625 0.0125
0 0.9921875 0.009375 0.015625 0.01875
0 0.99296875 0.00703125 0.0140625 0.0140625
0 0.98828125 0.01015625 0.0234375 0.0203125
0 0.98671875 0.01015625 0.025 0.0203125
0 0.9890625 0.0078125 0.021875 0.015625
0 0.9890625 0.01015625 0.021875 0.0203125
0 0.98984375 0.0078125 0.0203125 0.015625
0 0.9859375 0.0125 0.028125 0.025
0 0.98828125 0.0125 0.0234375 0.025
0 0.98828125 0.01015625 0.0234375 0.0203125
0 0.9921875 0.00703125 0.015625 0.0140625
0 0.98828125 0.01015625 0.0234375 0.0171875
0 0.98984375 0.00625 0.0203125 0.0125
0 0.98203125 0.01328125 0.0359375 0.025
0 0.98125 0.01640625 0.0375 0.0328125
0 0.9859375 0.009375 0.028125 0.01875
0 0.99375 0.00625 0.0125 0.0125
0 0.99453125 0.00546875 0.0109375 0.0109375
0 0.99296875 0.00703125 0.0140625 0.0140625
0 0.990625 0.009375 0.01875 0.01875
0 0.9796875 0.0171875 0.040625 0.034375
0 0.9875 0.0125 0.025 0.025
0 0.990625 0.009375 0.01875 0.01875
0 0.9890625 0.009375 0.021875 0.01875
0 0.98828125 0.01015625 0.0234375 0.0171875
0 0.9921875 0.00703125 0.015625 0.0140625
0 0.99296875 0.0078125 0.0140625 0.015625
0 0.98671875 0.0109375 0.025 0.021875
0 0.9921875 0.00703125 0.015625 0.0140625
0 0.9890625 0.009375 0.021875 0.01875
0 0.98515625 0.0125 0.0296875 0.025
0 0.98515625 0.0140625 0.0296875 0.028125
0 0.98671875 0.01484375 0.025 0.0296875
0 0.984375 0.0109375 0.03125 0.021875
0 0.98828125 0.0109375 0.0234375 0.021875
0 0.9859375 0.0109375 0.028125 0.021875
0 0.9890625 0.01015625 0.021875 0.0203125
0 0.990625 0.0078125 0.01875 0.015625
0 0.98125 0.01796875 0.0375 0.0359375
0 0.9890625 0.009375 0.021875 0.01875
0 0.953125 0.0390625 0.09375 0.078125
0 0.98125 0.19609375 0.0375 0.0734375
0 0.984375 0.17890625 0.03125 0.0515625
0 0.98671875 0.24765625 0.025 0.04375
0 0.98828125 0.2578125 0.0234375 0.04375
0 0.98515625 0.278125 0.0296875 0.059375
0 0.9828125 0.321875 0.034375 0.046875
0 0.98828125 0.36171875 0.0234375 0.0390625
0 0.98515625 0.3546875 0.0296875 0.0625
0 0.9890625 0.36796875 0.021875 0.046875
0 0.990625 0.40703125 0.01875 0.0296875
0 0.9796875 0.57109375 0.040625 0.053125
0 0.9890625 0.50625 0.021875 0.04375
0 0.990625 0.534375 0.01875 0.040625
0 0.98984375 0.5078125 0.0203125 0.04375
0 0.98515625 0.321875 0.0296875 0.06875
0 0.9890625 0.60703125 0.021875 0.034375
0 0.984375 0.70703125 0.03125 0.0703125
0 0.9890625 0.65234375 0.021875 0.03125
0 0.9828125 0.79375 0.034375 0.04375
0 0.95703125 0.828125 0.0859375 0.1359375
0 0.98671875 0.73203125 0.025 0.05625
0 0.98984375 0.73984375 0.0203125 0.03125
0 0.9890625 0.66171875 0.021875 0.0359375
0 0.98671875 0.5953125 0.025 0.0421875
0 0.984375 0.890625 0.03125 0.05625
0 0.9890625 0.93671875 0.021875 0.0296875
0 0.99296875 0.984375 0.0140625 0.0203125
0 0.9921875 0.97578125 0.015625 0.028125
0 0.990625 0.99296875 0.01875 0.0140625
0 0.9921875 0.94296875 0.015625 0.025
0 0.984375 0.01484375 0.03125 0.0296875
0 0.990625 0.0078125 0.01875 0.015625
0 0.9921875 0.00546875 0.015625 0.0109375
0 0.990625 0.009375 0.01875 0.01875
0 0.9921875 0.00546875 0.015625 0.0109375
0 0.98984375 0.0078125 0.0203125 0.015625
0 0.990625 0.0078125 0.01875 0.015625
0 0.98984375 0.00703125 0.0203125 0.0140625
0 0.990625 0.00625 0.01875 0.0125
0 0.99296875 0.0078125 0.0140625 0.015625
0 0.9890625 0.01015625 0.021875 0.0203125
0 0.98984375 0.009375 0.0203125 0.01875
0 0.9890625 0.0125 0.021875 0.025
0 0.9890625 0.009375 0.021875 0.01875
0 0.98984375 0.01015625 0.0203125 0.0203125
0 0.98828125 0.01484375 0.0234375 0.0296875
0 0.9890625 0.01015625 0.021875 0.0203125
0 0.971875 0.01953125 0.05625 0.0390625
0 0.98984375 0.00625 0.0203125 0.0125
0 0.99296875 0.00703125 0.0140625 0.0140625
0 0.98984375 0.0078125 0.0203125 0.015625
0 0.98828125 0.01015625 0.0234375 0.0171875
0 0.99296875 0.009375 0.0140625 0.01875
0 0.98828125 0.0140625 0.0234375 0.025
0 0.98828125 0.01015625 0.0234375 0.0171875
0 0.98828125 0.01015625 0.0234375 0.0203125
0 0.98984375 0.0078125 0.0203125 0.015625
0 0.98828125 0.01015625 0.0234375 0.0203125
0 0.9890625 0.01015625 0.021875 0.0203125
0 0.9890625 0.01015625 0.021875 0.0203125
0 0.98671875 0.009375 0.025 0.01875
0 0.92109375 0.0109375 0.05 0.021875
0 0.915625 0.01015625 0.04375 0.0203125
0 0.896875 0.00703125 0.034375 0.0140625
0 0.98515625 0.0109375 0.0296875 0.021875
0 0.9859375 0.0125 0.028125 0.025
0 0.67265625 0.0125 0.0609375 0.025
0 0.403125 0.0109375 0.0453125 0.021875
0 0.3609375 0.0109375 0.0625 0.021875
0 0.39609375 0.0140625 0.05625 0.028125
0 0.3359375 0.0140625 0.06875 0.028125
0 0.31484375 0.01328125 0.053125 0.025
0 0.371875 0.01640625 0.075 0.0328125
0 0.0375 0.0125 0.0625 0.025
0 0.14375 0.021875 0.103125 0.04375
0 0.2328125 0.00625 0.0375 0.0125
0 0.6328125 0.0171875 0.0703125 0.034375
0 0.71953125 0.0125 0.0546875 0.025
0 0.9796875 0.0140625 0.040625 0.028125
0 0.98828125 0.0109375 0.0234375 0.021875
0 0.98984375 0.009375 0.0203125 0.01875
0 0.98125 0.01796875 0.0375 0.0359375
0 0.9859375 0.0125 0.028125 0.025
0 0.98671875 0.009375 0.025 0.01875
0 0.990625 0.01015625 0.01875 0.0203125
0 0.990625 0.0109375 0.01875 0.021875
0 0.9828125 0.0125 0.034375 0.025
0 0.98828125 0.0109375 0.0234375 0.021875
0 0.9859375 0.0125 0.028125 0.025
0 0.98984375 0.00703125 0.0203125 0.0140625
0 0.9890625 0.0078125 0.021875 0.015625
0 0.98828125 0.01015625 0.0234375 0.0171875
0 0.9921875 0.00703125 0.015625 0.0140625
0 0.98671875 0.0109375 0.025 0.021875
0 0.99296875 0.01015625 0.0140625 0.0203125
0 0.990625 0.0078125 0.01875 0.015625
0 0.9890625 0.0078125 0.021875 0.015625
0 0.98515625 0.0140625 0.0296875 0.028125
0 0.98828125 0.21640625 0.0234375 0.0484375
0 0.98984375 0.26171875 0.0203125 0.046875
0 0.9703125 0.61796875 0.059375 0.1078125
0 0.990625 0.65 0.01875 0.04375
0 0.984375 0.646875 0.03125 0.06875
0 0.984375 0.825 0.03125 0.05
0 0.990625 0.7953125 0.01875 0.034375
0 0.98515625 0.815625 0.0296875 0.0484375
0 0.9859375 0.85703125 0.028125 0.0421875
0 0.98828125 0.7234375 0.0234375 0.0375
0 0.97421875 0.89609375 0.0515625 0.0796875
0 0.97265625 0.815625 0.053125 0.1125
0 0.0859375 0.20234375 0.121875 0.096875
0 0.02734375 0.1046875 0.0546875 0.11875
0 0.35078125 0.0375 0.1078125 0.075
0 0.48203125 0.0234375 0.0984375 0.046875
0 0.384375 0.01796875 0.0875 0.0359375
0 0.2796875 0.0234375 0.103125 0.046875
0 0.17109375 0.86484375 0.115625 0.0796875
0 0.859375 0.68828125 0.1640625 0.1390625
0 0.9390625 0.6390625 0.121875 0.175
0 0.57890625 0.6078125 0.15625 0.175
0 0.95234375 0.05 0.0953125 0.096875