0 0.45 0.7640625 0.046875 0.04375
0 0.29765625 0.584375 0.0359375 0.0359375
0 0.4046875 0.4453125 0.178125 0.18125
0 0.6921875 0.415625 0.04375 0.04375
0 0.684375 0.25625 0.096875 0.096875
0 0.55078125 0.13671875 0.0578125 0.065625
0 0.878125 0.990625 0.040625 0.01875
0 0.35 0.94765625 0.06875 0.06875
0 0.0140625 0.7703125 0.028125 0.053125
0 0.01328125 0.50703125 0.025 0.05
0 0.01328125 0.50625 0.025 0.046875
0 0.0078125 0.58828125 0.015625 0.040625
0 0.0171875 0.35625 0.034375 0.059375
0 0.01015625 0.44765625 0.0203125 0.040625
0 0.97890625 0.21328125 0.0421875 0.046875
0 0.909375 0.37578125 0.0625 0.0375
0 0.8359375 0.31796875 0.053125 0.053125
0 0.99453125 0.04609375 0.0109375 0.0453125
0 0.97578125 0.15625 0.034375 0.03125
0 0.79609375 0.178125 0.046875 0.040625
0 0.75234375 0.83984375 0.075 0.05
0 0.68984375 0.91171875 0.0359375 0.03125
0 0.5578125 0.87421875 0.08125 0.06875
0 0.0171875 0.640625 0.034375 0.0578125
0 0.01484375 0.609375 0.0296875 0.05