0 0.975 0.971875 0.05 0.05625
0 0.02734375 0.934375 0.053125 0.128125
0 0.025 0.93125 0.05 0.125
0 0.31796875 0.9046875 0.1078125 0.125
0 0.1 0.9 0.0921875 0.096875
0 0.4171875 0.728125 0.078125 0.1125
0 0.02734375 0.971875 0.053125 0.05625
0 0.02421875 0.503125 0.046875 0.1296875
0 0.9796875 0.45390625 0.040625 0.196875
0 0.48203125 0.38125 0.1875 0.18125
0 0.02421875 0.334375 0.046875 0.1359375
0 0.03203125 0.021875 0.0640625 0.04375
0 0.815625 0.971875 0.103125 0.05625
0 0.028125 0.47421875 0.05625 0.115625
0 0.01796875 0.50625 0.0359375 0.084375
0 0.02734375 0.60078125 0.053125 0.090625
0 0.10234375 0.67421875 0.1296875 0.1078125
0 0.0359375 0.74921875 0.071875 0.065625
0 0.02421875 0.6953125 0.046875 0.0859375
0 0.021875 0.79296875 0.04375 0.096875
0 0.02265625 0.115625 0.0453125 0.071875
0 0.021875 0.3078125 0.04375 0.115625
0 0.4359375 0.9140625 0.096875 0.1140625
0 0.3671875 0.971875 0.1296875 0.05625
0 0.4875 0.9703125 0.125 0.059375
0 0.109375 0.97421875 0.140625 0.0515625
0 0.02578125 0.97890625 0.0515625 0.0421875
0 0.0203125 0.97890625 0.040625 0.0421875
0 0.0234375 0.98125 0.046875 0.0375
0 0.8921875 0.36171875 0.1703125 0.13125
0 0.6609375 0.53125 0.146875 0.128125
0 0.5796875 0.7046875 0.121875 0.121875