0 0.21484375 0.5578125 0.4296875 0.884375
0 0.0390625 0.96484375 0.078125 0.0703125
0 0.6609375 0.1890625 0.06875 0.0625
0 0.91484375 0.428125 0.0203125 0.0203125
0 0.93203125 0.43828125 0.0203125 0.01875
0 0.93203125 0.415625 0.01875 0.01875
0 0.95234375 0.37578125 0.025 0.025
0 0.91171875 0.38125 0.015625 0.0140625
0 0.00703125 0.15078125 0.0140625 0.025
0 0.00625 0.009375 0.0125 0.01875
0 0.5140625 0.00625 0.0359375 0.0125
0 0.4671875 0.05390625 0.028125 0.028125
0 0.52578125 0.040625 0.03125 0.0359375
0 0.31875 0.98984375 0.0421875 0.0203125
0 0.21875 0.94765625 0.0375 0.0421875
0 0.215625 0.815625 0.0421875 0.0375
0 0.2328125 0.8796875 0.03125 0.040625
0 0.26015625 0.81796875 0.0375 0.0421875
0 0.10390625 0.99296875 0.028125 0.0140625
0 0.15703125 0.9875 0.0515625 0.025
0 0.8828125 0.24765625 0.053125 0.05
0 0.82578125 0.9921875 0.0359375 0.015625
0 0.22109375 0.0046875 0.0359375 0.009375
0 0.625 0.96328125 0.0359375 0.03125
0 0.975 0.9890625 0.05 0.021875
0 0.965625 0.640625 0.040625 0.040625