0 0.56328125 0.41171875 0.04375 0.040625
0 0.68203125 0.41171875 0.025 0.025
0 0.66796875 0.41484375 0.0125 0.0125
0 0.67265625 0.4296875 0.0203125 0.021875
0 0.65234375 0.4328125 0.0078125 0.009375
0 0.7328125 0.34921875 0.01875 0.015625
0 0.87734375 0.3546875 0.0296875 0.025
0 0.921875 0.371875 0.015625 0.0125
0 0.9953125 0.315625 0.009375 0.021875
0 0.715625 0.52578125 0.0203125 0.0203125
0 0.62109375 0.553125 0.021875 0.025
0 0.915625 0.9921875 0.040625 0.015625
0 0.1546875 0.98203125 0.0578125 0.0359375
0 0.06875 0.97109375 0.08125 0.0578125
0 0.44375 0.97890625 0.096875 0.0421875
0 0.53671875 0.9828125 0.0703125 0.034375
0 0.53515625 0.73984375 0.025 0.021875
0 0.2828125 0.5859375 0.0296875 0.025
0 0.9796875 0.97265625 0.040625 0.053125
0 0.97421875 0.975 0.0515625 0.05
0 0.9953125 0.4984375 0.009375 0.0125
0 0.98515625 0.11875 0.0296875 0.078125
0 0.76875 0.43671875 0.025 0.021875
0 0.79609375 0.42734375 0.0203125 0.015625
0 0.64609375 0.415625 0.015625 0.009375