0 0.10703125 0.1109375 0.2140625 0.221875
0 0.65703125 0.13515625 0.3578125 0.2703125
0 0.12890625 0.68984375 0.2578125 0.471875
0 0.18046875 0.0296875 0.1015625 0.059375
0 0.4203125 0.03671875 0.15625 0.0734375
0 0.58515625 0.02890625 0.096875 0.0578125
0 0.02734375 0.15703125 0.0546875 0.146875
0 0.02109375 0.1203125 0.0421875 0.075
0 0.021875 0.0296875 0.04375 0.059375
0 0.0296875 0.021875 0.059375 0.04375
0 0.02890625 0.02890625 0.0578125 0.0578125
0 0.02734375 0.021875 0.0546875 0.04375
0 0.03125 0.021875 0.0625 0.04375
0 0.53515625 0.38515625 0.071875 0.0875
0 0.490625 0.56328125 0.090625 0.0859375