0 0.37265625 0.975 0.07421875 0.05
0 0.0078125 0.77421875 0.015625 0.03203125
0 0.14375 0.98671875 0.04375 0.02578125
0 0.6046875 0.76484375 0.05 0.0421875
0 0.9890625 0.88984375 0.021875 0.03984375
0 0.9890625 0.9921875 0.021875 0.015625
0 0.99296875 0.996875 0.0140625 0.00625
0 0.82578125 0.99296875 0.028125 0.0140625
0 0.6859375 0.99296875 0.028125 0.0140625
0 0.94453125 0.99453125 0.0265625 0.0109375
0 0.91015625 0.99375 0.0359375 0.01171875
0 0.14921875 0.49296875 0.0421875 0.034375
0 0.02890625 0.21796875 0.0421875 0.0296875
0 0.9921875 0.053125 0.015625 0.034375