0 0.425 0.2578125 0.334375 0.33203125
0 0.665625 0.9796875 0.08828125 0.03984375
0 0.01484375 0.68984375 0.0296875 0.0640625
0 0.30078125 0.7421875 0.09765625 0.1
0 0.29765625 0.9828125 0.1078125 0.034375
0 0.95390625 0.6703125 0.0921875 0.13203125
0 0.97265625 0.71171875 0.05390625 0.0796875
0 0.9796875 0.66328125 0.03984375 0.07421875
0 0.453125 0.81171875 0.13984375 0.11796875
0 0.928125 0.5296875 0.14375 0.15625
0 0.6921875 0.30078125 0.1359375 0.12578125
0 0.85078125 0.234375 0.1578125 0.1203125