0 0.990625 0.35703125 0.01875 0.05
0 0.603125 0.67109375 0.03125 0.03125
0 0.66875 0.665625 0.046875 0.0421875
0 0.01953125 0.2 0.0390625 0.05
0 0.009375 0.1921875 0.01875 0.028125
0 0.009375 0.25703125 0.01875 0.0375
0 0.0078125 0.20234375 0.015625 0.028125
0 0.01015625 0.0109375 0.0203125 0.021875
0 0.684375 0.203125 0.040625 0.0375
0 0.03046875 0.87109375 0.0609375 0.0390625
0 0.575 0.309375 0.046875 0.0421875
0 0.08203125 0.26328125 0.05 0.040625
0 0.1828125 0.26875 0.0359375 0.034375
0 0.36484375 0.3203125 0.0375 0.0296875
0 0.3796875 0.696875 0.053125 0.053125
0 0.28515625 0.7671875 0.046875 0.0375
0 0.425 0.840625 0.05 0.046875
0 0.12890625 0.74296875 0.04375 0.040625
0 0.01328125 0.89765625 0.025 0.053125
0 0.0109375 0.81875 0.021875 0.0375