0 0.0109375 0.01015625 0.021875 0.0203125
0 0.01015625 0.02890625 0.0203125 0.0421875
0 0.009375 0.05703125 0.01796875 0.03828125
0 0.00625 0.14765625 0.01171875 0.02421875
0 0.00625 0.17109375 0.01171875 0.02578125
0 0.93125 0.209375 0.034375 0.0296875
0 0.8609375 0.23984375 0.03828125 0.03203125
0 0.1171875 0.2671875 0.0296875 0.034375
0 0.915625 0.35703125 0.0359375 0.034375
0 0.0140625 0.6171875 0.028125 0.04609375
0 0.21875 0.6453125 0.05 0.03828125
0 0.009375 0.70078125 0.01796875 0.034375
0 0.0078125 0.71015625 0.015625 0.0359375
0 0.0109375 0.22578125 0.021875 0.0359375
0 0.00625 0.13984375 0.01171875 0.028125
0 0.009375 0.071875 0.01796875 0.0359375
0 0.009375 0.12421875 0.01796875 0.0359375
0 0.01015625 0.009375 0.0203125 0.01796875
0 0.040625 0.00703125 0.02578125 0.0140625
0 0.03671875 0.00625 0.0296875 0.01171875
0 0.0796875 0.00390625 0.028125 0.0078125
0 0.078125 0.00703125 0.028125 0.0140625
0 0.01015625 0.0078125 0.0203125 0.015625
0 0.009375 0.00703125 0.01796875 0.0140625
0 0.0078125 0.3078125 0.015625 0.028125
0 0.00390625 0.325 0.0078125 0.021875
0 0.0046875 0.3765625 0.009375 0.025
0 0.01015625 0.459375 0.0203125 0.034375
0 0.009375 0.35625 0.01796875 0.0359375
0 0.009375 0.42421875 0.01796875 0.0359375
0 0.01015625 0.59765625 0.0203125 0.0359375
0 0.0171875 0.68828125 0.034375 0.0640625
0 0.0140625 0.575 0.028125 0.0421875
0 0.009375 0.80703125 0.01796875 0.04609375
0 0.009375 0.79765625 0.01796875 0.03203125
0 0.01015625 0.796875 0.0203125 0.0296875
0 0.01171875 0.87890625 0.0234375 0.0421875
0 0.0046875 0.8078125 0.009375 0.04375
0 0.01171875 0.93125 0.0234375 0.03125
0 0.0078125 0.9890625 0.015625 0.021875
0 0.009375 0.990625 0.01796875 0.01796875
0 0.1671875 0.60625 0.03984375 0.02578125
0 0.52890625 0.609375 0.03828125 0.0359375
0 0.64296875 0.5453125 0.04375 0.03828125
0 0.76796875 0.6578125 0.05 0.05
0 0.5921875 0.9875 0.05 0.025
0 0.97890625 0.05625 0.0421875 0.04375
0 0.8140625 0.0109375 0.04765625 0.021875
0 0.7953125 0.00703125 0.03828125 0.0140625
0 0.175 0.1546875 0.04765625 0.0421875
0 0.06875 0.59296875 0.04609375 0.04609375
0 0.27890625 0.90390625 0.0359375 0.0296875
0 0.03828125 0.85625 0.06171875 0.05
0 0.01484375 0.775 0.0296875 0.04609375
0 0.09453125 0.0046875 0.0265625 0.009375
0 0.17578125 0.02734375 0.03984375 0.0359375
0 0.009375 0.29765625 0.01796875 0.03203125
0 0.00625 0.31796875 0.01171875 0.028125
0 0.35234375 0.15 0.028125 0.034375
0 0.375 0.1546875 0.028125 0.034375
0 0.3203125 0.1671875 0.0296875 0.02421875
0 0.3796875 0.2453125 0.034375 0.0296875
0 0.70234375 0.3109375 0.03984375 0.0421875
0 0.73125 0.30078125 0.06015625 0.021875
0 0.7140625 0.29296875 0.05390625 0.03828125
0 0.628125 0.0828125 0.0359375 0.034375
0 0.69375 0.0328125 0.0296875 0.02421875
0 0.6421875 0.08984375 0.021875 0.0140625
0 0.5328125 0.34921875 0.034375 0.021875
0 0.7140625 0.40078125 0.05234375 0.03828125
0 0.403125 0.353125 0.028125 0.02578125
0 0.25390625 0.503125 0.071875 0.06015625
0 0.3140625 0.40625 0.04375 0.03984375
0 0.20703125 0.3609375 0.0203125 0.0203125
0 0.2453125 0.41796875 0.021875 0.0140625
0 0.034375 0.29921875 0.02421875 0.021875
0 0.00703125 0.22734375 0.0140625 0.02578125
0 0.00625 0.52421875 0.01171875 0.0203125
0 0.6078125 0.91015625 0.028125 0.02578125
0 0.6640625 0.96171875 0.02421875 0.02578125
0 0.67734375 0.978125 0.02421875 0.0203125
0 0.6109375 0.83515625 0.03984375 0.0296875
0 0.51796875 0.75 0.05234375 0.0359375
0 0.540625 0.646875 0.028125 0.02421875
0 0.63515625 0.853125 0.01796875 0.0203125
0 0.62421875 0.8390625 0.02421875 0.02578125
0 0.62578125 0.8578125 0.028125 0.021875
0 0.6078125 0.8578125 0.02421875 0.02421875
0 0.7078125 0.87734375 0.02421875 0.0203125
0 0.96484375 0.7390625 0.0203125 0.0296875
0 0.96328125 0.76171875 0.02578125 0.02421875
0 0.89296875 0.98671875 0.0203125 0.021875
0 0.765625 0.878125 0.0296875 0.0296875
0 0.28515625 0.7609375 0.04375 0.0359375
0 0.01171875 0.69609375 0.021875 0.01796875
0 0.0046875 0.84609375 0.009375 0.0203125
0 0.00703125 0.8046875 0.0140625 0.021875
0 0.9328125 0.68125 0.0640625 0.05
0 0.48515625 0.00390625 0.021875 0.0078125
0 0.35078125 0.00703125 0.0296875 0.0140625
0 0.3140625 0.00390625 0.02421875 0.0078125
0 0.0046875 0.91875 0.009375 0.021875
0 0.00703125 0.94765625 0.0140625 0.02421875
0 0.0078125 0.95703125 0.015625 0.02578125
0 0.00703125 0.9796875 0.0140625 0.03203125